200000
1 189854 88323
1 146195 130694
1 92135 65800
1 132313 43017
2 74073
1 151640 126365
1 76543 99231
1 95959 103437
1 123744 24853
1 124745 55751
1 3668 141651
1 113629 163458
1 66292 61434
1 129230 148089
1 144832 12414
1 195761 88733
2 157393
1 88083 83515
1 1655 74241
1 6748 164054
2 134064
2 43574
1 148261 185275
1 17915 107511
1 174678 3611
1 149072 86833
2 169704
1 154241 159220
1 43067 94076
1 180892 134433
1 95831 51616
1 44456 197466
1 127416 43290
1 138836 96025
1 76398 101170
1 45466 107514
1 195981 85762
1 54790 78953
1 80926 32642
1 148420 18377
1 91845 1551
1 68654 69862
1 147571 155004
1 148694 83485
1 165965 188828
1 85457 49738
1 28443 64910
1 19076 14835
2 135733
2 101466
1 150579 48588
1 27562 159911
1 97961 146440
1 146427 62326
1 174817 114090
1 125382 91351
1 189955 84372
1 188699 6591
1 36602 63926
1 161054 103472
1 72552 110496
2 104788
2 153431
1 197384 170981
1 20810 160126
1 146905 196395
1 73353 121418
2 111932
1 149307 67420
1 93285 87595
1 183961 188638
1 122074 20019
1 186570 24580
1 189311 56265
1 168401 13828
1 28325 336
1 47461 140676
1 90219 40297
1 54973 153025
1 68017 77053
2 117147
1 79468 122050
2 19441
1 32698 126640
1 176933 98481
1 160196 40995
1 66464 83014
2 58108
1 118890 128698
2 127653
1 92894 39447
1 22118 34634
2 179320
2 152238
1 60714 184247
1 68735 152658
1 95278 119484
1 82143 71676
1 72875 119085
1 27177 100859
2 76335
1 147838 116894
1 15912 110923
1 24768 49251
1 79776 192674
1 132354 155883
2 16406
1 140756 17079
1 65783 58808
1 170350 163651
1 139177 52479
1 31266 86077
1 174578 157783
1 11827 189316
1 43614 69778
1 173672 174981
1 46029 94861
1 128191 4043
1 47681 74082
1 165712 166728
1 22886 157135
1 166463 71906
2 6371
1 15683 26407
1 72184 176416
2 166692
1 105753 181656
1 174012 163917
1 31091 6523
1 138499 172427
2 135360
1 102394 87904
1 98058 110753
1 116884 186131
2 121347
1 115533 79012
1 94689 1381
1 175158 16359
1 91549 146515
1 129500 196342
1 33525 192140
1 126001 165068
1 14325 106700
1 98698 147733
2 136346
2 132344
1 59321 20105
1 31729 172615
1 23145 190763
2 24425
1 75574 77161
1 67056 196776
1 162699 48671
1 127387 113613
1 185819 53979
2 162329
1 164981 3581
1 148499 49630
1 131400 112229
1 98330 19176
1 103944 81547
1 82274 169222
1 110179 49883
1 30465 161769
1 9711 21150
2 53387
1 98398 128493
1 47396 185159
1 62663 63328
1 186315 40467
2 176674
2 71709
2 11347
1 193433 16470
1 141390 77279
1 98284 179444
1 8774 70701
1 10015 78352
1 153170 32124
1 152992 148301
2 55678
2 8941
1 196752 156040
1 17625 34969
1 191247 76378
1 161317 90930
1 90140 186318
1 30985 61474
1 89585 115988
1 66315 6535
1 15806 187399
1 72388 107384
2 184944
1 186182 66956
1 23895 198661
1 192388 37797
1 62411 156814
2 112028
2 197002
1 58499 118662
2 33899
1 100587 127884
1 104681 101820
1 51918 172303
1 51540 190843
1 15023 9526
1 144220 6737
1 114938 176450
1 115745 180698
2 1717
2 174099
1 92751 9345
1 51580 91793
1 92725 83561
2 51133
1 16321 122437
1 14738 185631
1 172798 65563
2 121522
1 69658 47460
1 53550 38311
1 137402 16801
1 119696 19671
1 176577 10638
1 110600 140786
1 10641 78397
1 12432 51741
1 148387 169858
1 125166 67232
1 192377 65093
1 4602 67219
1 8199 188038
1 196333 140358
1 164510 4081
1 7852 160240
1 158105 72741
1 44501 179226
1 16843 127295
1 103050 174796
1 40167 194668
1 67323 138872
1 137778 162287
1 174200 117798
1 58406 54447
1 100982 180640
1 9768 45636
1 77409 46559
1 182381 32707
1 15844 161397
1 39848 128968
1 132021 126011
1 115575 170435
1 194724 23549
1 26766 176006
1 136548 22181
1 129891 185742
1 84699 50662
1 30683 39887
1 183719 160362
1 70773 14405
1 169457 146493
1 183989 129656
1 8758 29498
1 149268 109327
1 123539 52087
1 80294 45080
1 74192 108845
1 113931 49943
2 55601
1 93927 170330
1 119855 66489
1 13186 132491
1 29462 186367
1 102685 176868
1 22397 115573
1 50592 101606
2 107365
1 16271 161056
1 10552 65372
2 98430
1 75156 29443
1 116306 185956
1 131760 188
1 119640 39388
1 105007 31096
1 151124 15671
2 199561
1 112432 158047
1 35100 148793
1 23242 16064
1 11485 8037
1 44848 190459
1 159096 12243
1 19589 59038
1 73617 125961
1 166039 74888
1 169194 94853
1 89354 139258
1 94117 195935
1 81988 5603
1 45207 160954
2 114395
1 37502 97424
1 45181 129340
1 160184 148072
1 78455 21276
1 196937 186699
1 172216 29476
1 74561 97288
2 138672
1 135040 102898
1 191104 160767
1 82293 123934
1 58303 42049
1 51939 5535
1 144073 61146
1 40841 119510
1 68228 153540
1 180606 86038
1 98926 121046
1 150591 108049
1 123267 62551
1 105911 111746
1 91440 11075
2 113038
1 76841 66173
2 141432
1 104308 20167
1 55029 91979
1 78186 86205
1 98427 138513
2 69213
1 105863 150149
1 199779 35024
1 112230 150430
2 139766
1 61047 118163
1 182165 56490
1 184440 143503
1 130427 168605
1 58704 87786
1 88432 68043
1 191219 63210
1 179004 181908
1 114044 116417
2 22515
1 102654 191681
1 54909 149855
1 119719 52956
1 172259 15213
1 148008 132662
2 51813
1 25123 87257
1 34426 113345
1 84230 84911
2 35841
1 120824 164993
2 38999
1 74276 121592
1 174786 9021
1 53234 3260
1 52813 178124
1 47039 107419
1 81139 52171
1 172255 161216
1 2643 144614
2 189003
1 41810 194870
1 163149 125874
1 183648 166643
1 154171 30148
1 114604 72292
1 54320 183995
1 41656 161098
1 126077 12394
1 21859 62524
1 11695 72010
1 76723 99222
1 111801 60291
1 106466 106591
1 88866 136632
2 197803
1 14730 188395
1 24404 125526
1 23970 184707
1 4661 37954
1 28196 41135
2 195237
1 142846 95523
1 72089 152259
1 4048 140901
1 12063 144706
1 192496 10867
1 193613 110032
1 146683 32222
1 4283 176839
1 1883 79315
1 179936 664
1 63285 93920
1 76635 77172
2 79828
1 167217 119165
1 167908 145941
2 7788
1 22891 57268
2 104278
1 53394 139266
1 183573 165597
1 21915 65013
1 17463 62287
2 110737
1 126619 112598
1 147562 120832
1 101865 61056
1 52185 129457
2 109539
1 89343 107444
1 155664 53810
1 141119 82989
1 147443 5724
1 128783 61004
1 23012 85510
1 106852 162778
1 83079 54282
1 80938 27602
2 160336
1 84135 157963
1 5935 118836
1 155774 171583
1 86634 197328
1 187620 170197
1 69184 81943
2 166723
1 86179 112053
1 173754 188778
2 10961
1 182322 74370
1 61476 153445
1 43817 40258
1 180773 173549
1 41002 194692
1 49380 131204
1 166445 12718
1 79232 110461
1 157128 165134
2 96065
1 2704 13531
1 95649 147559
1 49000 191994
1 182087 157114
1 102330 66720
1 77934 141647
1 80783 23313
1 47226 98520
1 163473 92752
1 81707 169968
1 198996 30659
1 124751 58405
1 14053 87715
1 182053 21062
1 172631 115688
2 60180
1 106329 30282
1 186991 120077
1 55513 179263
1 193250 115262
1 126093 81562
1 175347 85625
1 130989 40502
1 34811 180131
1 181351 157295
1 161239 119265
1 38283 104939
1 39094 172800
1 101751 94251
1 54241 127588
1 52358 86353
2 80268
1 95391 45557
1 106165 164188
1 41897 136854
1 132222 159928
1 27900 70776
1 24132 138005
1 135377 126230
1 49744 187965
1 65280 97726
1 199080 65568
1 91206 72389
1 13751 198813
1 109974 119146
1 34426 92178
2 11810
1 5701 127149
2 129407
1 123967 179037
1 146310 2519
1 33443 86235
1 27863 63077
1 193831 33800
1 112283 186560
1 131141 45092
1 32910 171153
1 144688 182828
1 116658 128833
1 11836 101101
1 8729 120480
1 19148 53642
1 52466 99095
1 45179 107210
1 25619 2640
1 162126 173478
1 156614 34339
1 165914 94417
1 175447 180613
1 51570 53575
1 13852 11692
1 65172 95387
1 50181 61574
1 89044 175100
1 103654 137754
1 40649 54856
1 71234 179262
1 107318 58388
1 122906 17659
1 164795 53177
1 50103 66238
2 55932
1 8787 16948
1 59000 11090
1 173064 99407
1 144070 180913
1 141284 199217
1 167215 161498
1 17878 12539
1 101248 81154
1 14699 10259
1 145870 150722
1 81971 153711
1 99649 33152
1 191217 112226
1 88418 183901
1 124743 133797
1 198246 69024
1 86560 188903
1 149434 57059
1 52383 26903
2 79377
2 115470
1 119217 130895
1 96175 23170
1 37767 85922
1 33170 100021
1 148946 26970
1 148928 115367
1 61497 64272
1 103746 34258
2 66849
1 162755 94971
1 128039 105909
1 127568 63314
1 161292 122232
1 62563 29413
2 147177
1 25975 57023
2 111236
1 104501 106550
1 16683 68514
1 182082 23993
1 148188 106446
1 37883 105776
1 139868 68060
1 110584 80692
1 23829 71095
1 49776 85557
1 61675 66288
1 152769 149926
1 188842 69957
1 146622 116135
1 189104 51
1 69754 154867
1 126999 132862
1 31188 106571
1 60518 150399
1 158404 18146
1 42744 115184
1 123813 59658
1 25964 86965
2 22147
1 79214 51151
1 54361 10086
1 97414 56071
1 48797 50655
1 38392 82817
2 117410
1 73012 187977
1 5222 149554
1 67362 138206
1 15122 163669
1 42342 128785
1 157427 165829
1 25268 119669
1 161842 99989
1 110016 101671
1 34697 17245
1 94441 109656
1 171845 131048
1 105697 46425
1 183324 18209
1 106144 75622
1 183535 23036
1 62601 132213
1 60897 149665
1 55645 155584
1 196121 178014
1 187615 116241
1 124307 134221
1 52743 3021
1 58861 129411
2 101354
1 120909 187057
1 15646 52074
2 39964
1 27393 8489
1 91372 34975
1 2146 153074
1 187439 75527
1 111764 107330
1 73832 81208
1 3427 174466
2 134180
1 97450 126044
1 150350 23581
2 141561
1 67616 75123
1 103273 95545
2 143516
1 99060 48205
1 20182 18463
1 163429 101151
1 93499 175782
1 161048 51852
1 38263 157655
2 143147
1 120620 88452
2 22060
1 198487 104141
1 39526 139795
1 114365 188317
1 76741 523
1 173801 99261
1 35692 89104
2 165629
1 1144 49725
1 128141 132257
1 115784 98828
1 71416 29417
1 135213 34346
1 171124 92228
1 153144 124720
1 12531 137702
1 15331 128137
1 196994 127479
1 158396 62019
1 95759 445
2 80343
1 4270 144316
1 108406 41909
1 49910 199971
1 15778 106479
1 1425 28202
1 199885 73511
1 136743 182153
1 168464 125809
1 129073 12761
1 18214 74749
2 120816
1 149466 191676
1 60104 190351
1 173873 132984
1 17520 32213
1 135561 101837
1 142356 62927
1 72757 76541
1 70615 24061
1 22748 39407
1 70338 165692
1 18346 72435
1 195276 65204
1 156279 126419
1 103210 42178
1 8949 12253
2 192279
1 154566 50013
1 37965 19046
1 63574 141595
1 23422 111749
1 94369 31929
1 85127 78292
1 102125 58505
1 163437 65894
2 4087
2 77805
1 90391 16018
1 126990 49509
1 197007 123312
1 163626 73357
1 53397 47830
1 135518 120901
1 178967 141382
1 146886 47837
1 39864 105586
1 135887 13153
1 145692 39587
1 178404 40870
1 92336 166572
1 177757 181011
1 64317 102670
1 103716 26483
1 144301 152877
1 169319 149242
1 140766 87987
1 42244 124757
1 92072 9283
1 46514 166391
1 186601 26657
1 2988 190689
1 114329 194463
1 172835 147313
2 74506
2 96474
1 196142 113195
1 101271 157104
1 56403 74022
1 165321 150410
1 45658 142587
1 71716 139925
1 110027 103891
1 140757 42194
1 137732 91658
1 91746 43938
1 183818 19674
1 128465 74065
1 72529 182470
2 123541
1 123121 112905
1 114154 34750
1 145360 86889
1 178906 72416
1 139105 23104
1 19292 147332
1 15571 89913
1 41215 183438
1 65689 19759
1 125315 133807
1 115026 69297
1 79524 128204
1 104187 46423
1 181286 107886
1 128212 62022
1 85026 127915
1 13520 176000
1 171281 173588
1 6720 71471
1 63769 47456
1 43586 135923
1 106454 150808
1 157670 122665
1 183658 187653
1 119393 3775
1 132488 157719
1 49590 164469
1 58365 19159
1 195488 82998
1 20480 36047
2 166149
1 47935 64891
1 61843 101143
1 104662 173018
1 3298 72205
1 171095 4627
2 135290
1 86915 68399
1 87134 7863
1 112642 169863
2 124000
1 54398 47186
1 44922 178855
1 31201 66600
1 81438 42717
1 118353 23998
1 72332 57487
1 138580 184029
1 64770 177366
1 153824 1132
1 47259 77833
1 128205 64954
2 106721
1 93101 183353
1 133719 105365
1 35690 19962
1 62839 53374
1 193962 183241
1 154528 49072
1 61237 159532
1 24181 122463
2 166516
1 160583 16312
1 194243 99260
1 29744 197045
1 122524 55195
1 66130 150061
1 170200 24610
1 125871 61893
1 147795 72627
1 188892 135600
1 77980 181901
1 23053 92442
1 66786 104341
1 26147 171542
1 117659 68071
1 164985 88202
1 2998 119902
1 165610 13850
1 155332 144096
1 151655 178066
1 112738 166381
1 184439 155095
1 26282 46760
1 66895 9552
1 61658 142822
1 5845 174416
1 40453 138999
1 111407 82312
1 122361 81523
1 183505 47275
1 184816 39943
1 62791 189793
1 161658 150464
1 61759 65903
1 168810 187095
1 9370 46822
1 134080 46653
1 181620 23820
1 89687 177768
1 66930 48840
1 174608 40286
1 153547 30673
1 128638 176193
1 151450 105177
1 63892 20316
1 40291 57781
1 177163 195885
1 2595 173712
1 163672 175347
1 96285 166609
1 183053 67258
1 69282 161674
1 53774 3620
1 35233 18274
1 123575 179065
1 146927 19525
1 73164 123122
1 160023 192970
1 150369 80067
1 120294 47973
1 11595 173095
1 114480 79758
1 9990 36592
1 149671 156977
1 56360 67983
1 194205 35223
1 172358 192480
1 29847 192596
1 193380 128185
1 132629 142515
1 84643 92788
1 74398 119775
1 63398 118715
1 122897 158291
1 177285 34708
1 199082 157316
1 34934 182573
1 54161 121996
1 75704 163497
1 129705 151514
1 57730 162347
1 11158 189785
1 115115 155234
1 193296 53214
1 109850 99541
1 181736 60501
1 107697 36401
1 55897 62638
1 33654 71185
1 1232 14788
1 43330 102989
1 45694 32526
1 34157 106885
1 29725 189001
1 190073 187695
1 33921 195813
1 153150 90848
1 67937 178607
1 183509 117079
1 151590 17342
1 58121 127632
1 51763 110690
1 54971 88455
1 132981 61450
1 55508 36427
1 1837 170165
1 37488 141317
1 154043 91419
1 48136 164808
1 76397 42588
1 13217 173019
1 66312 81832
1 194100 114181
1 55702 49649
1 30365 1752
1 174960 138574
1 41863 118721
1 83470 115377
1 93463 29583
1 73741 123915
1 4056 118593
1 172543 186750
1 153191 70293
1 120057 147587
1 13088 34894
1 75736 189021
1 264 16133
1 176406 36221
1 86140 36275
1 186444 82999
1 65753 190333
1 25671 42085
1 108910 39041
1 114512 184538
1 128095 36384
1 176630 44681
1 35674 84428
1 132511 80759
1 90751 71828
1 31695 107870
1 185739 186094
1 55863 1571
1 94918 42116
1 37762 142971
1 159086 143489
1 120924 25689
1 355 5533
1 48835 6235
1 112916 135271
1 35602 5109
1 88425 122451
1 115083 56477
1 69490 167812
1 77348 107768
1 67920 6171
1 77782 54277
1 57891 174592
1 189538 153480
1 72947 150064
1 127844 92730
1 13026 130824
1 66589 149359
1 108434 55505
1 47611 13960
1 143890 59468
1 124395 25178
1 56463 117375
1 147554 7709
1 91513 158784
1 7463 122777
1 13107 98562
1 175909 93006
1 115710 4829
1 65328 160099
1 5736 124131
1 122262 39186
1 186417 20064
1 10663 48081
1 118398 5936
1 178184 140035
1 99841 56520
1 146420 29281
1 77096 84157
1 101203 183907
1 109509 182937
1 67328 98738
1 171838 146976
1 136021 115091
1 83254 156893
1 199738 189836
1 105659 45042
1 62253 55067
1 50673 172640
1 179156 149720
1 99582 71955
1 128577 191526
1 169976 139250
1 151876 87010
1 158796 117157
1 50167 161285
1 23599 194983
1 186630 181468
1 118026 17869
1 33214 176938
1 199778 158871
1 58199 102939
1 73797 60024
1 116996 40557
1 174843 182944
1 84154 57306
1 135788 52498
1 99262 97737
1 20494 145826
1 25524 12277
1 146387 128142
1 116006 46301
1 162512 16769
1 190546 47213
1 122288 27235
1 155703 195501
1 143833 182628
1 138144 65961
1 194655 9226
1 41137 172192
1 152552 113786
1 21233 185968
1 48863 144772
1 60057 183746
1 131037 71281
1 148124 49714
1 118997 75088
1 24759 176833
1 195262 197567
1 110971 148863
1 94662 128951
1 101400 174834
1 165621 151836
1 184428 108236
1 23583 169667
1 7308 182988
1 70415 142724
1 98258 92211
1 68079 154689
1 36776 18602
1 155836 80375
1 21907 27121
1 58410 98373
1 184131 155275
1 5523 167994
1 70426 73640
1 26534 41572
1 13498 64147
1 25869 185174
1 64148 65693
1 51871 12025
1 154414 32393
1 86407 29974
1 78197 66681
1 85620 8994
1 197827 164121
1 172035 7179
1 78706 53963
1 128426 26882
1 52193 139858
1 69926 152842
1 110086 191874
1 20582 24960
1 106421 177127
1 103481 38698
1 47728 99636
1 74869 116548
1 131951 86640
1 180906 141001
1 71857 135516
1 120839 192191
1 84739 198887
1 4874 190150
1 108432 195926
1 47469 3682
1 74282 23854
1 186766 3462
1 80408 50979
1 61472 36323
1 27232 109638
1 192849 156593
1 168151 63530
1 198139 153981
1 129446 89175
1 55823 137972
1 164254 14771
1 67006 179183
1 27648 191085
1 44201 89343
1 175110 165099
1 30283 135802
1 82102 148023
1 163109 167879
1 125607 3941
1 127915 14054
1 189460 75592
1 134637 16515
1 183009 119765
1 108808 193852
1 128556 22743
1 178829 50480
1 106262 138837
1 157618 142987
1 154705 71681
1 112504 102799
1 139307 161251
1 14684 135845
1 145500 164677
1 57538 91236
1 40972 112479
1 153439 52065
1 155753 89989
1 63013 74807
1 69927 170639
1 91572 134680
1 101208 457
1 161342 108117
1 38959 107356
1 170043 44522
1 189967 131837
1 66639 50958
1 71512 122324
1 28153 82745
1 169268 94896
1 99709 158710
1 184863 96297
1 14099 24619
1 52150 104149
1 3217 102374
1 7617 196206
1 63959 140330
1 93123 199427
1 22009 21498
1 93569 15007
1 199154 65573
1 87761 181367
1 167878 19731
1 197605 114456
1 168568 137870
1 187607 88976
1 32430 29972
1 180023 85147
1 114465 174492
1 129683 23824
1 7498 179367
1 89286 6092
1 95177 142025
1 86084 123167
1 24790 97720
1 88101 63478
1 71149 28308
1 60272 59785
1 44278 36086
1 81193 97414
1 22899 163326
1 182429 41085
1 122029 30871
1 16621 68045
1 160 191246
1 106521 118670
1 183526 143891
1 25167 185984
1 18914 75214
1 150708 162484
1 54381 187878
1 132978 164665
1 53830 85774
1 138371 44874
1 175029 16849
1 136573 94006
1 27840 148638
1 49437 130959
1 78418 146903
1 54040 28823
1 144872 51735
1 198112 136103
1 99006 19522
1 1012 129314
1 100026 7761
1 162283 146457
1 166550 150813
1 42433 138496
1 16915 169899
1 53475 99281
1 1180 109753
1 105016 36415
1 192761 165577
1 102768 107358
1 70069 77675
1 74001 39121
1 124753 9359
1 167743 187443
1 109355 57931
1 141708 178506
1 41513 178089
1 62272 52904
1 4586 140404
1 62314 105379
1 188974 199428
1 80231 137720
1 22788 73673
1 22514 30523
1 136628 177108
1 86766 197379
1 177455 84972
1 149743 79571
1 97012 146255
1 85903 46411
1 57859 176006
1 87855 89487
1 13767 135214
1 185164 3640
1 117119 8388
1 49732 72954
1 33582 152369
1 117416 198550
1 133955 56214
1 197 105601
1 92747 105498
1 27502 22612
1 87894 138929
1 4363 38965
1 51687 152878
1 146151 56709
1 31520 163468
1 153014 161867
1 55724 136569
1 38950 189217
1 141294 157349
1 32104 100766
1 127210 154953
1 198142 20035
1 135475 127675
1 127239 199081
1 128597 44273
1 113864 69290
1 36035 28883
1 54653 175439
1 31299 146565
1 153696 34619
1 110040 24309
1 112441 99541
1 129648 100834
1 137319 150075
1 127952 124142
1 1005 148133
1 29884 83429
1 69632 170007
1 181483 70990
1 194000 64843
1 63722 24689
1 43157 71518
1 172495 141289
1 10908 46970
1 30945 195116
1 63314 197699
1 138181 53336
1 163663 71814
1 164844 158400
1 101542 145182
1 108923 61944
1 185964 147368
1 10107 92445
1 187719 149162
1 122882 79271
1 113017 84031
1 39778 181235
1 85549 153991
1 177040 195532
1 23937 40204
1 184919 179578
1 186900 130039
1 42238 25038
1 25489 26996
1 64438 132524
1 92348 74082
1 173641 67226
1 44797 163200
1 198655 175880
1 29162 122452
1 193682 5152
1 35546 61086
1 61589 19599
1 79527 74172
1 114272 105044
1 187651 187295
1 145854 63560
1 188030 36013
1 161627 55535
1 164246 49464
1 189928 188798
1 165377 198175
1 119760 45101
1 68791 120323
1 187040 186430
1 142466 137517
1 114418 115278
1 41354 165182
1 135195 2460
1 52444 133975
1 187349 174168
1 142523 147017
1 90735 111597
1 99817 38399
1 75251 102929
1 24247 63146
1 171032 60045
1 68108 135982
1 20522 9544
1 10482 78155
1 99574 58712
1 9191 4302
1 79802 191883
1 56162 107704
1 198604 125043
1 37859 130991
1 114761 134512
1 67712 84132
1 9729 28930
1 53421 151684
1 93408 71951
1 84556 22499
1 141856 184241
1 167029 171813
1 116782 82308
1 133703 59374
1 96729 131950
1 163952 653
1 1986 9647
1 157305 178213
1 193792 82411
1 61077 159387
1 189203 21238
1 35691 109254
1 54987 109919
1 32289 133204
1 140153 4991
1 74028 149369
1 29399 67331
1 39893 43549
1 7027 143160
1 34382 71046
1 121121 182231
1 157045 100163
1 96034 37330
1 46184 66715
1 193999 92317
1 166089 172405
1 87178 127743
1 164435 24137
1 160935 124891
1 52190 83655
1 53206 41338
1 73327 41989
1 84820 24475
1 186308 169519
1 54355 29245
1 2334 65130
1 20647 79660
1 60879 41673
1 164210 84427
1 18182 135923
1 49169 178208
1 64216 17300
1 56136 187622
1 121489 46532
1 146412 180238
1 192508 147637
1 104336 152407
1 167663 26528
1 9393 196880
1 23065 180017
1 64933 96043
1 97488 155698
1 163265 166660
1 121622 20085
1 102538 54642
1 106540 6854
1 115615 182093
1 126042 190992
1 132452 102528
1 68925 128399
1 109746 1105
1 57810 142454
1 148093 160687
1 3905 94497
1 14533 51771
1 195181 30077
1 30721 100377
1 171835 108406
1 170696 77944
1 167521 178017
1 108290 190560
1 112562 83051
1 37711 70652
1 152102 79489
1 78582 71400
1 11950 103041
1 198993 50620
1 116856 63714
1 10870 132953
1 100480 125663
1 128680 88755
1 99416 154473
1 56127 143328
1 105400 36557
1 102165 63136
1 13321 96611
1 25843 89901
1 87663 1785
1 152891 148676
1 95061 21120
1 152534 23988
1 164221 166004
1 127649 144358
1 157447 143121
1 36051 159086
1 172033 114228
1 122738 144081
1 191985 153551
1 161207 89623
1 30495 82897
1 129854 51987
1 64230 138645
1 143475 133232
1 105915 11210
1 121657 49918
1 132990 145315
1 141916 57852
1 175041 27839
1 172794 145320
1 87511 24923
1 36077 58501
1 124703 178935
1 92219 179373
1 34448 180614
1 61633 118807
1 31239 187738
1 112413 104681
1 194639 90574
1 49051 67586
1 42095 183925
1 128163 30145
1 1530 23555
1 89632 14042
1 47891 10811
1 152116 92762
1 15231 34584
1 21402 183863
1 16176 34368
1 184411 142878
1 36238 76774
1 130485 113335
1 177672 54718
1 64905 35004
1 82716 13990
1 18820 17210
1 93347 128530
1 149071 126246
1 190944 32120
1 40507 197283
1 188362 109182
1 6759 195859
1 55320 145697
1 76404 72092
1 178252 12839
1 161066 91644
1 19907 150854
1 10732 183952
1 163132 128982
1 64217 99425
1 130726 194293
1 27268 144945
1 97519 195833
1 130263 89028
1 160073 74651
1 21315 123122
1 38719 47521
1 92075 52075
1 81465 85068
1 17297 123467
1 61325 151492
1 151105 9760
1 83334 53248
1 189116 142010
1 82040 84730
1 108775 26995
1 86597 164563
1 109813 106302
1 154217 176962
1 123474 108148
1 137933 70210
1 183505 152668
1 165642 40700
1 127448 29499
1 111547 180083
1 70923 70365
1 160584 182319
1 144502 28578
1 146928 199723
1 188030 124748
1 80535 199106
1 24906 97736
1 146256 15704
1 42350 32250
1 96044 68165
1 123992 26958
1 14723 15879
1 21182 121596
1 39490 136488
1 76487 170267
1 162038 76012
1 145400 32297
1 172503 155072
1 13090 79897
1 34008 46687
1 56395 153183
1 102383 29383
1 174298 57656
1 170144 111260
1 26758 57277
1 144270 128858
1 42369 20969
1 29380 78592
1 146016 132008
1 137920 46203
1 194894 101602
1 177409 59665
1 64498 32072
1 64402 80527
1 57950 104542
1 40919 148340
1 89145 97546
1 25432 50015
1 106863 158876
1 135244 9847
1 155287 167646
1 123111 86105
1 178917 130141
1 166631 9287
1 166737 184248
1 82523 49038
1 23175 84969
1 12020 24440
1 54416 196369
1 182417 5044
1 178048 70729
1 3141 79619
1 166306 86310
1 73899 162020
1 141729 33291
1 17389 132929
1 96184 54262
1 140177 73946
1 194396 166275
1 86469 185011
1 3879 34949
1 97004 29306
1 9224 147143
1 40361 38907
1 127914 37597
1 160874 16519
1 117474 134769
1 164665 147874
1 18780 149066
1 98752 51820
1 55560 74015
1 135002 154002
1 187905 196124
1 20385 87414
1 39998 146675
1 55925 61595
1 18492 168935
1 107274 18710
1 5291 33493
1 144501 33137
1 1560 189444
1 49208 91809
1 83802 113582
1 192012 1322
1 164225 6543
1 152174 143377
1 149756 23469
1 156908 153922
1 76874 425
1 8498 182339
1 54819 157509
1 101776 63385
1 155687 170485
1 135118 195321
1 138631 146794
1 111411 157746
1 120562 183197
1 125201 141720
1 163970 18713
1 144213 193524
1 60520 152716
1 48909 29098
1 161237 85519
1 153467 148458
1 191403 72820
1 182809 169051
1 30371 108687
1 89901 91460
1 8064 77896
1 47951 122045
1 64115 141343
1 84216 196630
1 182672 65473
1 126350 67782
1 87089 186634
1 4460 180566
1 83049 141722
1 61559 138638
1 86316 51101
1 61662 147808
1 81468 94614
1 103409 132244
1 19478 199148
1 120677 2164
1 74270 99319
1 116646 57849
1 51593 172684
1 164703 31605
1 169290 66951
1 69190 8065
1 74367 92440
1 67179 16041
1 148508 162321
1 98561 60247
1 131735 10991
1 23214 8190
1 91093 162854
1 61584 73800
1 46101 48498
1 59152 24961
1 186779 152411
1 41451 136772
1 62368 27272
1 8766 74535
1 79416 131592
1 199122 197859
1 145412 122268
1 140968 26566
1 139033 192008
1 190854 50972
1 25071 48604
1 19778 186074
1 3918 13501
1 166798 145869
1 195638 2041
1 168005 37891
1 67726 190412
1 68533 93304
1 119632 100908
1 167341 69316
1 47794 81179
1 152713 56578
1 99928 185581
1 30459 52932
1 27704 157976
1 22428 92085
1 130957 145852
1 168179 163150
1 116095 116595
1 122756 198461
1 134291 116507
1 195549 132306
1 193999 152161
1 117341 129452
1 163825 142927
1 113925 184612
1 185681 30489
1 73732 54008
1 127635 155236
1 153661 130042
1 165841 600
1 108507 191226
1 27271 98344
1 78680 97713
1 161025 110047
1 149706 18159
1 21826 75885
1 56815 16071
1 3638 191794
1 81018 124728
1 69083 129930
1 40798 73055
1 8491 80345
1 166490 130588
1 65229 4057
1 118598 182210
1 100348 15777
1 2332 103427
1 116407 152312
1 80458 167450
1 55338 71066
1 16631 123899
1 175069 36361
1 178836 93752
1 154972 115352
1 174117 136820
1 85606 104628
1 127503 80525
1 59033 171700
1 70372 83782
1 154142 61859
1 110061 78579
1 47185 6410
1 8887 110440
1 46771 18179
1 54561 163939
1 61972 54907
1 23460 186425
1 7226 50695
1 136867 90622
1 28567 197995
1 86069 123833
1 195114 195302
1 67953 27975
1 108724 184898
1 97914 33806
1 158558 63322
1 193738 25829
1 21992 141292
1 10627 109505
1 18389 64482
1 184500 94051
1 148565 177691
1 162920 134272
1 134643 174783
1 57653 40178
1 83264 29506
1 68163 198749
1 130047 92664
1 166619 68067
1 58002 122970
1 133619 57548
1 90341 194711
1 174647 48816
1 184602 8223
1 199193 120294
1 27252 152108
1 94555 8114
1 160903 106450
1 90076 73578
1 121887 66376
1 165090 187498
1 128688 58358
1 12647 133113
1 30206 78145
1 142694 65979
1 95437 173845
1 163239 56472
1 114188 4658
1 23241 106604
1 14077 177914
1 92496 118320
1 81640 140218
1 44399 84136
1 166848 132151
1 41816 103887
1 89366 94906
1 57153 28543
1 23165 75422
1 37368 13349
1 157309 182042
1 96874 178661
1 32380 71882
1 140144 93258
1 125673 82178
1 118619 86193
1 106922 159062
1 94977 73525
1 70281 129251
1 87240 147293
1 176090 166818
1 28467 129477
1 57392 169134
1 57770 89482
1 169216 5459
1 100751 188218
1 39573 97242
1 24318 10427
1 94263 129170
1 22819 41466
1 61781 116192
1 30787 116183
1 89914 199434
1 108483 148751
1 53679 105088
1 128574 155113
1 87980 30572
1 69381 64741
1 174533 48892
1 143607 57634
1 179602 197101
1 6787 125646
1 24735 102553
1 159994 141459
1 90837 111620
1 160411 92032
1 76649 172132
1 47321 40886
1 145539 149743
1 52527 112276
1 66098 22825
1 16615 82212
1 122190 126893
1 148967 168007
1 16045 159355
1 142973 19742
1 113354 35139
1 71341 85691
1 4850 135409
1 119352 49287
1 71024 55673
1 146158 60661
1 106555 7909
1 34870 152038
1 70175 66140
1 171165 97950
1 86634 34165
1 73310 17767
1 154776 39740
1 70961 93059
1 176768 47812
1 193559 184024
1 171967 5357
1 47332 111127
1 163877 60920
1 67917 51246
1 59551 66441
1 126836 117295
1 158757 13435
1 96306 83007
1 126373 179114
1 18916 111555
1 74607 23228
1 115385 23624
1 149346 14706
1 85562 171314
1 114326 64302
1 190107 120487
1 179211 2693
1 35585 145532
1 149458 109766
1 104276 199392
1 8058 59915
1 62918 184327
1 114302 28415
1 172004 122778
1 20141 16688
1 2653 61661
1 189977 143896
1 74000 147296
1 112004 137126
1 20955 154858
1 143431 20690
1 192161 141923
1 167749 84704
1 97819 136129
1 92752 147828
1 166050 159925
1 155417 84119
1 65852 109462
1 199837 88201
1 139365 88333
1 134670 181192
1 126879 175491
1 62144 160606
1 74813 44936
1 104278 51825
1 119531 7109
1 180907 647
1 62274 80484
1 80581 50649
1 109451 98878
1 8822 80218
1 140370 63429
1 160916 47111
1 39405 73650
1 112028 55152
1 168780 189554
1 46754 150599
1 183875 29260
1 175933 17321
1 177301 39318
1 74224 130347
1 79043 5785
1 61275 121190
1 161046 60162
1 30754 16518
1 109161 128458
1 177246 3663
1 145402 134888
1 38531 177584
1 132338 9781
1 90706 79181
1 41010 108447
1 10432 54663
1 116960 22482
1 78374 135311
1 110771 140772
1 49066 86571
1 90107 71744
1 183981 158599
1 160884 128533
1 72438 188415
1 90572 39679
1 31775 138156
1 26930 93174
1 80703 160045
1 78114 17910
1 107351 8247
1 55150 199278
1 35392 58976
1 150927 122924
1 161620 78056
1 92140 119753
1 11420 73481
1 69034 46225
1 72955 94849
1 169013 34677
1 106841 39325
1 25677 91764
1 190353 39240
1 34131 136391
1 159390 187028
1 175254 24652
1 125635 97223
1 94297 149366
1 141498 68585
1 105448 47730
1 16224 101453
1 158939 28316
1 52575 141407
1 32937 5155
1 86491 83821
1 3376 104570
1 8417 177976
1 40771 17985
1 128396 94460
1 15093 4403
1 101113 120893
1 180261 161105
1 144366 58773
1 91019 30670
1 171590 99515
1 114178 57596
1 186401 118422
1 39638 149687
1 16521 177154
1 95311 195536
1 182247 175842
1 165118 49597
1 178663 140711
1 104455 132734
1 163496 127711
1 48687 38418
1 47785 17665
1 103912 76572
1 127216 101304
1 129179 18512
1 38653 34286
1 193589 83874
1 44654 71514
1 97269 91761
1 17268 51917
1 174581 3055
1 176373 135545
1 170038 43988
1 128387 7234
1 112560 118724
1 12157 139914
1 179482 111677
1 21380 174776
1 35255 84613
1 164577 14152
1 151074 14867
1 68277 75929
1 197083 139965
1 121121 116850
1 152849 129506
1 55414 83157
1 154866 34776
1 84255 101961
1 102129 59416
1 136909 117283
1 199191 167273
1 6500 155477
1 98126 1802
1 138724 16121
1 108137 153252
1 166106 79006
1 154743 33135
1 97415 160148
1 181001 45475
1 198929 23861
1 10306 153314
1 196649 87477
1 153887 119651
1 82940 20587
1 161799 142754
1 4510 66336
1 80532 179654
1 26483 20823
1 20769 31827
1 99999 15197
1 105047 3473
1 108785 135954
1 40499 179900
1 59596 126264
1 116058 79021
1 126358 122044
1 63647 154505
1 168035 48771
1 115283 106152
1 191524 94839
1 80079 67848
1 12684 110929
1 109886 10739
1 10627 56872
1 62190 16366
1 112079 50427
1 158104 157540
1 51775 65147
1 85997 178706
1 49434 41565
1 84580 12276
1 79815 184734
1 166721 37039
1 160126 1815
1 38311 178815
1 85679 5444
1 148065 176804
1 193905 153231
1 38062 159113
1 20077 32609
1 130635 126773
1 140043 40748
1 90437 93173
1 146333 9138
1 2430 145289
1 156043 166874
1 22207 186062
1 34942 54772
1 22783 193964
1 112401 41867
1 127795 76481
1 94581 84458
1 147351 112204
1 136355 127665
1 193083 85150
1 169415 61786
1 166801 110206
1 7467 40775
1 47285 142428
1 6625 114767
1 160894 105913
1 132469 161352
1 128964 162964
1 123922 89750
1 115314 198168
1 89972 62516
1 179406 9988
1 20878 98754
1 197958 90714
1 49084 172624
1 75518 66892
1 159211 185899
1 158295 64547
1 52551 96549
1 166017 124786
1 51237 89641
1 122948 132410
1 106610 139838
1 13259 134111
1 134875 142235
1 166449 11531
1 46143 85996
1 65873 139553
1 154322 112548
1 57161 23013
1 114066 188548
1 91790 125417
1 188399 55786
1 80565 124859
1 107639 158110
1 85184 48205
1 95744 117336
1 129768 36965
1 81816 54869
1 129451 45510
1 126066 96220
1 135061 65118
1 34762 163275
1 27731 28208
1 141401 39143
1 144310 7173
1 47295 108516
1 64196 155151
1 95021 107762
1 46085 42398
1 99603 138761
1 80203 197894
1 83273 40053
1 73987 16848
1 63297 179301
1 144572 71072
1 184237 16944
1 128694 14119
1 189933 28777
1 101869 53578
1 36155 89316
1 70053 153874
1 192346 139529
1 21047 62037
1 107772 49177
1 10205 183844
1 116403 146302
1 77242 151030
1 168794 76056
1 171885 59285
1 9988 97285
1 83480 83975
1 155621 188784
1 16043 45631
1 156288 119837
1 27190 75461
1 72720 37491
1 58863 31012
1 86459 11722
1 13248 181522
1 87220 98807
1 54293 98725
1 17519 104854
1 118628 195123
1 78218 155928
1 109757 65866
1 166585 152205
1 97492 9490
1 120498 85747
1 69133 35327
1 191131 157183
1 39303 164283
1 72433 171243
1 110700 117203
1 111290 151232
1 19127 134816
1 47724 74086
1 171462 153721
1 32863 151081
1 199138 19223
1 170225 170766
1 54540 38345
1 73464 168214
1 73867 87705
1 48557 116242
1 114547 131837
1 191830 187688
1 92984 180931
1 136692 131428
1 39603 105335
1 96303 85187
1 85299 157398
1 44286 81787
1 154503 183544
1 5403 59535
1 169099 83385
1 164007 153937
1 49586 70824
1 126489 96184
1 115411 174388
1 138476 137316
1 77878 112083
1 88073 156016
1 57440 141492
1 151539 3703
1 142108 47016
1 164914 55210
1 34125 193612
1 61441 170065
1 101618 135802
1 62139 185374
1 122552 50416
1 107716 148666
1 88454 83073
1 137012 42698
1 107268 90363
1 73 164163
1 55981 20504
1 131405 144046
1 1687 194856
1 109380 26364
1 64513 166846
1 114523 93325
1 64796 1498
1 10765 172413
1 96284 188311
1 14616 122929
1 23297 11030
1 71456 64609
1 29664 190251
1 129313 78885
1 15863 120518
1 50394 167428
1 121137 16675
1 124472 88123
1 103223 196470
1 2689 196234
1 189240 114193
1 144962 10693
1 6841 161304
1 95099 58010
1 186271 8616
1 98184 183710
1 57788 43842
1 101395 184861
1 179225 5501
1 83384 150241
1 142468 78509
1 8313 47041
1 42458 195470
1 51747 90734
1 51157 177078
1 191425 142330
1 98457 116794
1 185151 127402
1 122491 39454
1 154273 142206
1 191379 27971
1 150245 62526
1 156548 192012
1 18037 129478
1 136649 33553
1 92306 101589
1 101762 120392
1 137277 89362
1 88383 95344
1 30247 57120
1 47116 67904
1 5339 8356
1 39229 12431
1 98730 24147
1 85819 119877
1 153624 103937
1 178960 152001
1 107397 115624
1 69615 83660
1 45982 59765
1 143495 125566
1 164165 130713
1 122698 105583
1 24381 92878
1 142392 14177
1 30363 188264
1 89074 135148
1 13609 123167
1 79163 38634
1 119900 122521
1 5457 61475
1 3704 53308
1 31149 42171
1 8322 163444
1 166870 32026
1 169895 127938
1 107308 24028
1 24234 101318
1 155059 13371
1 135571 83854
1 144095 132537
1 12758 10783
1 50143 120658
1 82050 16387
1 54124 102497
1 183915 61652
1 37332 191441
1 192538 48775
1 1922 49223
1 148403 146044
1 146832 196430
1 123046 69060
1 108303 191363
1 90074 103732
1 17238 13378
1 179350 8234
1 193033 155984
1 4722 87709
1 134380 176074
1 156478 34281
1 85096 189454
1 195121 172250
1 47196 198376
1 125588 185721
1 47592 184959
1 9135 68693
1 38198 15424
1 100020 87700
1 100425 50187
1 186347 53434
1 114954 70365
1 94686 91449
1 1489 35518
1 146630 139385
1 78833 18988
1 30645 40809
1 196166 141767
1 90820 57414
1 67907 51262
1 134848 176939
1 104567 185466
1 196560 89050
1 21023 29641
1 138090 53578
1 198642 140364
1 154871 163953
1 159336 92837
1 85571 40979
1 89997 146203
1 190570 10252
1 142789 122448
1 46143 2010
1 134367 130022
1 18494 19054
1 119198 13357
1 21172 14900
1 148678 56335
1 93165 80865
1 116388 186303
1 3294 40893
1 171937 131679
1 852 119216
1 101192 92336
1 35165 42513
1 199317 57344
1 102325 65773
1 188800 10639
1 157428 26005
1 77642 100034
1 57397 68395
1 21000 150475
1 68490 64173
1 38637 22040
1 81630 157378
1 55517 153851
1 54634 54725
1 158255 146778
1 133148 51472
1 56129 18456
1 24836 79627
1 157954 39875
1 172801 83317
1 41148 23999
1 154348 79153
1 167264 62067
1 188483 158996
1 182743 177010
1 105688 41198
1 194182 172012
1 34043 42582
1 76705 147926
1 90277 121915
1 164723 169750
1 143014 99753
1 63980 179252
1 24273 117912
1 192300 179645
1 25253 139451
1 97615 182010
1 116287 112135
1 38649 127888
1 73023 142082
1 20003 1209
1 33592 10510
1 9575 95203
1 78556 145973
1 197704 45478
1 49190 144055
1 91717 155116
1 78218 173522
1 29472 70619
1 167578 721
1 114154 192775
1 66554 185048
1 47313 159062
1 117446 183854
1 132396 44211
1 120129 183308
1 143365 2679
1 2369 175653
1 159464 99221
1 7001 196918
1 11243 111429
1 34887 52368
1 67199 195122
1 100384 121827
1 4918 20391
1 159224 193677
1 166228 82423
1 69398 117667
1 172635 5293
1 79959 56575
1 150929 149363
1 23329 122251
1 82965 184646
1 184139 43980
1 160674 193434
1 44426 39410
1 165794 168457
1 51103 8479
1 23543 13442
1 51200 6709
1 43205 48175
1 153540 12837
1 97988 130919
1 106514 82805
1 58500 39829
1 109515 100370
1 126978 55272
1 185271 156694
1 184618 186557
1 75054 131931
1 174189 118986
1 83784 14400
1 73092 98956
1 21766 103291
1 166149 125938
1 59842 199840
1 10214 128395
1 150420 38641
1 29264 4206
1 183110 73766
1 27045 102632
1 112315 94910
1 167892 179563
1 58907 57094
1 124701 60660
1 176258 161769
1 52896 162237
1 34153 22393
1 65514 34405
1 169620 65021
1 3842 13084
1 149246 181755
1 5681 50579
1 2946 2568
1 188880 184227
1 85387 47309
1 44758 120125
1 64253 67036
1 199138 57554
1 174757 102323
1 78405 28227
1 72799 83663
1 50643 160907
1 64134 134837
1 45868 182187
1 151329 94909
1 187270 168279
1 161868 188127
1 10621 30431
1 126500 128770
1 188893 25952
1 145655 139267
1 44654 132652
1 186987 92163
1 92673 10614
1 43053 114356
1 13755 70274
1 155101 58980
1 183136 181901
1 119544 171979
1 126113 34872
1 49733 168018
1 82088 72635
1 62916 10788
1 1442 144455
1 108436 122488
1 176590 56892
1 81507 45663
1 128326 191116
1 2460 2252
1 127052 166831
1 109259 198178
1 123158 197705
1 138772 93889
1 147676 162521
1 147541 97235
1 56993 118499
1 24089 33108
1 162816 47711
1 160638 55649
1 99834 22179
1 17896 82306
1 119356 59663
1 113064 70138
1 127221 153591
1 153895 130894
1 59993 108566
1 98648 149268
1 139439 63345
1 191836 13374
1 164514 61576
1 158967 27878
1 135109 126724
1 91763 188252
1 159208 60957
1 131667 124718
1 68378 168908
1 40634 166136
1 198655 62449
1 41436 96236
1 112980 131332
1 76710 91042
1 116992 159233
1 10474 139427
1 58270 135824
1 130190 102194
1 139592 186739
1 101684 140892
1 100261 114547
1 188332 176706
1 58677 127692
1 143385 154852
1 103965 76504
1 153057 57392
1 2990 161274
1 54745 136780
1 43771 189515
1 37552 149663
1 146458 29130
1 120282 115430
1 29946 118911
1 43968 64886
1 197286 81264
1 132966 94604
1 159640 173384
1 47388 122909
1 190722 185988
1 44649 59803
1 192600 84576
1 105973 2949
1 51426 194242
1 150198 194866
1 70081 97957
1 17437 197151
1 164415 43591
1 133377 167798
1 60571 29143
1 28235 82593
1 146133 55449
1 59236 11983
1 95287 51163
1 196956 8838
1 8997 129694
1 93084 45226
1 178662 153853
1 40974 94861
1 39090 53793
1 186571 114807
1 89342 112424
1 179077 148471
1 132870 60050
1 15541 12267
1 72027 65390
1 17544 74188
1 23917 69893
1 52934 170493
1 192473 21061
1 16066 108053
1 39862 147696
1 126536 51434
1 189853 58629
1 135556 190048
1 6071 80815
1 151791 43187
1 96907 32877
1 5888 91073
1 145864 193922
1 119760 148764
1 100239 138782
1 19149 4110
1 133445 64587
1 88675 100269
1 129303 53084
1 55208 135521
1 80206 121811
1 135879 102898
1 194581 165458
1 141807 120663
1 85577 159172
1 97020 127293
1 178432 163788
1 12902 152981
1 37852 41646
1 129897 100705
1 152274 25597
1 16052 159744
1 142774 106565
1 31637 185463
1 29385 156857
1 102757 131330
1 191045 12063
1 66928 32923
1 33960 52666
1 148327 51850
1 158079 129273
1 29897 86254
1 168052 30814
1 27855 154890
1 62171 120368
1 8663 105555
1 199034 57445
1 66644 25785
1 101975 25930
1 49011 51444
1 143174 119989
1 64208 32913
1 187058 170733
1 177371 166013
1 82027 20695
1 156100 170064
1 108209 14756
1 99246 163037
1 185152 94585
1 164435 120441
1 30365 138975
1 168052 105162
1 163487 176172
1 106884 8850
1 68801 197618
1 37909 132796
1 162534 52070
1 186691 95590
1 199278 104787
1 89311 135983
1 154936 136000
1 3935 192322
1 94008 2654
1 140611 36067
1 5564 80823
1 185483 16442
1 20665 135251
1 116631 94942
1 40346 78444
1 170206 180259
1 77515 63573
1 122131 135910
1 5571 143590
1 150101 63384
1 199440 89451
1 109526 184137
1 3495 161293
1 72078 56503
1 97580 106176
1 143905 93592
1 72831 198254
1 85069 163556
1 42439 103268
1 154456 12133
1 144131 193084
1 183545 170563
1 34446 48075
1 140230 38731
1 162098 45899
1 77278 125056
1 169905 8587
1 18135 123237
1 131280 76630
1 188906 140872
1 103076 162272
1 175262 48595
1 196769 60984
1 10802 47631
1 141024 1386
1 92111 101050
1 178353 58868
1 102061 137099
1 64418 184172
1 193540 177282
1 146190 168623
1 105910 125685
1 138472 78349
1 109626 16664
1 45834 155250
1 141708 83405
1 87993 97112
1 58451 47020
1 22203 168620
1 150163 50260
1 140956 139133
1 194836 199667
1 76669 182764
1 22034 174930
1 146078 75664
1 55654 88100
1 48365 84649
1 61045 121296
1 58766 193863
1 127831 109437
1 45 131195
1 133258 176029
1 3970 176767
1 120088 168573
1 137317 111585
1 43270 46347
1 27154 169142
1 22655 172136
1 93758 141244
1 2432 9713
1 140506 38351
1 160197 177737
1 153255 12689
1 186419 16872
1 66619 73939
1 88070 136745
1 93650 83145
1 77246 18257
1 83992 152109
1 134918 197019
1 32566 109681
1 134949 91979
1 158427 132971
1 46248 181427
1 198029 147388
1 146127 81791
1 23216 62338
1 195767 37896
1 106389 54142
1 197896 79319
1 141062 113096
1 112096 137143
1 172305 134386
1 188095 6400
1 33811 110457
1 54131 15521
1 182727 184499
1 91207 149037
1 191887 87797
1 103591 122601
1 151809 136644
1 74263 20885
1 160885 100479
1 179414 76153
1 167886 166090
1 75084 117170
1 91976 176638
1 172347 100861
1 99649 172239
1 83172 706
1 42122 196669
1 111289 20516
1 160047 154687
1 176899 160648
1 38213 15917
1 145429 191652
1 87603 89452
1 165552 43595
1 134212 191455
1 57848 143925
1 175340 187084
1 126359 85395
1 82520 15885
1 9904 18835
1 11003 131832
1 76167 174961
1 194902 181264
1 61550 150911
1 25543 179245
1 46451 59189
1 154453 3753
1 72328 23740
1 98939 48717
1 122611 52472
1 97523 123387
1 68663 89620
1 72068 176220
1 17922 27218
1 186831 172941
1 174936 19026
1 14614 43141
1 110655 37923
1 196750 15562
1 156908 192008
1 15846 57877
1 11438 140812
1 178072 28675
1 34330 196041
1 148720 115517
1 157430 64116
1 177178 95209
1 11561 144045
1 99568 101778
1 9891 180358
1 16452 107350
1 75657 4946
1 102827 101583
1 137956 114800
1 111307 122499
1 44170 106263
1 155877 175823
1 110028 120356
1 131622 134929
1 84513 170146
1 162858 76565
1 162131 192345
1 60562 114819
1 14120 50841
1 23752 120839
1 5075 30152
1 81872 67456
1 43164 106858
1 161297 45740
1 2638 5041
1 21732 194323
1 51104 1350
1 3484 97011
1 154085 95894
1 71126 48045
1 80823 33119
1 9411 24622
1 140064 72700
1 173427 78880
1 44107 166768
1 146404 20369
1 14379 186416
1 67403 79715
1 190378 116979
1 5729 3958
1 15253 191870
1 159602 165843
1 64133 86890
1 159842 123418
1 80401 55673
1 66305 107821
1 19890 23641
1 126032 117662
1 12343 100792
1 137428 88855
1 167722 31049
1 131675 154953
1 136385 106644
1 89548 181911
1 6218 118276
1 74483 177795
1 93393 6958
1 129676 59801
1 178515 67485
1 42256 156122
1 15848 59302
1 10558 100459
1 155372 77224
1 48556 171839
1 172270 28067
1 123726 81026
1 177245 189436
1 177541 58695
1 143023 8911
1 168555 30517
1 78035 127926
1 74782 72429
1 151770 89561
1 160523 65790
1 64097 161527
1 21373 101516
1 66370 102964
1 134438 93054
1 195964 68259
1 65965 3752
1 72095 132245
1 28792 195000
1 42940 5858
1 91323 114980
1 36684 170423
1 166593 69139
1 146271 70625
1 44539 131915
1 149896 55065
1 143303 72794
1 18055 83344
1 157122 146889
1 24759 187772
1 169424 96702
1 9273 125347
1 179563 29040
1 181857 114215
1 197099 28241
1 54687 30675
1 138005 148790
1 150640 164005
1 84902 149514
1 185861 77340
1 71393 58676
1 86259 109379
1 143831 52678
1 25885 46143
1 153846 27367
1 175648 23381
1 40981 187907
1 134461 156543
1 17791 70577
1 53131 82289
1 62 22629
1 66206 120422
1 119402 171223
1 187634 8368
1 60017 185139
1 4765 102975
1 29033 77186
1 40884 115314
1 45140 155288
1 93307 144220
1 185458 139840
1 157267 108504
1 147597 185637
1 40287 80592
1 81153 64194
1 184183 24842
1 169034 179980
1 75665 19444
1 74899 86110
1 62700 53873
1 184635 167780
1 13823 189092
1 114218 58380
1 110881 121404
1 165973 1258
1 156154 15552
1 6158 86059
1 158249 168349
1 29391 165180
1 96823 3373
1 41288 30907
1 39740 6090
1 172263 80286
1 145744 190740
1 140711 79010
1 196213 182463
1 198620 165943
1 56451 196448
1 92029 69034
1 168852 17593
1 191283 180883
1 14128 137603
1 156065 53503
1 19579 193787
1 132020 115488
1 122973 10031
1 38957 198836
1 123954 30411
1 69932 164467
1 372 21215
1 41023 182909
1 8869 145139
1 121579 184963
1 177601 195598
1 71290 147444
1 108451 97026
1 79749 197994
1 141750 197948
1 157379 185878
1 142815 175819
1 173523 144297
1 92905 19502
1 3079 54981
1 159985 183842
1 100081 58595
1 199827 19564
1 143730 46918
1 93780 110628
1 81216 50975
1 131665 78531
1 159288 198786
1 51880 149807
1 31140 121801
1 182373 75012
1 184654 139591
1 116015 188580
1 135237 159664
1 51699 25793
1 180015 131334
1 122385 11818
1 170832 196039
1 111430 35860
1 166809 43221
1 155354 70635
1 113268 163685
1 196235 113882
1 48975 132460
1 190329 181399
1 166632 150215
1 19219 178482
1 47895 115114
1 93890 34463
1 107041 109835
1 162324 149505
1 129148 141327
1 183659 54393
1 137694 65269
1 136870 12527
1 29196 124161
1 2192 61984
1 63199 141484
1 12359 178473
1 83160 58442
1 185968 123667
1 83688 76284
1 14106 63775
1 138041 147479
1 149743 174035
1 157056 37139
1 23458 143941
1 53767 169848
1 140117 117927
1 145974 60294
1 44937 168916
1 33058 100388
1 13388 50458
1 66968 165004
1 184478 170120
1 42667 105204
1 145636 181498
1 132988 30400
1 186576 40354
1 62794 6630
1 8272 114841
1 90106 190817
1 116342 121318
1 180904 61978
1 115176 168333
1 31470 183379
1 115529 5148
1 57651 162837
1 25767 132082
1 103224 186781
1 79270 89361
1 151775 57475
1 40173 7077
1 3389 107563
1 168655 95700
1 130658 117039
1 27132 192008
1 185958 75403
1 98537 59259
1 51894 85387
1 127292 184579
1 47646 172722
1 128765 23710
1 133337 61549
1 80953 61503
1 167127 20983
1 148089 140249
1 171917 29837
1 16099 84587
1 112067 186197
1 129646 168717
1 172378 192458
1 124939 50297
1 99933 176171
1 117009 78045
1 150153 102564
1 163242 113184
1 153951 119677
1 196349 184883
1 71465 56450
1 133019 122010
1 147019 157490
1 3309 42106
1 199565 71596
1 192797 96229
1 189861 108758
1 116676 80932
1 11914 190479
1 5461 164996
1 173302 121304
1 142984 106660
1 103419 135230
1 35336 38141
1 82057 144331
1 146784 159858
1 25982 27117
1 66083 23450
1 26607 486
1 87068 132812
1 125366 79734
1 43701 175275
1 16636 41926
1 171883 71986
1 126985 70742
1 97842 165760
1 41610 83305
1 125028 161767
1 166625 105711
1 65584 73969
1 69619 157107
1 8000 18996
1 1646 47622
1 32619 141528
1 98969 30764
1 176732 162727
1 46624 95557
1 89155 143572
1 197536 23805
1 102394 161294
1 39536 27000
1 62202 173446
1 155056 155128
1 59327 197502
1 13142 34577
1 30456 199317
1 158582 56015
1 31540 91153
1 20625 65766
1 189578 146476
1 76514 168986
1 7495 66529
1 127012 130287
1 16285 110649
1 98728 161940
1 21833 29713
1 67158 183499
1 54917 145325
1 187905 27548
1 153840 174979
1 161648 178747
1 50810 50369
1 161385 51446
1 51028 10720
1 68416 93731
1 91927 182573
1 105057 180233
1 5236 88405
1 79450 157262
1 67292 46065
1 12140 17953
1 64304 194898
1 190100 168617
1 90091 189646
1 54292 15725
1 38734 93771
1 74631 81796
1 172813 175820
1 101093 54528
1 134776 155322
1 38227 8151
1 123116 33396
1 16943 152786
1 1595 186329
1 16921 107321
1 70680 85397
1 181958 38653
1 192775 78442
1 46913 81192
1 11781 189505
1 188674 181187
1 168243 34225
1 162356 23942
1 25801 154254
1 85313 130373
1 196856 49910
1 161633 23320
1 86560 62744
1 32099 54923
1 107060 114054
1 137274 135495
1 130409 64316
1 181643 82689
1 51942 46704
1 17718 72866
1 142697 137693
1 146659 155318
1 41782 60555
1 156175 110680
1 36550 177440
1 70806 80285
1 41388 154157
1 12803 9664
1 106635 24050
1 107286 16078
1 131126 183539
1 35925 148050
1 151464 199295
1 10389 194756
1 78630 126397
1 50058 59757
1 117424 39226
1 70862 35422
1 158255 146737
1 195567 76946
1 126683 190426
1 195708 50720
1 165933 176694
1 77776 176677
1 105989 23705
1 153439 61169
1 66779 31544
1 79873 13425
1 151851 145589
1 151996 136029
1 63133 150761
1 75991 104227
1 94963 22577
1 125916 84563
1 79606 76220
1 38829 25612
1 71074 193683
1 66186 183270
1 180689 114282
1 118689 96801
1 157990 100774
1 195543 20366
1 37243 7663
1 17046 18620
1 16460 62519
1 169816 84710
1 169188 20747
1 152306 160795
1 160264 143962
1 58788 11885
1 142691 122628
1 99232 156574
1 119539 27044
1 143961 165703
1 58417 4384
1 194765 147979
1 177670 115568
1 77590 77692
1 190124 132142
1 99117 13835
1 108129 118045
1 89088 154550
1 2452 118012
1 13493 125549
1 182089 147916
1 130943 170948
1 92303 153632
1 121761 34848
1 131428 80933
1 174080 188892
1 123814 37617
1 156269 28347
1 135805 51216
1 135347 55890
1 109767 111245
1 162334 83638
1 18820 126334
1 28748 14308
1 32323 66707
1 86456 71472
1 128653 59168
1 176516 44145
1 53200 125672
1 21511 181802
1 142798 109549
1 170456 168059
1 139014 125045
1 30617 157705
1 53091 197278
1 91142 163370
1 72036 60389
1 174016 70678
1 193292 19891
1 151445 93450
1 17995 29673
1 98258 70078
1 131627 61741
1 1356 52554
1 40959 48886
1 148075 128468
1 77449 52692
1 186488 10429
1 95851 4931
1 125096 127629
1 170960 188465
1 74921 24539
1 140635 88590
1 76908 137985
1 89745 14803
1 165299 96703
1 69954 56342
1 39964 138990
1 148605 154764
1 129839 190633
1 198196 17183
1 191333 182710
1 196909 39667
1 138489 7483
1 38827 145332
1 30643 83359
1 29533 189538
1 117745 128893
1 20357 98655
1 30969 51920
1 40682 80695
1 155773 167451
1 117762 13745
1 147374 61336
1 50266 5909
1 32964 153956
1 140040 46526
1 162252 83049
1 6675 107106
1 105522 117259
1 101856 173663
1 84561 55127
1 180192 97480
1 159289 26984
1 197816 76656
1 62336 166812
1 198193 32310
1 146060 42166
1 76002 141650
1 21151 78677
1 17754 146143
1 198563 113237
1 47377 183081
1 65528 64451
1 174673 132920
1 12860 188295
1 4961 77405
1 81179 46541
1 71346 108924
1 191511 136884
1 64078 183514
1 130648 21179
1 102781 91049
1 38775 187560
1 142841 195922
1 79367 65211
1 166805 157635
1 67494 56018
1 169897 74424
1 136835 47262
1 21121 170382
1 64431 18054
1 112262 175173
1 10472 28761
1 157228 40789
1 35555 175930
1 182621 135861
1 125082 109574
1 117606 67368
1 49687 149194
1 114721 19401
1 107520 70243
1 74915 40152
1 49378 47605
1 123942 120388
1 17282 166480
1 176377 20795
1 41698 146527
1 21927 108336
1 138321 68883
1 195941 45484
1 150902 82000
1 160319 15897
1 131550 75222
1 36804 176074
1 137347 63090
1 116401 166414
1 136159 65701
1 193884 174646
1 189746 135893
1 165026 127845
1 8592 127155
1 33619 153560
1 56430 137836
1 89372 71030
1 99693 152916
1 157556 151897
1 109480 4687
1 125451 153885
1 181307 58498
1 185135 129384
1 141524 141625
1 19393 105082
1 88639 180698
1 19224 85495
1 67948 111114
1 143796 65330
1 151043 40797
1 150437 196988
1 109994 174148
1 71165 17582
1 166869 111602
1 35955 187315
1 187472 100175
1 34968 96857
1 18570 198113
1 9600 64217
1 6434 105400
1 139817 99172
1 71221 14808
1 192623 71793
1 96040 17836
1 161652 26564
1 138547 39528
1 121993 87488
1 190639 319
1 79074 96688
1 179361 67719
1 126905 42003
1 194887 24937
1 187072 37350
1 66722 135757
1 182477 138358
1 38468 93317
1 29377 49957
1 67100 35001
1 4922 62844
1 116287 194066
1 136057 121522
1 154553 71787
1 105942 148412
1 60116 119477
1 173731 115094
1 6568 95977
1 174493 52688
1 197284 147315
1 105818 23068
1 136220 154589
1 32815 159894
1 192915 116601
1 161441 19733
1 144266 45075
1 81871 50033
1 194121 14231
1 35229 122773
1 95725 137406
1 139492 178183
1 157874 183678
1 109272 7285
1 21059 15986
1 30137 73859
1 26112 183623
1 191486 26898
1 30927 106217
1 185727 124690
1 150822 19949
1 167521 153483
1 172951 54016
1 90823 168808
1 103325 94224
1 162487 8389
1 55462 173433
1 81035 46906
1 34081 41586
1 148953 76456
1 95689 5944
1 116836 107139
1 2930 124540
1 163780 184289
1 184020 20873
1 166611 52866
1 99478 30264
1 103066 164639
1 167324 53207
1 24123 165560
1 182100 105238
1 57567 192729
1 187005 18484
1 119715 133612
1 17080 101865
1 2494 101381
1 66579 67669
1 78326 169129
1 149651 6441
1 169284 38432
1 123138 116309
1 43845 148669
1 106810 195505
1 33634 193131
1 87985 112559
1 106113 82873
1 129349 35329
1 164398 64297
1 195017 11527
1 102020 142902
1 182800 26875
1 59872 28196
1 18041 82016
1 110471 25228
1 126779 127080
1 3670 108904
1 79667 180581
1 72875 7195
1 33451 58418
1 34450 88132
1 190061 49570
1 149427 60613
1 124233 121513
1 143866 131086
1 67427 2698
1 72390 38191
1 56704 14913
1 158165 17118
1 42578 193649
1 193647 196741
1 149377 193744
1 105171 9168
1 162812 78161
1 11807 106421
1 124929 174418
1 33987 50501
1 45353 176327
1 178536 45233
1 80439 67687
1 135260 100576
1 21794 90965
1 171137 13936
1 187297 113681
1 50231 60299
1 123638 164064
1 95367 34348
1 108350 199865
1 147665 6065
1 108791 82481
1 2936 126883
1 24659 123689
1 20107 62467
1 170748 4854
1 194487 70488
1 70056 152849
1 26220 99766
1 72799 20736
1 141325 67601
1 48906 5444
1 114460 198978
1 125182 179717
1 116133 148568
1 163785 131643
1 115049 99235
1 86524 176413
1 102669 74620
1 151225 109071
1 91332 79065
1 16895 196359
1 13498 24592
1 51892 66752
1 150531 114729
1 47346 4899
1 48835 194345
1 169940 180403
1 176990 85916
1 152386 81144
1 73954 157090
1 18299 86894
1 106419 60093
1 6178 21742
1 163384 51929
1 99853 67996
1 137413 193437
1 81674 181522
1 6088 98097
1 84146 92045
1 173879 183440
1 153330 27223
1 160953 66192
1 17622 86772
1 174868 140912
1 78361 37713
1 43735 132193
1 61419 182314
1 146184 150487
1 128514 96314
1 135376 155282
1 72228 53352
1 156517 115623
1 146484 52655
1 139769 152020
1 117178 71054
1 76257 34372
1 42679 142514
1 110024 61664
1 111401 32609
1 168597 173655
1 116060 79464
1 130522 106030
1 187058 1479
1 146494 135499
1 115060 120858
1 71725 160126
1 63065 37707
1 31038 106577
1 118421 48246
1 141349 72913
1 109542 23069
1 125850 132253
1 172507 157390
1 26889 81198
1 58661 27153
1 90619 46952
1 41314 141333
1 57284 36896
1 167656 188957
1 198255 197102
1 109263 168039
1 49319 191477
1 109762 83613
1 69095 36208
1 50118 41152
1 101732 38015
1 110091 191825
1 139257 18226
1 47667 89729
1 62994 63573
1 52897 64603
1 27869 95228
1 2436 132145
1 89774 53776
1 150116 99332
1 62514 18907
1 164075 80567
1 90902 99920
1 15671 197558
1 84088 175454
1 18591 186851
1 8654 187767
1 172676 109442
1 171349 161820
1 67290 194405
1 119997 195051
1 3510 147417
1 180307 44395
1 126490 58706
1 178607 1366
1 119230 140884
1 156702 15400
1 94753 136484
1 100050 135847
1 40017 96879
1 111177 162355
1 39735 46584
1 173563 107216
1 199847 11911
1 44552 109042
1 11878 198672
1 144673 118408
1 165243 187426
1 96245 35212
1 87227 78609
1 84126 48073
1 16207 21862
1 164365 28333
1 54857 80709
1 74867 185681
1 106792 146142
1 186802 34439
1 61543 97048
1 1475 59619
1 4172 59386
1 103849 105101
1 168815 92316
1 114709 92933
1 17993 177998
1 75355 48823
1 61503 197575
1 147797 113410
1 72047 127888
1 189270 138691
1 4986 132529
1 65810 41255
1 125715 38492
1 187979 176113
1 143238 103449
1 58431 59208
1 102220 5490
1 135376 117892
1 1614 15328
1 170035 17978
1 26423 139125
1 198365 65797
1 54207 15754
1 116523 82712
1 139381 47276
1 38481 33666
1 19213 58242
1 111301 135744
1 85034 137858
1 158828 147721
1 111789 64149
1 155461 188182
1 86015 23047
1 24149 816
1 9947 4916
1 21138 4478
1 96030 29615
1 84563 79502
1 87635 126452
1 63608 161508
1 151994 195792
1 109526 144065
1 182618 43855
1 73573 125045
1 71751 101351
1 184429 40168
1 145012 138531
1 195566 164773
1 83900 132177
1 21328 104744
1 172205 145712
1 19018 116266
1 99798 18900
1 188438 81770
1 22355 102428
1 102676 6653
1 33622 106134
1 144189 42393
1 24759 8432
1 178059 91806
1 121151 82402
1 128807 104038
1 92722 61978
1 67603 90126
1 94555 141481
1 99225 33093
1 158749 83244
1 160755 163669
1 173494 135484
1 160060 6511
1 130197 76377
1 61591 97020
1 172128 54804
1 146462 61089
1 166015 52093
1 90765 60562
1 134573 3597
1 159984 46042
1 109504 125716
1 84682 146089
1 128694 160997
1 190472 42271
1 72514 90752
1 147237 159192
1 31831 198399
1 101342 137592
1 63220 163205
1 8665 116600
1 194864 83044
1 63953 157426
1 105928 93198
1 72965 96361
1 140647 85567
1 149153 89565
1 140341 3880
1 123373 123597
1 88995 112350
1 90357 175373
1 75445 105860
1 29240 130762
1 127568 52342
1 147029 174171
1 114118 90359
1 60082 145546
1 170335 164061
1 60654 11235
1 134571 50043
1 134922 39997
1 56005 48207
1 70163 190086
1 78314 34670
1 87699 32787
1 18170 36588
1 60024 162856
1 95949 61968
1 107012 154884
1 65530 90935
1 11383 37617
1 194339 183495
1 45818 24842
1 194181 84311
1 90189 61965
1 140223 105500
1 183731 16355
1 11360 186071
1 43804 135662
1 175158 125310
1 115027 3026
1 17812 78952
1 133417 38087
1 177571 19772
1 28194 75357
1 182572 154907
1 126110 29585
1 130852 66829
1 22345 51087
1 105081 137066
1 182023 7432
1 65757 55114
1 70042 188278
1 112976 7790
1 77526 169580
1 146418 146800
1 99719 191395
1 143880 84584
1 112801 192451
1 35727 88608
1 101672 180655
1 5951 57019
1 75744 135123
1 102753 40417
1 37304 91378
1 160404 17006
1 145330 17515
1 32412 79899
1 38486 195019
1 144940 143084
1 4568 25497
1 116533 88412
1 7046 10718
1 84080 134918
1 167862 61811
1 120104 149589
1 105199 190671
1 114122 64237
1 191959 141969
1 6769 121051
1 101533 10186
1 56110 166587
1 131752 140622
1 39701 56488
1 113343 176509
1 126669 190697
1 120953 35021
1 20248 99674
1 100008 78490
1 154273 142360
1 193538 99952
1 110662 108657
1 76240 104023
1 134887 191627
1 59674 153248
1 99565 84435
1 94418 18544
1 114205 124777
1 52479 48267
1 167455 35658
1 52909 180706
1 24074 101757
1 16083 199007
1 100595 192514
1 97221 50287
1 140469 84792
1 95195 8529
1 41218 137421
1 72225 111839
1 90411 1068
1 156801 42459
1 11180 149857
1 111021 114107
1 174332 141904
1 85649 129911
1 176147 154007
1 115064 131218
1 102716 147265
1 48061 25064
1 177373 112364
1 38581 17655
1 177796 31229
1 184731 70064
1 112948 153602
1 572 54078
1 142960 106023
1 161891 344
1 163399 74654
1 26760 133508
1 94689 10504
1 161076 8941
1 164361 70761
1 195576 106790
1 179451 108235
1 59279 129727
1 124911 187697
1 169168 115847
1 96805 66622
1 109528 117986
1 48180 114535
1 46711 93069
1 66446 146390
1 74458 118383
1 48854 41760
1 140217 64547
1 109477 191210
1 153282 29443
1 28312 42454
1 16517 176630
1 106782 122612
1 60769 90365
1 160192 106855
1 53998 53498
1 196913 48341
1 58284 122177
1 57113 89235
1 9068 119332
1 179228 132112
1 56317 186489
1 178416 125376
1 54682 147823
1 128543 10572
1 108178 95569
1 35417 173176
1 192311 146905
1 141501 57301
1 116939 113209
1 151209 178343
1 186599 69158
1 153920 26009
1 126894 32357
1 160187 146592
1 160434 125466
1 67571 54445
1 15460 153934
1 33134 119063
1 110402 123457
1 167464 65287
1 94140 41200
1 154915 154150
1 190886 125480
1 91441 67524
1 131941 198732
1 10945 130314
1 152468 85027
1 110057 160162
1 102646 120741
1 113139 104293
1 6817 85511
1 18347 118533
1 119463 117573
1 189031 21308
1 76680 149296
1 116439 198516
1 45527 71096
1 74959 46712
1 110123 83963
1 103250 178395
1 126407 184589
1 86049 85799
1 33227 174858
1 46660 147528
1 58204 107290
1 154457 99962
1 170256 78341
1 55643 92976
1 73183 99383
1 86323 72646
1 40326 100693
1 101253 89833
1 157757 195328
1 85428 103430
1 12700 63912
1 136695 95664
1 70665 45653
1 99937 27797
1 172453 159475
1 137323 141731
1 35448 175708
1 159684 155894
1 136409 51689
1 89435 22086
1 25186 62011
1 19884 118415
1 52051 100551
1 135753 137472
1 4549 89633
1 7723 71527
1 25939 128586
1 33209 103197
1 158212 40572
1 175128 186606
1 85435 40501
1 54195 23179
1 81186 33666
1 128460 148659
1 188819 24910
1 78980 196959
1 101833 155882
1 134248 72238
1 146823 154591
1 34492 54736
1 171975 91378
1 14091 195125
1 188710 36151
1 172591 31416
1 13518 186009
1 189534 58377
1 122083 194792
1 55479 64536
1 26546 72676
1 49419 165832
1 145238 192905
1 2350 32275
1 14701 86108
1 171071 106874
1 103354 133108
1 129334 11888
1 132956 11980
1 57837 103431
1 106287 7368
1 171250 190875
1 135040 28165
1 76685 765
1 115383 132390
1 61452 29283
1 32576 40987
1 151767 55310
1 80634 53813
1 186864 49595
1 30244 172968
1 133194 100173
1 186052 121311
1 30542 158906
1 14362 173830
1 119145 132086
1 162820 162580
1 148186 176477
1 78963 56407
1 118266 134116
1 59918 148804
1 29261 29634
1 111524 48831
1 190152 11483
1 95896 106088
1 56227 154861
1 122248 88550
1 176801 119422
1 184254 176440
1 185052 60421
1 3866 56825
1 68566 138264
1 171775 198003
1 132670 111446
1 192317 38760
1 187648 127061
1 177407 105693
1 176912 157966
1 41910 70055
1 12663 113160
1 114054 119482
1 112094 160706
1 143983 154800
1 75739 97445
1 132670 115478
1 148346 7209
1 168628 195709
1 92301 55878
1 70839 36223
1 91127 149662
1 50744 57104
1 176245 151016
1 124324 107591
1 143469 169632
1 58319 140588
1 11195 123501
1 41501 162180
1 141626 139539
1 46899 69339
1 74064 196826
1 119645 63314
1 63421 43262
1 120577 160553
1 135845 113944
1 162116 109902
1 146140 160141
1 53755 133670
1 160625 37621
1 104404 21146
1 108861 81294
1 118917 107878
1 16814 142243
1 17014 85342
1 172879 78070
1 92842 59073
1 1690 40885
1 198708 14851
1 45184 93980
1 73431 49430
1 14007 196007
1 114366 124280
1 25862 94779
1 88541 191042
1 143245 121685
1 53479 84975
1 183128 121202
1 83634 153772
1 26981 164928
1 125223 85407
1 68468 94789
1 168302 96122
1 158542 166286
1 171929 50818
1 104089 192539
1 11024 69979
1 182555 5193
1 91069 154390
1 73932 7424
1 164280 164925
1 108769 108830
1 162165 91870
1 173653 105379
1 39788 115414
1 167610 59293
1 114505 35872
1 50049 153047
1 144662 44958
1 174919 69822
1 88230 151590
1 153824 123283
1 156418 124817
1 171496 58520
1 4825 16704
1 173575 45108
1 111843 21103
1 29060 24873
1 187798 43134
1 32397 107128
1 73933 155389
1 156869 88531
1 167989 31800
1 189455 66307
1 134650 146564
1 11035 174683
1 49841 135240
1 65838 170653
1 110727 70863
1 63606 141738
1 39914 117837
1 157902 27247
1 156598 130991
1 117006 21646
1 44194 131752
1 33111 119051
1 179244 140281
1 15966 116152
1 86530 56768
1 24950 16291
1 198962 160580
1 5730 22526
1 34644 31040
1 75739 12367
1 196342 47598
1 176670 180825
1 62408 84693
1 60858 21194
1 108233 64470
1 84633 141862
1 94193 123379
1 158988 62963
1 37088 33889
1 91675 175718
1 113863 50960
1 67405 36238
1 195350 23927
1 147765 12992
1 97509 127461
1 79102 14530
1 144486 24389
1 106488 92155
1 113419 39346
1 42083 69275
1 143924 96699
1 138874 10951
1 53531 54904
1 76228 62088
1 162691 55758
1 39255 55412
1 148190 44095
1 124973 80348
1 125950 104821
1 1132 42935
1 4222 100624
1 183472 125071
1 163249 119213
1 140187 80106
1 5579 44729
1 124448 141884
1 45711 109687
1 112460 127819
1 124921 93710
1 96534 73442
1 68844 87063
1 194088 199482
1 137694 45605
1 64558 43301
1 111938 82901
1 2142 88381
1 140790 115352
1 56008 72140
1 80878 5054
1 1696 70653
1 135521 79621
1 30090 37891
1 47154 101602
1 73637 156488
1 58337 123022
1 15834 84761
1 114291 86805
1 6311 101455
1 184095 114779
1 103143 166657
1 196858 94320
1 146468 65000
1 92517 146006
1 28511 44563
1 126069 125135
1 38046 79692
1 116451 106348
1 15096 31114
1 112821 113939
1 80093 132184
1 142316 98192
1 127977 162181
1 105712 155359
1 179307 190413
1 173945 16377
1 16048 139784
1 36606 131869
1 77973 81810
1 197603 84641
1 163788 13562
1 159966 77881
1 58094 47471
1 159978 163590
1 172099 90983
1 106032 123874
1 92493 105106
1 67955 115051
1 76443 16126
1 96891 130638
1 60620 12811
1 188100 159894
1 67490 48338
1 86951 60341
1 148042 169618
1 70664 50450
1 182504 150875
1 8961 46227
1 116008 64958
1 41551 44204
1 41154 155892
1 78716 153129
1 10765 78861
1 28236 173624
1 181255 14940
1 181676 129722
1 90404 150241
1 127256 185227
1 103061 97015
1 87499 122320
1 71962 16255
1 940 89344
1 186507 173261
1 18806 149238
1 114467 104913
1 161641 79222
1 95694 71432
1 179375 193085
1 19572 547
1 158161 188814
1 53958 115000
1 10843 199290
1 113225 54183
1 155469 183599
1 13280 107536
1 198595 13957
1 122398 49587
1 184167 58756
1 114252 74088
1 107477 76985
1 48696 150592
1 89039 97403
1 19966 197626
1 92003 61945
1 110043 130731
1 110361 171014
1 154928 49768
1 121824 80487
1 151059 182390
1 5371 139355
1 58140 135795
1 55848 8876
1 94702 95877
1 39697 131894
1 169476 148227
1 63287 131125
1 137662 59171
1 78939 83028
1 7660 122596
1 78062 142514
1 100057 91581
1 122171 5047
1 11164 184261
1 22356 52952
1 122203 14692
1 9466 34599
1 13536 63545
1 134096 86494
1 117665 141325
1 24258 142765
1 41546 179512
1 242 87106
1 175693 64402
1 154532 159192
1 145005 30301
1 178474 81027
1 124231 7345
1 106705 88250
1 148770 56424
1 99917 43558
1 124216 96522
1 37346 126698
1 25029 146683
1 159829 197427
1 177168 47843
1 101075 115522
1 83511 182494
1 85983 199095
1 184895 186022
1 57793 73824
1 189211 24061
1 141933 109314
1 137917 147935
1 31346 86823
1 22619 5671
1 61604 48680
1 100228 67136
1 55052 28925
1 190115 106447
1 164238 85186
1 80850 41119
1 129050 95628
1 41186 125133
1 115863 118445
1 66794 69493
1 125964 2307
1 158158 181468
1 72017 128711
1 26834 44639
1 78326 156117
1 111391 96860
1 44402 48823
1 179092 36191
1 146830 193015
1 141201 12239
1 88659 82532
1 129856 194905
1 183345 171748
1 137892 47389
1 42416 29179
1 169510 3801
1 41308 173722
1 188253 74898
1 125037 77292
1 105566 166601
1 30325 119708
1 157381 118173
1 86541 97067
1 197762 176701
1 2562 164849
1 61991 152722
1 152251 17073
1 31985 187050
1 76718 148065
1 185621 92263
1 151300 52730
1 131148 121128
1 174345 160637
1 87073 169144
1 172953 79238
1 181050 158646
1 47431 44950
1 164518 114308
1 185487 89627
1 34214 166836
1 11390 10306
1 56958 152367
1 120992 139520
1 40446 18664
1 125099 106780
1 107276 5953
1 154090 194113
1 19572 115644
1 106347 53827
1 65906 15140
1 179053 15919
1 34622 178236
1 198212 181400
1 183705 37096
1 192271 191007
1 101784 35162
1 32988 176003
1 23982 96384
1 114329 111465
1 168766 191788
1 177278 85805
1 198177 197508
1 188985 36969
1 99061 137771
1 31515 32325
1 48167 99759
1 14721 68863
1 83777 193780
1 9732 105981
1 10423 138017
1 91108 45201
1 11118 35657
1 46835 107211
1 192910 177052
1 106366 100357
1 81802 135055
1 1857 161067
1 29997 159625
1 51019 60873
1 154663 81039
1 12335 169754
1 37464 135602
1 87405 192782
1 173084 65847
1 91615 197914
1 179671 170759
1 132392 30534
1 191875 50200
1 75482 152435
1 128759 77915
1 68647 89324
1 165370 189991
1 117707 144559
1 48264 152422
1 173495 75834
1 156196 38399
1 81920 137179
1 183518 91331
1 198729 3059
1 150311 80411
1 37358 137802
1 165203 183346
1 126770 90713
1 28141 74271
1 4843 23827
1 94529 127445
1 99756 96885
1 82917 61710
1 100787 90768
1 82185 99892
1 106773 137236
1 53698 119378
1 78566 38623
1 193873 184700
1 164845 159942
1 79801 58810
1 104263 160291
1 68224 61114
1 125850 169632
1 31301 169525
1 29053 183810
1 136963 68578
1 24485 64057
1 181348 118874
1 32979 31719
1 7625 154444
1 125757 161710
1 17497 198882
1 124218 122687
1 22728 66227
1 65457 146080
1 82858 163754
1 132099 185469
1 38136 63607
1 183864 24115
1 68770 5556
1 143016 169753
1 83477 178650
1 47275 63247
1 182542 1253
1 90370 185227
1 86304 24645
1 180359 115745
1 94914 103174
1 73362 81682
1 114780 27522
1 106605 193497
1 129555 190021
1 152827 88434
1 161363 3649
1 134308 42091
1 67228 71219
1 182468 133487
1 91728 181973
1 145748 6864
1 190780 74182
1 75864 118421
1 156965 110134
1 41163 142020
1 93460 147222
1 125704 3377
1 191205 49663
1 116538 137544
1 83468 123938
1 82693 64343
1 10600 22384
1 104054 116384
1 42253 21642
1 162857 18717
1 13196 108459
1 18361 69587
1 165061 57749
1 160429 123228
1 76528 82169
1 113761 30192
1 84840 39786
1 97522 194036
1 181818 53124
1 137390 33926
1 22188 49561
1 91067 103687
1 160272 108764
1 185542 181225
1 136075 169809
1 193007 197882
1 146976 129909
1 141107 80881
1 21506 117865
1 112474 119161
1 180506 89701
1 143009 34620
1 150742 77146
1 84778 29874
1 165491 80360
1 53475 35178
1 91468 142402
1 144628 176279
1 19682 86110
1 34540 162078
1 164334 122976
1 184622 88287
1 196901 14793
1 52632 108482
1 121611 172636
1 128373 27972
1 8699 146770
1 106211 179649
1 85365 114047
1 112327 61828
1 58089 71107
1 198447 21389
1 19523 15285
1 150983 14498
1 180919 64460
1 8577 71321
1 6351 52624
1 16446 8996
1 196466 180928
1 33282 2269
1 127863 6405
1 95511 16084
1 19178 199896
1 27584 7895
1 57310 30575
1 77728 101313
1 75956 99821
1 121708 5254
1 67178 17162
1 172366 156094
1 89575 32959
1 94683 119663
1 110213 38007
1 166712 61600
1 184608 49779
1 161735 56539
1 159007 154108
1 193880 77314
1 2688 179471
1 39630 25301
1 77928 13955
1 9679 117698
1 129899 195582
1 168496 80046
1 148184 65369
1 161760 141635
1 17225 80
1 133524 160827
1 148393 43246
1 26162 139627
1 63239 29880
1 86529 144403
1 101466 158297
1 93009 106213
1 11989 129551
1 163623 93780
1 112556 142100
1 15211 152286
1 24999 70862
1 136405 82973
1 2790 126842
1 39893 164746
1 140406 172374
1 142146 37395
1 143187 139086
1 22213 136351
1 188606 42537
1 116935 38046
1 12545 183093
1 96280 57878
1 188607 109616
1 5921 5483
1 103746 170552
1 193292 19118
1 895 192501
1 166002 36970
1 61740 165701
1 139781 183915
1 102277 166888
1 155007 19791
1 61210 171437
1 121674 39249
1 86429 4765
1 104369 194323
1 126443 106086
1 131079 104620
1 135897 35786
1 122582 191027
1 14273 138952
1 150026 6538
1 75084 86283
1 97695 194030
1 86529 171154
1 139208 167869
1 137679 71712
1 9569 87496
1 98903 30309
1 163096 190876
1 163006 139243
1 131031 176651
1 187569 144453
1 99188 3584
1 23161 75253
1 131548 72707
1 44161 106781
1 170109 6217
1 66021 95464
1 54516 119616
1 65342 44922
1 170998 13081
1 28715 144597
1 56258 63126
1 99425 56524
1 12294 124950
1 169974 15021
1 81745 47774
1 59499 169451
1 189625 56042
1 72952 22729
1 185741 130868
1 87899 25678
1 169213 133188
1 13923 131685
1 193673 127929
1 105658 199315
1 63527 129430
1 60210 185183
1 156217 37520
1 116753 85244
1 54510 187287
1 88864 162106
1 108599 34339
1 111664 127918
1 88620 194433
1 120813 39007
1 100032 176477
1 191207 80114
1 11555 125970
1 4254 107416
1 158646 139120
1 38478 3254
1 178739 18253
1 85435 108629
1 43165 147855
1 82239 42252
1 43559 157496
1 154769 97770
1 83361 74803
1 199640 104487
1 100967 155933
1 183729 137101
1 102925 53335
1 21116 159587
1 55813 18316
1 188909 27547
1 59219 128254
1 87313 92604
1 148403 34389
1 175327 150161
1 182664 23914
1 82050 60947
1 124872 154257
1 44196 194325
1 174311 176037
1 168572 16495
1 30529 34840
1 66267 70381
1 9291 24186
1 140723 18808
1 57724 152841
1 63977 67204
1 85560 66106
1 36828 162875
1 191805 173703
1 144246 194410
1 34641 16698
1 130290 13355
1 187179 15737
1 113775 105747
1 128865 102034
1 156020 136989
1 13330 77447
1 88580 13909
1 95892 25949
1 84259 36297
1 96161 167202
1 164265 32941
1 66237 197117
1 120903 49357
1 107562 136891
1 153623 44024
1 176848 44119
1 180585 119915
1 37799 4104
1 24330 120636
1 64871 131601
1 19671 196936
1 151026 185989
1 73539 55647
1 78399 111129
1 34469 16622
1 154122 33135
1 117254 54188
1 60346 175519
1 188073 51529
1 183827 155400
1 181915 46740
1 170653 187288
1 119548 128043
1 168340 125848
1 172494 102952
1 155729 131131
1 138558 175562
1 119801 90920
1 147377 3170
1 58596 15237
1 27409 126335
1 38353 97735
1 64471 162011
1 86728 7415
1 40218 188807
1 173006 181895
1 101913 135380
1 189904 97109
1 15750 58371
1 164682 4862
1 76691 63023
1 145912 34023
1 175233 59578
1 188159 175048
1 199462 51701
1 35804 173370
1 69950 76948
1 73740 28418
1 95413 134865
1 26621 73182
1 192884 72990
1 76597 157647
1 1898 167377
1 27265 1895
1 109340 106123
1 175585 43221
1 143088 33194
1 71666 150638
1 166519 134192
1 155932 61054
1 38393 187698
1 178621 97936
1 46660 102917
1 171477 129337
1 179704 132198
1 127154 140843
1 103756 52072
1 174431 88441
1 32677 112611
1 79305 143654
1 190041 151387
1 63729 96883
1 196094 132527
1 24409 106088
1 27320 141828
1 48424 45026
1 53890 19120
1 113312 103645
1 93117 134250
1 4546 17796
1 87991 16177
1 196160 70967
1 49405 1404
1 16611 160220
1 199011 29347
1 122302 183081
1 146835 57228
1 55891 35696
1 87316 133079
1 46339 80044
1 10269 160013
1 58107 192971
1 164443 33159
1 182109 197436
1 158206 61851
1 141997 92538
1 33546 107276
1 74814 144282
1 29725 172978
1 70491 131089
1 190716 119911
1 111801 172873
1 89954 189364
1 162461 140645
1 98379 36667
1 95370 73747
1 169918 121062
1 181870 128914
1 18969 165135
1 29517 199427
1 12450 61233
1 10413 56372
1 38923 134926
1 167555 118955
1 97988 199650
1 179038 39408
1 83527 118537
1 151123 25501
1 24863 162796
1 68520 25258
1 66811 97009
1 144005 63028
1 22642 168484
1 34583 80526
1 146583 190496
1 183110 139915
1 190463 76418
1 76570 127818
1 149967 47951
1 116201 192322
1 137099 129636
1 65028 41616
1 2652 98975
1 198370 190142
1 11618 163341
1 155341 179926
1 31867 59539
1 41483 52072
1 181074 174112
1 86352 24
1 132779 144466
1 88034 195371
1 9709 68839
1 38540 46803
1 31217 3048
1 85767 165944
1 118730 135121
1 74597 78729
1 189973 27907
1 128448 95684
1 60546 127469
1 67490 67010
1 65443 40760
1 165814 98758
1 111029 163826
1 184047 18247
1 150189 92541
1 5175 187068
1 153093 194105
1 122139 58215
1 127174 162927
1 115061 86437
1 47064 22911
1 140697 14580
1 92871 196748
1 138051 116678
1 86424 178150
1 81473 129797
1 193613 192567
1 23389 141927
1 142004 151730
1 198798 112948
1 193782 187641
1 100319 72533
1 158815 110670
1 84639 54175
1 25385 42877
1 180170 46688
1 93134 165703
1 70072 146793
1 179405 113745
1 140677 181597
1 44923 148302
1 156288 248
1 13262 196266
1 26584 94947
1 100967 103993
1 166595 166199
1 23966 32735
1 38897 187983
1 150418 4096
1 74352 112851
1 173872 77546
1 114208 35010
1 125891 149826
1 72986 198144
1 41853 57708
1 59037 36704
1 184836 38911
1 186617 74867
1 127553 113576
1 46143 53265
1 52965 110173
1 41704 139239
1 81596 190789
1 58308 116034
1 31798 123174
1 162854 30042
1 187699 15887
1 195662 135714
1 42000 76038
1 106071 34575
1 40559 66868
1 70627 55079
1 192587 134480
1 110531 10893
1 126523 100425
1 22314 106633
1 143302 20472
1 144276 130780
1 70313 74501
1 93298 65861
1 186853 79639
1 37594 172429
1 34636 78722
1 147693 66201
1 172108 81005
1 111048 108209
1 6908 24129
1 168110 178188
1 52903 151256
1 41782 27486
1 112855 61669
1 57137 85413
1 87972 48544
1 191071 129648
1 76092 27573
1 194578 57840
1 116660 140141
1 8994 198467
1 119632 162205
1 66323 831
1 185680 65869
1 104771 28476
1 29628 4331
1 90584 153637
1 49776 2929
1 188713 75071
1 75755 148180
1 129964 143226
1 199060 75375
1 116832 89656
1 154382 105455
1 173308 131036
1 137278 63
1 919 96213
1 86938 86326
1 27417 177259
1 15411 152128
1 90850 106888
1 74374 63434
1 78968 37642
1 129920 120050
1 142582 175240
1 1871 5422
1 21940 109475
1 80177 99259
1 40945 2447
1 29302 17545
1 26696 121121
2 194121
3
