200000
1 17086 184599
1 48509 137744
1 57489 152954
1 6563 13031
1 10626 12709
1 1688 95803
1 77532 19584
1 57441 24257
1 166925 169777
2 141541
1 1963 166062
1 88868 57811
1 3534 92625
1 175584 136146
1 72373 105994
1 12658 2858
1 191327 44224
2 7346
1 129126 41857
1 144779 194777
1 3941 184235
1 172649 106060
1 73306 63355
1 128686 83561
2 7563
2 125579
1 152145 9146
1 156849 32108
1 191863 113274
1 32719 33954
1 148583 161788
1 48280 139222
1 70618 45002
1 68846 70944
1 100601 142684
1 79303 90579
1 37167 176198
1 194326 82571
1 10292 41697
1 24632 161659
1 39447 150711
1 72355 11570
1 168012 78451
1 14092 57645
1 12406 191879
1 78041 73699
1 75126 196383
1 192390 156108
1 59381 107975
1 195163 174452
1 193710 6744
1 58190 122943
1 160702 128808
1 124980 82236
1 63536 93874
1 59757 101103
1 30468 81668
2 87248
1 118465 122304
1 33286 151637
1 15547 163451
1 145237 162562
1 177782 71973
1 27531 122200
1 66867 73498
1 193855 18046
1 68413 77032
1 188990 45613
1 96215 11870
1 53337 56094
1 31909 50327
1 118898 81649
2 128986
1 10609 66759
1 183705 33442
1 79984 177279
1 48603 97872
1 78072 68661
1 194768 88970
1 107445 113347
1 88085 155443
1 10488 17809
1 28057 69209
1 47072 186398
2 158310
1 78438 120390
1 25196 166957
1 2754 105064
1 34140 150039
1 107002 64088
1 149032 24265
1 46902 76325
1 66061 11319
1 21169 8330
1 123156 82284
1 13313 66070
1 102148 141080
2 133284
1 59638 48454
1 177835 30093
2 60668
1 118225 186162
1 127089 38267
1 2078 105060
1 107132 170361
1 32827 198967
1 107152 45976
1 98306 42652
1 199519 57570
1 23350 12907
1 107876 131223
1 87319 140811
2 180690
1 23054 74596
1 82104 80893
1 178395 159729
1 155624 195848
1 47956 106667
1 43472 65295
2 4053
1 7135 128963
1 96731 165895
1 84814 107337
1 68423 149769
1 12902 94898
2 62715
1 138609 156513
1 74781 116104
1 23080 110954
1 143808 129822
1 110226 98890
1 87732 97691
2 50932
1 87912 174780
1 199688 169485
2 86050
1 80099 672
1 33527 94728
1 154738 67000
1 32373 54359
1 20678 2832
1 84163 3182
1 81423 162155
1 107198 61916
1 41327 92601
1 111249 183023
1 122377 137477
1 142314 183866
1 143435 28384
1 13276 77030
1 100542 131981
1 72534 84860
1 129806 12526
1 146116 127537
2 117141
2 59402
1 79539 159757
1 196273 48464
1 2739 32018
1 29050 175355
1 58996 160908
1 140186 115678
1 176339 14738
1 8481 78514
1 137814 78912
1 164095 188831
2 89593
1 69767 140475
1 74497 51959
1 154578 145241
1 51614 11222
2 190493
1 131029 84947
1 96761 118675
1 122587 132823
1 61195 183686
1 65784 111817
2 131506
1 145220 147635
1 23614 140390
1 94087 139605
1 29285 60485
1 130109 98615
1 183547 66873
1 95595 2384
1 128554 31911
1 80759 92991
1 154766 123225
1 7827 56341
1 153847 5806
1 115682 118822
1 61756 107713
1 23790 37202
2 178881
1 89045 177870
1 30830 29257
1 30010 80849
1 17634 100863
2 172336
2 45148
1 160577 84605
1 176179 91136
2 63214
1 149255 41378
1 79962 172210
2 149627
1 76323 86673
1 35460 4415
1 38283 67158
1 164170 175816
1 156703 158989
1 81491 46850
1 147081 109546
1 105052 73303
1 177270 164514
1 197895 137471
1 30437 101073
2 161026
2 131565
2 32813
1 153077 139304
1 44057 127467
1 53296 148545
1 95958 74800
1 125012 88435
1 147807 80698
1 164736 19688
2 110967
1 11904 166846
1 155105 127545
1 185630 124015
1 61742 125286
1 141234 190644
1 102937 92779
1 98559 197150
1 116783 1655
1 83528 175961
1 24444 171134
1 45148 178068
1 74101 195463
1 5411 96628
2 37671
1 169282 79336
1 89940 92703
1 151241 31399
1 78588 64219
1 95869 153304
1 108753 71409
1 128726 79867
1 173934 47999
1 8822 122919
1 170693 167187
1 158101 15310
1 97582 192603
1 29293 124243
1 115634 74575
1 17318 105871
1 88148 156380
1 102660 98975
1 19809 176660
1 58512 11378
1 19962 2517
1 145028 141137
1 150303 191160
1 163323 75055
1 122174 60731
1 194583 118899
1 83069 88175
1 145396 196484
1 115524 51238
1 170445 75669
1 146637 55575
1 123374 76017
1 141552 198548
1 11482 66311
1 194410 127407
2 59133
1 81866 76653
2 10627
1 177442 155746
1 9625 192589
1 128422 191369
1 150116 195737
1 21886 48564
1 50461 18891
1 19523 184982
2 24821
1 37603 83898
1 146229 20071
1 27357 129249
1 182131 5030
1 9754 136634
1 84612 58886
1 121704 83541
1 106414 57513
1 51205 105698
1 134293 181613
1 137231 171127
1 135115 150484
2 622
1 143009 8472
1 1056 36288
2 146070
1 117216 83083
1 112028 174802
1 178710 182995
2 56249
1 7670 24810
1 42654 64590
1 158346 118002
1 44393 74526
1 108053 128500
1 154223 55722
1 134893 109324
1 154224 136058
1 103734 76642
1 51157 6316
1 126764 99212
1 169758 53050
1 152237 130111
2 169421
1 100997 62219
1 192672 127956
1 118557 76112
1 87448 2685
2 18846
1 79500 173757
1 157547 189790
1 181406 65239
1 31698 60104
1 88015 122961
2 75529
1 38661 20326
1 166210 104959
1 40910 102973
1 95189 145251
1 133465 159530
1 133586 29425
1 29288 19057
1 92044 59387
1 50330 109224
1 83087 5050
1 9268 76714
2 115022
1 60594 165234
1 97830 80591
1 11400 76942
1 123260 108629
1 77851 49744
2 23190
1 21743 108200
1 138399 89566
1 137780 156137
1 139834 193064
2 88149
1 11827 171725
1 177227 11670
1 92651 13202
2 63659
1 146718 34825
1 151260 47649
1 141558 38297
1 130347 159796
1 151435 155464
1 153367 120842
1 37328 56814
1 78432 25170
1 67621 156318
1 95170 38706
1 56069 142957
1 135746 6195
1 36081 81089
1 35319 95211
1 35100 90652
1 133916 2859
1 6808 137449
1 15317 15787
1 29697 56582
1 173183 13491
2 103272
1 149528 182909
1 127458 59266
1 65766 176447
2 55050
1 148988 80534
1 116743 140272
1 390 55780
1 130111 113799
1 15917 92314
1 50371 25080
1 261 170676
1 184230 58096
1 170027 88532
1 24002 113070
1 54672 167847
1 27810 67339
2 119812
1 101891 191919
1 103498 161670
1 34251 75549
1 97671 95753
1 62705 67927
2 22702
1 6832 180444
1 4229 29636
1 87099 181707
1 164782 73025
1 197085 89
1 178117 124152
1 104055 144784
1 162426 12811
1 107930 72754
1 176953 179600
1 113649 130372
1 133110 1598
1 109293 154715
1 110714 58652
1 143601 2923
1 109486 114476
1 129600 99789
1 52968 72403
1 18851 156561
1 49332 85773
1 180703 134277
1 39844 2638
1 113622 106052
1 41051 132923
1 183612 67329
1 113813 188299
1 8126 76758
1 178747 195959
2 138733
1 140198 7846
2 173581
1 15133 180804
1 78308 194280
1 15585 75505
2 92145
1 154283 12725
1 20703 118281
1 173843 64601
1 2468 65225
1 22411 31867
2 41640
1 16400 178983
1 128711 128506
1 104128 134293
1 199398 114867
1 169843 160268
1 50724 97409
1 161078 127217
1 79506 116335
1 24631 140427
1 82689 141814
1 91799 88297
1 157043 182666
1 20147 658
1 65 113950
2 3950
1 85005 76685
2 133736
1 130930 29956
1 103614 109703
1 59792 11470
1 90742 171609
2 62944
1 77674 61216
1 138796 135242
1 86266 83004
1 36943 74359
1 102414 112083
2 55226
1 169205 12427
2 121207
1 32306 142299
1 30826 172106
1 130196 166867
1 67304 139029
1 24436 110695
1 106489 25528
1 110086 138469
1 8987 93042
1 115203 31338
1 134045 61138
2 103445
1 56148 89841
1 188617 102598
1 50545 164020
1 81096 14251
1 103723 59706
1 157959 57741
2 65184
1 159744 49806
1 119781 503
1 119346 38970
1 86209 20101
1 183787 29640
1 115373 114177
1 19696 153376
1 58169 52907
2 12975
1 112040 30449
1 12519 168565
1 53458 39146
1 188080 27217
1 23711 140299
1 174896 113224
1 146937 17055
1 104213 24059
1 38609 26138
1 164282 129493
1 194754 152617
1 150775 132601
1 31171 166143
1 152813 133931
1 20498 85725
1 121872 118781
1 57885 93921
1 141238 14013
1 168498 89810
1 139359 187357
1 57769 76907
1 175877 171618
1 126608 118822
1 188581 158289
1 80215 41610
1 179086 165015
1 180285 145144
1 117098 191096
1 28859 62578
1 175114 150330
1 127599 117677
1 97590 31379
1 22795 171288
1 14389 110095
1 132222 20781
1 1946 81094
1 132771 39032
1 16 78270
1 2025 31205
2 112807
1 196298 54658
1 69255 20511
1 70102 137680
1 131173 190707
1 51749 49933
1 89289 57962
1 25366 5689
1 115577 175962
1 143968 131401
2 141328
1 78853 76448
1 52371 39789
1 199910 20897
1 101514 120668
2 134066
1 182812 196021
1 140274 155507
1 179115 143294
1 134468 135001
2 8851
1 75047 1389
1 123221 97362
1 10175 50980
2 46447
1 28275 50465
1 1270 69735
1 60990 178252
1 70326 125290
1 180827 67360
1 169683 25206
1 107643 165708
1 129432 46630
2 35886
1 173919 167597
1 119784 70322
1 84117 9608
1 113502 80828
1 19694 151443
2 13474
1 176672 181456
2 182228
1 132761 59512
2 130292
1 151514 32476
1 56647 178170
1 157019 27294
1 56001 172711
1 55066 121824
1 146729 181190
2 90671
1 188425 18821
1 37358 101138
1 182726 47596
1 87469 39882
1 182063 141582
1 114592 34838
1 390 44871
2 155100
1 119563 117078
1 40666 103151
1 157346 188451
1 176361 57130
1 64883 111439
1 19064 169199
1 47124 23630
1 125846 53757
1 111353 57292
1 79087 36601
1 159747 43548
1 7229 142463
2 104844
2 111654
2 98409
2 94450
1 181665 140685
1 99089 86178
1 8303 111104
2 169871
2 69741
1 67996 15760
1 93299 91962
1 52256 117314
1 159917 102222
1 100190 104647
1 36731 4633
1 80870 7415
1 159633 156752
1 114353 136831
1 17978 168218
1 5520 134764
1 48551 4989
1 185748 198647
1 197942 8072
1 14270 12817
1 107524 163201
1 139881 99248
1 59830 110162
1 117494 105562
1 115075 70447
1 139000 144945
1 138054 32650
1 124705 40448
1 42819 129275
1 23981 122565
1 161527 94250
1 133966 17151
1 9701 129983
1 91223 175161
1 80542 32971
1 199596 7192
1 17808 127736
1 89897 55137
1 150739 130735
1 46418 39950
1 39343 136840
1 150203 55059
1 194993 49270
1 33208 98795
1 195120 81267
1 180424 42920
1 124699 68138
1 132797 129467
1 163141 113061
1 185775 79872
1 63603 1974
2 84834
1 72638 57252
1 74180 183412
1 91344 185762
1 75347 89548
1 142671 120009
1 190294 151039
1 88249 178645
1 159085 28868
1 8786 113457
1 149351 110426
1 8843 98876
1 35922 151799
1 197805 28126
1 148546 88885
1 24458 44108
1 146590 109688
1 164838 172888
1 64496 36515
1 122337 124220
1 41838 142908
1 5480 99560
1 111236 141020
1 123612 107594
1 165540 120155
1 31043 57245
1 116433 68859
1 16558 181557
1 182824 15955
1 147819 18761
1 110512 122047
1 14123 81026
1 151715 195015
1 18038 68611
2 143997
1 135567 33166
1 18580 101188
1 3206 155872
1 105362 34457
1 168245 119922
1 3981 175870
1 115052 63689
1 78049 121319
2 47411
1 136668 51266
1 57449 120081
1 62622 85790
1 110055 114072
1 128300 151248
1 176165 151669
1 55870 43783
1 8841 56695
1 94064 73205
1 45406 193565
1 18967 101051
1 17409 144165
2 68037
2 13073
2 72081
1 171800 96066
1 176714 105469
1 46793 198199
1 165650 147359
1 34036 197572
1 160195 39901
1 38755 2759
1 41899 178581
1 40096 180751
1 153264 120104
1 91834 32211
1 47616 61320
1 106519 146581
2 158265
1 123987 147835
1 16245 729
1 119796 173527
1 165753 180648
2 103081
1 103509 113015
1 30221 11974
1 5319 7435
1 49373 112932
1 107420 161637
2 193371
1 162114 140426
1 13211 14587
1 23982 158343
1 99512 91616
1 62140 102070
1 177066 95979
1 25442 116566
1 62672 4932
1 17826 7918
1 119221 136744
1 45016 18804
2 158584
1 66432 1412
1 97812 134972
2 75021
1 152873 154225
1 122144 105394
1 67919 49942
1 44935 77433
1 66471 166739
1 63804 155224
1 35767 56654
1 59761 163804
1 90240 195411
1 123201 112339
1 162409 86046
2 11770
1 1449 12908
1 98278 67883
2 134895
1 82735 77767
1 26741 157123
1 33226 113567
1 162295 87972
1 151534 22682
1 45530 175991
1 48187 69771
1 38612 42648
1 90763 35160
1 63828 24289
1 171388 22244
2 29354
1 116530 169211
1 23914 43253
1 34325 169042
2 156940
1 97276 15653
1 166888 144179
2 103452
1 41929 108085
1 13558 126420
1 12982 135069
1 37991 42811
1 194991 9941
2 195646
1 154361 19903
1 14013 31245
1 158556 78934
1 115963 90214
1 138593 171732
1 84431 182281
1 98439 100053
1 138284 84177
1 142216 113277
1 176721 137631
1 76426 146566
1 104662 51014
1 186826 151879
2 187702
1 106250 121734
1 16214 34396
1 46953 124395
1 154505 129650
1 141250 125310
1 163591 118696
1 160224 135246
1 111968 90882
2 89124
1 37832 127422
1 87559 71129
1 125664 106761
1 20176 10485
1 55192 83867
1 68159 26796
1 41273 5734
1 156645 185019
1 34202 48420
1 14977 47027
1 104171 166080
1 82279 191044
1 42752 27075
1 35694 83724
1 195229 102785
1 111065 175584
1 23553 199812
1 179848 123098
1 56118 4537
1 191584 90275
1 50199 60826
1 56952 137539
1 71459 65051
1 136262 67367
1 142977 191321
1 91913 36657
2 164051
1 97395 63351
2 28197
1 13883 35225
1 73364 64771
1 113953 86640
1 96546 18371
1 15837 106882
1 42396 108615
1 72286 16514
1 196191 127163
1 48129 64799
1 113794 156928
1 143995 104778
1 55013 66780
1 120076 131525
1 136382 134879
1 144544 12847
1 74017 175513
1 146503 107022
2 113359
1 182328 113559
1 97898 56899
1 26092 198624
1 125580 50425
1 69081 149264
2 65146
1 3753 121791
1 166650 157007
1 193132 151168
1 13385 54212
1 158615 83753
1 66402 350
1 170913 170943
1 71283 172821
1 158295 106955
1 56693 169607
1 148240 61417
1 55925 164062
1 193617 32845
1 176288 147903
1 118464 10326
1 120271 145077
1 172175 102424
1 155859 141852
1 61729 74724
1 107202 75282
1 768 179610
2 186498
1 171679 155523
1 49188 49366
1 109184 75641
1 145275 104935
1 99521 53659
1 103978 68628
1 160384 188145
1 67139 85244
1 48413 52163
1 31356 53963
1 114893 1667
1 98390 168067
1 23067 192761
1 136846 23629
1 46911 72686
1 69128 126784
1 127268 179037
1 130360 164464
1 137012 70870
1 188499 62075
1 151719 36853
1 111861 14864
1 32716 97859
1 115028 177281
1 184278 40490
1 68325 169162
1 85994 159135
1 118797 165793
1 50280 110666
1 88202 61505
1 153720 88889
1 131299 69106
1 14039 518
1 71693 139354
1 136737 9478
1 17311 41418
1 84193 49332
1 83192 197826
1 64087 146717
1 74671 89158
1 158857 82829
1 168763 13925
1 188429 23545
1 60900 4614
1 96725 93486
1 167274 174518
1 67067 145785
1 89332 110704
1 100495 144280
1 48763 51052
1 161631 73441
1 111799 47147
1 72710 110834
1 61578 101697
1 104888 158553
1 176428 124324
1 9869 61572
1 110231 184179
1 49931 58603
1 194803 142538
1 186937 89915
1 156292 8581
1 5473 169031
1 127827 6163
1 121061 48298
1 15194 124221
1 54469 74240
1 197428 54391
1 99183 192838
1 188803 10150
1 98120 86221
1 48035 193970
1 77690 93863
1 145103 152589
1 27007 62539
1 192211 32708
1 49324 92107
1 142258 121734
1 77761 44281
1 77528 96819
1 91120 22868
1 162242 138982
1 23788 100985
1 132460 132421
1 89203 149703
1 2299 34376
1 2719 144595
1 77612 154697
1 47721 110350
1 188861 90635
1 81663 39283
1 178522 53261
1 196871 15093
1 117579 154640
1 13236 139560
1 68827 198631
1 47433 90478
1 25355 170431
1 70635 146213
1 109560 110510
1 77547 144783
1 194314 7744
1 18260 175106
1 155807 12672
1 199922 84113
1 168504 180164
1 24099 11770
1 48738 171324
1 86690 9105
1 172006 130108
1 26961 179436
1 84660 18183
1 148935 54033
1 79373 31775
1 33755 26909
1 47985 150602
1 29359 86965
1 69513 62310
1 191551 114354
1 193621 196336
1 198892 17032
1 139927 65041
1 160196 128504
1 66177 123050
1 174421 105719
1 85469 148193
1 3185 9566
1 57788 111853
1 77379 150483
1 85601 73374
1 69907 164279
1 146989 67760
1 152790 171793
1 154254 10961
1 22650 102779
1 77988 44401
1 115056 61195
1 56756 17417
1 49466 53061
1 165649 194863
1 29366 92543
1 37511 472
1 138860 66836
1 78025 90991
1 33749 152269
1 82909 66325
1 33004 2252
1 14406 27961
1 30841 156667
1 55154 111194
1 107611 184885
1 146853 197210
1 87573 48947
1 104102 196805
1 121948 173497
1 138344 79906
1 120992 168065
1 137084 47993
1 103961 73000
1 41972 5349
1 101012 102551
1 148122 152348
1 162685 113269
1 37267 40316
1 46959 174667
1 189006 54360
1 181434 26488
1 60081 76675
1 56116 19478
1 65669 149148
1 179651 46700
1 172960 169755
1 121385 3861
1 119059 111771
1 171345 41456
1 17814 45416
1 68056 59722
1 18737 173642
1 153503 2121
1 129323 73362
1 29969 123417
1 132280 191972
1 5488 122204
1 60702 78342
1 161060 97294
1 233 6823
1 5702 180214
1 165840 18099
1 78697 177107
1 103270 94423
1 106539 146310
1 177349 75535
1 18875 90044
1 168504 140152
1 136234 74463
1 179816 13778
1 53302 89598
1 154442 120149
1 16340 193465
1 188742 53112
1 119742 171953
1 95658 157310
1 114942 65647
1 132752 80898
1 106554 189716
1 145548 64452
1 187328 195265
1 117979 37811
1 94418 93767
1 60105 196861
1 199925 173457
1 126881 123477
1 155447 5776
1 24026 122500
1 14591 191911
1 111296 18676
1 33050 145625
1 122848 123832
1 179138 108719
1 7096 57823
1 150257 104046
1 155870 67899
1 1639 14520
1 26607 120748
1 191736 161793
1 27194 125042
1 133785 142518
1 118894 125491
1 11052 6952
1 77506 2505
1 57417 16959
1 133091 152336
1 90703 77468
1 23011 120494
1 143595 81039
1 54240 17507
1 90409 67130
1 58226 43859
1 118905 105605
1 25304 72977
1 121987 72836
1 184997 101230
1 159533 101990
1 103591 70659
1 53932 194847
1 53336 22395
1 101129 144407
1 171209 42212
1 78966 95700
1 173131 120887
1 91281 131237
1 80096 87269
1 147831 146577
1 27361 176421
1 6029 108671
1 90352 142267
1 84939 29799
1 47585 160266
1 39946 119544
1 23268 115933
1 43151 19851
1 25526 84979
1 21208 3976
1 13833 135369
1 58918 142808
1 79217 39020
1 194251 103883
1 99472 19646
1 78454 30409
1 74499 162760
1 76604 155710
1 10062 118145
1 51113 10562
1 141382 153118
1 148935 147462
1 139325 183643
1 150190 180038
1 120115 35016
1 174925 20843
1 86267 184983
1 135672 146047
1 24747 170596
1 58290 173719
1 176136 184774
1 68412 49148
1 103473 97813
1 118366 13594
1 110730 161276
1 126773 142700
1 102827 74561
1 180541 183335
1 180618 104786
1 186913 35302
1 171431 157075
1 96321 30294
1 175287 144869
1 31363 145123
1 135570 28664
1 14429 135651
1 168288 198996
1 70881 101376
1 18113 141284
1 197386 55979
1 122300 72388
1 156422 148159
1 158314 72396
1 47684 103092
1 151972 34397
1 142719 63941
1 110058 88747
1 97803 177187
1 25941 9932
1 166304 101659
1 43391 118400
1 20709 453
1 113328 150016
1 136894 67119
1 148044 163020
1 192857 46217
1 186620 194992
1 25717 159314
1 34778 118422
1 149299 66627
1 49313 21842
1 33569 153274
1 198676 154537
1 29252 114217
1 105261 8547
1 139559 83263
1 45000 127315
1 155169 60567
1 138705 24228
1 68587 164576
1 192491 64102
1 41122 8076
1 102434 84696
1 145945 193085
1 75411 186232
1 93731 10477
1 107162 46729
1 49247 55709
1 27837 61604
1 41156 189311
1 65367 30467
1 127919 154919
1 9031 197065
1 119722 111344
1 93145 49493
1 108031 9643
1 169077 188425
1 105598 39629
1 26502 31765
1 18891 155992
1 56557 109513
1 191147 32970
1 72040 146651
1 15888 53957
1 32893 53301
1 139746 56127
1 54443 62915
1 135312 77035
1 4690 1467
1 4056 173031
1 89378 122542
1 113363 24616
1 65281 176526
1 85956 121954
1 106816 100223
1 5346 135419
1 31489 143010
1 166436 172083
1 15009 26592
1 27020 190348
1 155180 84212
1 65335 71296
1 149057 64188
1 99747 135652
1 17027 59777
1 196098 148502
1 6402 197
1 131326 104687
1 194729 3660
1 49101 158884
1 164137 156077
1 13559 28991
1 196709 14939
1 175717 86334
1 156191 15727
1 196588 10569
1 118370 135800
1 137498 104602
1 20658 77190
1 110592 191592
1 96241 178482
1 70336 182676
1 110035 11698
1 98713 114008
1 52740 63516
1 3505 163948
1 169303 57080
1 101730 29562
1 11378 42571
1 118983 103108
1 71672 33313
1 28232 52436
1 15736 23002
1 57828 152229
1 161876 175672
1 177406 148304
1 187444 186983
1 57452 163193
1 131499 36366
1 79548 78075
1 22826 175893
1 135047 61904
1 159332 14264
1 199418 32965
1 150465 118091
1 78817 11358
1 98758 159821
1 49655 167621
1 51908 168753
1 62188 89657
1 53760 177514
1 101302 134708
1 43492 171128
1 185563 130909
1 129700 73264
1 34558 40432
1 22706 134352
1 185511 27626
1 191910 167491
1 174679 105401
1 111400 161394
1 194957 113635
1 608 54028
1 71058 42613
1 198240 35670
1 11787 18478
1 77711 130038
1 36224 107501
1 179097 56444
1 146856 102872
1 40469 80562
1 53815 147919
1 80310 176485
1 127659 148305
1 86519 197108
1 182611 34796
1 121536 80985
1 32224 125738
1 59230 34293
1 168688 38522
1 103586 158752
1 161177 120860
1 189528 133745
1 196275 182993
1 25579 20171
1 182313 63747
1 182998 163369
1 29760 145328
1 123917 56171
1 139368 50204
1 44845 113889
1 132419 74680
1 34082 177239
1 191092 111245
1 151512 39841
1 150954 19501
1 80484 187560
1 16685 18524
1 57394 99958
1 88487 118650
1 150002 100286
1 26806 178228
1 10943 188976
1 91377 127212
1 8208 99131
1 95865 133605
1 3298 175395
1 195650 133875
1 45093 158469
1 26977 10403
1 36581 5800
1 187224 95270
1 163772 9414
1 189343 180228
1 104759 193371
1 160437 123455
1 43334 100077
1 124072 138820
1 146407 26524
1 126881 162585
1 75413 82220
1 103348 137539
1 190573 7121
1 157670 3319
1 124640 115066
1 38398 168900
1 122975 191137
1 105553 20734
1 62020 20433
1 89480 89645
1 15422 120248
1 72373 185591
1 8383 188911
1 53271 45004
1 52520 85000
1 29417 3600
1 56693 8471
1 43761 131790
1 168549 161220
1 75015 64795
1 17965 124943
1 27556 107911
1 58718 12452
1 49965 11915
1 172883 7458
1 68352 52400
1 27998 131174
1 129150 187580
1 68917 150173
1 51738 16802
1 33178 94730
1 192353 126378
1 118472 110996
1 111945 104094
1 7716 94931
1 16574 72310
1 16995 90268
1 69163 35206
1 199480 170571
1 99398 110311
1 28864 190672
1 97119 146595
1 103217 180221
1 66025 172773
1 49409 64718
1 38537 92320
1 90451 69626
1 146399 80445
1 199847 104250
1 196884 199179
1 181441 113047
1 187619 157026
1 186714 157432
1 27818 29464
1 138182 59883
1 49265 194217
1 85093 101684
1 58427 21024
1 126862 47700
1 49806 60682
1 145785 67035
1 58558 82524
1 102316 124849
1 129406 53027
1 87592 54305
1 46569 129773
1 26004 52391
1 65421 167926
1 118954 60732
1 87033 6550
1 91552 121951
1 150537 102696
1 78169 155557
1 31663 47677
1 135501 4676
1 89796 188227
1 154102 20828
1 62223 132144
1 159613 327
1 20820 92595
1 99044 85538
1 129377 28252
1 57845 124124
1 193749 166858
1 107627 5887
1 14577 10518
1 80990 141757
1 167907 138686
1 78004 122620
1 92561 36820
1 78022 176676
1 149219 141736
1 156753 181672
1 15764 41202
1 27103 22931
1 72890 128517
1 78004 154709
1 196627 4144
1 179964 108430
1 8978 165942
1 178165 186074
1 177770 89841
1 139033 116957
1 182490 183618
1 13262 62608
1 28537 150652
1 75922 161613
1 45380 99729
1 89121 119191
1 105510 196988
1 177320 45742
1 67207 23728
1 171695 176977
1 186264 80258
1 125377 152212
1 60765 195538
1 8224 100772
1 93051 74367
1 34855 49560
1 128900 32716
1 71039 170490
1 114176 69837
1 158791 126102
1 14079 190486
1 76221 119683
1 105820 24357
1 5105 31791
1 194324 116494
1 46060 49327
1 198791 31976
1 15965 159431
1 61197 127990
1 180612 15478
1 33853 168665
1 161314 21382
1 193465 132595
1 115680 28370
1 30398 80222
1 24574 124632
1 57067 168527
1 100863 59777
1 184143 189189
1 101843 27439
1 106296 4086
1 114821 139974
1 62713 45307
1 91622 63870
1 131643 132475
1 156793 33448
1 121991 172949
1 68064 149374
1 107922 66961
1 15175 48175
1 50570 145289
1 117967 9963
1 191905 167892
1 39102 128236
1 130007 7860
1 16997 31045
1 116492 167872
1 158865 168303
1 40325 179028
1 90037 138386
1 28607 138423
1 41239 113041
1 95410 58380
1 15931 34200
1 19751 45309
1 144461 104042
1 102845 130917
1 23571 134630
1 104568 8126
1 159377 20121
1 177867 174346
1 78654 63178
1 40423 121668
1 144424 97922
1 75717 21001
1 102755 103578
1 195248 147779
1 105847 111113
1 104214 34263
1 35210 187566
1 73039 198352
1 92747 50202
1 65391 22922
1 146144 104354
1 149833 27747
1 6354 74531
1 129860 139679
1 2616 137238
1 14242 126618
1 112929 199062
1 11662 90356
1 73350 92655
1 161638 157880
1 122223 185961
1 2890 14349
1 29412 171478
1 164195 44704
1 67991 117144
1 45814 134096
1 135568 17270
1 142443 60252
1 27800 66592
1 112665 42827
1 39146 116480
1 89429 64091
1 13846 145028
1 27194 121387
1 193336 195241
1 20987 78252
1 162137 117257
1 135846 141253
1 196963 120040
1 38587 90374
1 167371 179003
1 184173 73040
1 41913 121979
1 25207 188034
1 12091 178536
1 181027 55014
1 6060 68641
1 95511 34141
1 120926 17571
1 68833 198600
1 196047 55711
1 147396 137529
1 173003 109569
1 196291 72537
1 132702 138045
1 44781 22746
1 185917 7516
1 63274 136160
1 81973 112456
1 34501 131819
1 63635 151701
1 36218 27464
1 117077 92752
1 111681 54841
1 145106 172555
1 174107 75362
1 79845 55593
1 21212 193205
1 186527 15463
1 137593 165344
1 55853 118956
1 20884 144949
1 106695 13971
1 22150 198489
1 74523 97526
1 129452 95025
1 22969 42172
1 140725 30602
1 124095 65318
1 163114 195144
1 123656 111702
1 64382 57489
1 50513 148768
1 153497 33786
1 11052 7446
1 32223 63730
1 1000 1487
1 145094 82413
1 81471 43767
1 58456 125780
1 188290 164700
1 85445 114859
1 151235 121271
1 102508 61762
1 28865 10298
1 65579 137376
1 83673 183258
1 106917 178413
1 46634 1692
1 78227 6623
1 70153 21668
1 110286 85670
1 36647 45563
1 13404 1436
1 36415 163873
1 162425 185255
1 152836 21971
1 185895 1584
1 69130 27678
1 170040 18442
1 35251 109413
1 193563 74523
1 23197 47151
1 5926 40206
1 130250 104629
1 183331 114363
1 144400 48553
1 37278 77462
1 102338 98890
1 1197 90328
1 175070 154472
1 59584 167019
1 42808 102387
1 164395 135066
1 60838 28297
1 160049 10744
1 68590 148542
1 15763 65359
1 171629 146606
1 199769 177164
1 150344 156289
1 164449 85608
1 10584 8447
1 104294 164313
1 44113 140756
1 93777 190715
1 40244 42469
1 13574 23801
1 150646 101395
1 170984 158528
1 154352 118479
1 148206 78118
1 92360 58910
1 154731 54230
1 107807 170479
1 27416 75647
1 192956 127067
1 109028 181181
1 92217 52027
1 129726 156296
1 21420 55344
1 24034 15835
1 144409 6319
1 134882 37992
1 10518 101196
1 66871 23674
1 2878 21512
1 189128 173290
1 191194 89629
1 37818 62086
1 19404 43017
1 3064 151999
1 163070 113241
1 116933 84370
1 107915 93432
1 180031 25721
1 168300 90423
1 6454 81170
1 198885 110431
1 139117 60687
1 122992 5941
1 140847 69600
1 20714 189901
1 57558 92638
1 43452 58002
1 9176 149561
1 174989 187796
1 13972 130788
1 12710 179219
1 53275 63103
1 86438 4235
1 75265 126021
1 163687 14017
1 188837 14519
1 179632 170764
1 76223 67848
1 188636 110183
1 102698 151882
1 90890 146486
1 22257 65241
1 95687 137814
1 167647 9862
1 135353 88746
1 74241 121542
1 109709 14819
1 113407 28956
1 83554 163919
1 57435 1604
1 38199 71333
1 168840 11490
1 96146 172943
1 131119 36074
1 195058 138169
1 35005 90320
1 5944 189594
1 127985 87987
1 84113 142400
1 4068 187845
1 14695 17056
1 44698 105662
1 77577 130590
1 138824 74305
1 13783 123226
1 52838 37455
1 16498 96187
1 163127 150187
1 106979 35520
1 35414 183309
1 115723 61764
1 86594 43466
1 58699 107794
1 94189 112579
1 156084 78953
1 186242 49614
1 26481 33297
1 19765 113314
1 142259 153694
1 114959 133190
1 147485 76164
1 19897 107452
1 179122 76829
1 137801 187242
1 69179 190198
1 185675 38089
1 31933 151136
1 116241 108177
1 147098 137077
1 47102 181987
1 38022 14633
1 102799 180601
1 10734 165715
1 95850 3339
1 146595 80507
1 88364 163588
1 191629 84774
1 112749 120356
1 190157 31008
1 61590 169399
1 7155 101386
1 62375 60470
1 191585 196772
1 19777 147131
1 135295 86108
1 119739 53930
1 138337 191063
1 45347 47646
1 172406 8830
1 36626 155986
1 34930 70029
1 65398 198225
1 145341 196696
1 191002 24544
1 103709 114655
1 137080 173482
1 136033 25171
1 67137 138924
1 75408 106409
1 177067 118305
1 150673 143006
1 62077 5424
1 154396 149835
1 109975 26901
1 12384 22571
1 57477 13646
1 165814 119403
1 17605 177798
1 117255 50417
1 83223 99463
1 104313 140591
1 194820 184603
1 5791 6506
1 78386 18691
1 56608 41670
1 188583 136732
1 132648 33940
1 196827 57614
1 128527 78046
1 66883 159094
1 128198 4402
1 151578 95510
1 66633 145965
1 62387 167164
1 94529 107210
1 37820 50288
1 175608 145579
1 67925 136802
1 195139 78950
1 92433 71571
1 14763 117204
1 140364 128194
1 135132 145302
1 54574 4890
1 69137 82472
1 74750 40602
1 126975 130090
1 178282 90628
1 171713 37996
1 138453 43913
1 173125 43706
1 108578 99701
1 84852 4841
1 53185 162775
1 14439 148960
1 61623 48692
1 45384 46122
1 185074 133037
1 184005 38907
1 183437 123117
1 185084 85056
1 30304 75287
1 118116 76524
1 60812 157039
1 37368 38336
1 17798 125639
1 90025 95130
1 50977 63149
1 38788 65601
1 102944 107603
1 15905 54512
1 84412 16510
1 146190 178913
1 190898 129651
1 190139 162523
1 78353 98975
1 25831 9599
1 8003 54022
1 145483 155343
1 91801 139183
1 105413 127424
1 23260 189837
1 139015 179650
1 54928 139056
1 180096 109580
1 102539 44716
1 27339 29869
1 107639 109898
1 68247 58640
1 104100 7662
1 118935 80464
1 80722 153481
1 90474 182972
1 36413 147008
1 188109 155628
1 104105 134491
1 13760 195781
1 162735 184498
1 124342 185609
1 161800 85
1 197760 73826
1 92314 80444
1 114492 79280
1 180033 133934
1 39866 123664
1 189279 54261
1 69295 180591
1 10343 125633
1 80093 4304
1 105766 195931
1 61506 159579
1 10515 39885
1 24128 52966
1 180888 44368
1 27789 43335
1 125025 34102
1 180060 150234
1 60836 77273
1 194636 77392
1 184561 20868
1 9039 64633
1 25596 23264
1 57116 24467
1 131241 106721
1 10905 39635
1 191959 19889
1 34371 91699
1 32559 18908
1 144415 32188
1 51695 71230
1 170150 84181
1 50674 3434
1 144685 95565
1 199874 193821
1 76626 168422
1 90656 114018
1 69038 105762
1 173138 43782
1 97271 64082
1 134255 181823
1 116852 91868
1 172007 105304
1 124134 33548
1 6550 62176
1 74100 130846
1 105355 90388
1 74200 7947
1 97683 104842
1 108937 130706
1 102987 107422
1 17576 109769
1 39590 19298
1 145647 127524
1 33466 174593
1 115606 179972
1 96466 25973
1 47367 174531
1 153903 153962
1 122116 108095
1 20640 40498
1 96087 27813
1 30788 99882
1 14907 197888
1 92253 141932
1 83017 34050
1 184280 68022
1 144805 199506
1 50969 10011
1 38250 11734
1 35468 143656
1 163411 24514
1 177001 122969
1 70698 121506
1 125895 68414
1 59126 44452
1 73572 88168
1 87393 142313
1 41972 86104
1 188711 156173
1 62568 78825
1 87942 111029
1 5632 1724
1 140321 199128
1 27092 126436
1 193079 56593
1 110111 89683
1 94980 151012
1 55885 146245
1 168566 197646
1 130182 111148
1 167571 41042
1 44411 147739
1 75176 179009
1 31985 90550
1 42612 25290
1 20235 183193
1 96854 42242
1 13660 73480
1 14005 193844
1 107885 106007
1 21806 172332
1 107916 66715
1 111939 57089
1 180886 143888
1 147969 125986
1 85893 43468
1 86706 55906
1 132541 160099
1 82309 44550
1 140243 138012
1 12730 26125
1 161823 121045
1 122578 126337
1 15044 22514
1 146167 60670
1 179645 174859
1 154343 190336
1 79018 37334
1 70054 189298
1 17691 26130
1 66213 61940
1 151067 169590
1 36013 84459
1 158337 179929
1 136784 36687
1 73395 48674
1 27538 69553
1 31675 137523
1 95059 51531
1 45903 91794
1 64512 95949
1 15323 35928
1 32891 105189
1 2002 1885
1 59655 30414
1 10228 76835
1 49464 17884
1 167329 83586
1 193499 169286
1 184223 169875
1 17570 187125
1 193449 69665
1 5842 144012
1 46840 120012
1 172592 102136
1 181974 153344
1 116968 97338
1 66848 135766
1 111040 87474
1 22619 136328
1 126781 44974
1 118906 15707
1 75028 96051
1 1071 164744
1 176404 145611
1 142384 65899
1 5905 84111
1 118604 29039
1 79571 157303
1 194542 77753
1 22144 22111
1 25264 57684
1 38088 107356
1 159523 9053
1 65743 166784
1 196830 95408
1 181344 199529
1 153349 183698
1 4752 66448
1 48604 184608
1 54576 78929
1 155148 142135
1 96438 74998
1 95796 17957
1 14126 59337
1 108468 20561
1 136861 64281
1 148534 146342
1 149302 38412
1 15229 64965
1 178497 197542
1 178866 141099
1 171400 44376
1 21804 119392
1 34179 141965
1 179968 143906
1 185158 181744
1 125258 110993
1 31786 87170
1 13370 138012
1 43705 95451
1 69538 68779
1 34782 198078
1 68415 143182
1 142348 154273
1 53510 37990
1 166189 123389
1 86448 275
1 81613 166227
1 68040 164125
1 83207 173375
1 52212 24230
1 131953 24578
1 91395 52240
1 88260 145162
1 150326 121514
1 13646 45188
1 117074 165409
1 2075 154725
1 107172 40165
1 40992 188980
1 91733 4952
1 124650 190748
1 31024 134398
1 45511 7217
1 100721 55393
1 109811 185345
1 164496 133444
1 24774 191900
1 34254 107595
1 78939 108582
1 28800 165545
1 114883 147805
1 151769 41546
1 120172 136294
1 51900 139777
1 181068 131485
1 11650 103604
1 197138 85532
1 45577 36166
1 11022 190667
1 254 66565
1 97439 123112
1 196139 36757
1 54942 151001
1 92740 13596
1 157257 151088
1 117870 71664
1 192882 39741
1 43922 46398
1 137961 58202
1 197472 120507
1 128550 77363
1 35431 14736
1 174588 22420
1 91092 179777
1 42874 180216
1 63687 72159
1 120867 81935
1 154334 131247
1 9425 120783
1 6269 193114
1 132645 180157
1 169755 142102
1 119602 94653
1 94930 96021
1 35050 173145
1 52328 104300
1 7816 47055
1 15129 55878
1 40255 7005
1 43560 173961
1 150308 55953
1 121382 125385
1 154519 154380
1 71169 130412
1 55 99286
1 158928 20701
1 106695 196584
1 80989 194293
1 25371 19445
1 72628 146918
1 163591 1274
1 140075 24746
1 53769 136968
1 76083 52140
1 97205 89423
1 12766 70133
1 177506 126381
1 187952 177881
1 81939 112951
1 87211 80098
1 194601 170887
1 46101 116541
1 111239 38663
1 24013 108964
1 164868 44604
1 179534 130508
1 93464 105494
1 94978 33039
1 31041 171063
1 80906 110684
1 149237 173697
1 166349 186141
1 150221 144677
1 25663 36841
1 130160 109609
1 1268 27179
1 51581 103418
1 149029 11410
1 100733 178546
1 142722 115707
1 160967 102059
1 151992 117980
1 185653 21636
1 146244 25778
1 162312 107699
1 166329 64620
1 28183 199244
1 188174 177433
1 16638 163856
1 68715 173647
1 12548 179258
1 129973 37342
1 119116 102278
1 85912 94452
1 162241 5186
1 107796 15890
1 21627 106777
1 90123 115375
1 41655 192669
1 37962 154986
1 18998 66581
1 64150 103670
1 190323 136327
1 155128 199617
1 44043 88839
1 190796 24101
1 2856 34753
1 99078 41106
1 32623 85827
1 156165 11004
1 144043 50767
1 196125 88769
1 153016 131423
1 168991 126621
1 98484 184824
1 78891 149969
1 185507 194484
1 193145 153681
1 174689 187723
1 71716 45229
1 142670 135650
1 100665 70978
1 4661 23575
1 13630 131169
1 164413 10443
1 100741 112256
1 147923 194992
1 77427 189216
1 7447 42196
1 30475 43646
1 48581 194223
1 39424 24382
1 81127 168745
1 34683 25492
1 199290 34351
1 198506 93493
1 20766 36856
1 22538 191934
1 106625 91923
1 43382 151330
1 109261 8499
1 118000 101785
1 179409 93629
1 1198 12743
1 19822 42449
1 112872 85163
1 23747 118295
1 15969 37129
1 58330 76876
1 20916 186969
1 143956 105484
1 199969 55089
1 14418 150050
1 109464 117872
1 164198 2830
1 90693 93485
1 36921 156950
1 111708 117536
1 190461 31952
1 81383 10766
1 32022 136302
1 12237 113722
1 118468 65226
1 33125 102154
1 189525 165940
1 46395 185079
1 21640 164154
1 95650 164665
1 66436 105847
1 104059 6386
1 102266 27359
1 136964 62874
1 91800 191690
1 91940 140907
1 15408 140414
1 81525 178830
1 184039 124994
1 40275 15237
1 157282 186592
1 141989 1241
1 150062 135354
1 120937 46534
1 96047 113040
1 177220 193894
1 151051 117584
1 45258 151579
1 114007 25183
1 180298 19329
1 47682 94119
1 149278 73940
1 86336 3874
1 93554 30237
1 194938 195813
1 150034 15970
1 171252 44784
1 95160 179342
1 47550 136629
1 186582 56286
1 163295 95463
1 97888 12814
1 163903 98053
1 78046 43331
1 148 173990
1 127664 97722
1 141135 148486
1 194083 15153
1 182151 10194
1 105459 468
1 30437 165681
1 2209 26283
1 171985 116307
1 120951 60097
1 14878 104894
1 20633 17751
1 126258 183766
1 66382 179531
1 166776 106093
1 138830 180355
1 185736 93771
1 75598 8350
1 29783 10495
1 95306 177308
1 132891 198758
1 58834 103756
1 1922 45115
1 13848 3638
1 130451 1120
1 27577 55626
1 79076 199404
1 185546 42185
1 105726 114486
1 21093 8371
1 29902 107488
1 165555 20785
1 47629 19239
1 38331 192579
1 97266 125353
1 2860 59627
1 110678 38775
1 197415 141787
1 190759 39838
1 13585 100061
1 158353 175088
1 127895 15426
1 134890 126488
1 180418 138061
1 31197 173406
1 182717 122592
1 127129 130871
1 132068 111718
1 10426 77457
1 86672 166850
1 68728 155037
1 197216 121912
1 36750 176669
1 156874 63643
1 185774 175600
1 96481 94647
1 25059 180699
1 20457 11455
1 37830 20826
1 84697 199737
1 56166 194151
1 32751 125416
1 39857 104138
1 378 72506
1 31911 123426
1 143204 62836
1 146113 144178
1 83711 94106
1 47005 91119
1 88721 24739
1 71149 61193
1 32675 167580
1 175265 72888
1 159494 10010
1 87442 114825
1 11238 183526
1 34928 91369
1 113043 113061
1 28334 27632
1 61069 177798
1 174764 64113
1 23248 184879
1 96549 133185
1 163872 85161
1 90010 152966
1 39639 18506
1 147134 69954
1 142764 132964
1 40291 130144
1 55302 52204
1 59685 162558
1 88066 73901
1 130517 78139
1 116992 163630
1 51816 100418
1 99572 22560
1 84001 2775
1 185643 107020
1 46204 81825
1 96604 119101
1 13469 26169
1 35058 53674
1 69240 133619
1 62871 191399
1 101569 79274
1 2562 6412
1 73175 189072
1 57028 101412
1 191852 17973
1 168719 46554
1 89208 19095
1 71944 29858
1 122718 73451
1 39438 59556
1 38879 116011
1 170763 153646
1 166846 67809
1 86011 147674
1 194163 26995
1 75322 18301
1 199699 79471
1 135442 33745
1 188159 25368
1 72645 125605
1 56205 105648
1 83479 579
1 52916 65160
1 130848 130466
1 10172 155078
1 139857 128142
1 99364 90743
1 52932 78612
1 55957 194838
1 159817 76082
1 160839 54426
1 23725 1662
1 7986 196934
1 88077 15637
1 82615 84141
1 99484 40326
1 28048 103812
1 13041 82560
1 59766 44205
1 123861 97914
1 75217 52544
1 90443 22753
1 187237 137692
1 10016 54407
1 137210 54575
1 174580 17994
1 176460 100610
1 196681 8386
1 165172 157320
1 33548 154351
1 58390 73896
1 85538 100385
1 159181 111432
1 146549 111849
1 184340 189597
1 163326 149057
1 75830 121264
1 168277 7799
1 181496 97907
1 173622 97887
1 194373 126276
1 118358 82490
1 90458 31425
1 42214 183201
1 156594 136588
1 193959 37558
1 164980 128288
1 26415 195725
1 6812 3541
1 49146 75478
1 16424 20464
1 184372 183694
1 183876 120879
1 93446 91687
1 62647 2131
1 29151 121973
1 172814 198638
1 194117 43034
1 43721 13167
1 65947 175603
1 183429 28715
1 28981 55364
1 39722 148014
1 62170 118050
1 85525 39299
1 31897 49887
1 47048 76287
1 189455 15803
1 163537 112468
1 92022 17033
1 173624 131733
1 167474 127327
1 157101 69445
1 30489 35522
1 144689 171557
1 101953 3537
1 42563 177341
1 117134 122608
1 40078 102826
1 10748 156984
1 55185 20713
1 69225 65885
1 181646 149602
1 139302 57759
1 165495 152568
1 191807 33397
1 30165 66896
1 25224 122678
1 175098 168288
1 43307 120778
1 190698 173178
1 117296 197841
1 130310 37401
1 107147 112082
1 73273 194155
1 38252 97190
1 62694 93279
1 179266 21350
1 75985 52464
1 93649 11538
1 91148 50739
1 91703 80131
1 135717 161757
1 192569 94355
1 45582 134296
1 80338 192970
1 192141 70471
1 10750 81933
1 161252 21656
1 123140 182402
1 142211 47626
1 188419 97990
1 99693 20286
1 31166 145299
1 166505 170754
1 54186 120236
1 34346 72156
1 80886 85003
1 2688 28948
1 158364 8396
1 49919 115588
1 122792 121819
1 3888 175396
1 89286 134683
1 9591 174737
1 10960 178392
1 143365 47262
1 111576 64239
1 141439 124574
1 52467 132924
1 182765 190640
1 118342 84805
1 92455 49291
1 170389 109029
1 159550 112076
1 48330 5243
1 133863 9789
1 145922 58131
1 30636 60008
1 94494 21653
1 78934 159005
1 105800 15980
1 193621 4288
1 111364 73466
1 145522 117590
1 86329 131450
1 193079 30673
1 179520 40565
1 97821 29721
1 126380 131497
1 60279 165789
1 103834 195383
1 92892 184667
1 58618 48716
1 20186 162604
1 56287 41809
1 168985 194131
1 29315 9495
1 14221 47623
1 80926 26429
1 64864 70911
1 176873 355
1 17118 38653
1 54062 180948
1 157155 197726
1 96658 161519
1 66243 193697
1 129829 104471
1 22136 171189
1 70568 62684
1 128592 80519
1 172192 7465
1 145368 148364
1 53146 5615
1 97091 88460
1 199807 7185
1 98399 191152
1 35867 152273
1 183995 70477
1 17000 56699
1 98257 14193
1 18976 174864
1 102842 27501
1 94018 132661
1 54546 179812
1 179620 72669
1 176104 144146
1 118777 20788
1 146474 17440
1 116325 44045
1 22673 105575
1 50111 149966
1 181193 10306
1 133926 65819
1 113828 104665
1 166855 67328
1 183039 136939
1 64493 63842
1 95540 51548
1 54922 129192
1 84609 147647
1 102020 124517
1 37689 193445
1 16132 71626
1 73897 15974
1 35387 132170
1 105294 2671
1 99509 87437
1 92213 45261
1 61794 198552
1 132722 57016
1 181987 124220
1 178245 26083
1 136274 114623
1 92617 15235
1 83092 167560
1 121951 192735
1 85795 139278
1 30810 4695
1 3095 37187
1 104045 155959
1 16756 30588
1 9105 8380
1 36538 133476
1 18171 149672
1 42921 159586
1 42749 107139
1 78611 49096
1 77115 133618
1 55078 90557
1 170321 63101
1 138489 183789
1 197187 133595
1 154327 180015
1 84837 166400
1 119050 54263
1 98316 135466
1 101162 157757
1 22772 83432
1 181797 11117
1 32179 23659
1 59601 184208
1 135197 149841
1 4015 137914
1 188729 100336
1 15490 186614
1 59877 152928
1 31953 48367
1 94213 76428
1 44664 180000
1 100529 196217
1 92470 143806
1 135327 20119
1 157362 36643
1 53902 55176
1 123151 96638
1 133749 158255
1 58418 187066
1 107051 192059
1 35217 150828
1 100311 90612
1 23102 84928
1 120795 127620
1 51251 120358
1 197949 62473
1 166880 83961
1 108182 410
1 50418 66608
1 34366 167320
1 119655 114376
1 103735 9975
1 117136 97073
1 173209 109068
1 20069 89400
1 181565 197337
1 82958 32436
1 67630 143446
1 190705 197685
1 90509 153027
1 57528 133290
1 25795 146667
1 181092 168274
1 19244 47610
1 184152 58597
1 112641 67587
1 45214 38339
1 51015 177547
1 70719 148828
1 67703 190361
1 134785 48226
1 190317 165826
1 96257 91564
1 55124 191088
1 138611 32492
1 56657 36338
1 115831 50771
1 62191 31050
1 151647 192579
1 187915 104114
1 63805 97397
1 51649 54192
1 36338 153003
1 91542 184924
1 158452 2457
1 172455 108591
1 184095 106704
1 169745 121742
1 34624 65579
1 22882 129751
1 100637 129789
1 169217 64876
1 58441 175225
1 142745 87293
1 106662 168868
1 134091 86618
1 176315 36600
1 169428 80184
1 144377 169690
1 167036 70211
1 132808 148927
1 72385 124390
1 70167 43226
1 45251 186455
1 183395 84489
1 71217 151142
1 116103 154496
1 89459 95430
1 56197 69237
1 25 66845
1 134164 154445
1 196932 147017
1 50410 59399
1 134420 196787
1 138571 155559
1 161425 16472
1 140307 191398
1 191005 59221
1 22720 148056
1 156826 122930
1 38467 104285
1 85847 170931
1 126921 67980
1 154177 43355
1 194820 145373
1 122440 67329
1 90111 21910
1 40463 190743
1 26594 85368
1 182359 129080
1 128770 159594
1 107822 163698
1 114092 63462
1 156308 161044
1 147315 52450
1 22894 126266
1 24440 128897
1 105838 149142
1 130617 62075
1 44418 124481
1 183646 96203
1 9596 177666
1 97855 73047
1 44418 21469
1 118522 12517
1 53815 126560
1 196531 122683
1 54377 23722
1 185004 135191
1 45948 31292
1 55367 68305
1 35286 69573
1 192025 62284
1 169293 3560
1 187058 33125
1 58702 89232
1 33194 130773
1 6094 21047
1 136109 87977
1 115446 146931
1 174218 2788
1 75595 119490
1 104312 84018
1 67483 127127
1 92970 194193
1 178478 16357
1 78421 67195
1 172588 56939
1 88575 64982
1 166923 12608
1 179210 159072
1 72061 128865
1 28736 120853
1 184983 44089
1 174433 126306
1 60228 184496
1 130347 74703
1 67498 142583
1 29673 19432
1 189917 100818
1 68031 119980
1 115779 74342
1 153589 76409
1 133639 98501
1 181953 105656
1 113154 135992
1 42905 157637
1 182311 184076
1 107066 28129
1 48173 160031
1 12914 91932
1 61762 2157
1 119669 35132
1 88238 11734
1 198750 83059
1 94149 84466
1 18563 60928
1 136913 101848
1 33342 112484
1 90751 106602
1 107640 82888
1 160329 114789
1 187513 156972
1 69412 195304
1 43437 73299
1 10730 102723
1 72057 37549
1 20426 141057
1 173439 100933
1 88174 14200
1 93294 198124
1 160749 116688
1 51277 107941
1 162674 128594
1 7624 118098
1 66092 172468
1 194876 76191
1 191928 174754
1 92223 137581
1 97996 142030
1 188212 122754
1 129381 139386
1 137293 157935
1 5746 136261
1 60130 76033
1 125954 27637
1 33585 13611
1 16171 99268
1 63285 192692
1 27901 54509
1 70956 133085
1 7910 185080
1 2788 116181
1 127591 195652
1 137478 43041
1 1015 158101
1 199333 1350
1 100085 176990
1 48647 176056
1 101332 121488
1 28405 87176
1 185602 80932
1 161536 457
1 162073 93285
1 197717 11395
1 55946 128577
1 133058 91484
1 40838 119697
1 171336 132035
1 622 15014
1 50595 926
1 126077 76566
1 82328 23287
1 117876 119047
1 18879 8354
1 99591 133435
1 4369 37298
1 75782 135965
1 194931 45532
1 101198 86667
1 90050 80043
1 139312 171493
1 196385 121126
1 74978 64148
1 190145 13567
1 75813 175006
1 97265 42238
1 167798 184360
1 90790 85740
1 82425 42892
1 38220 20548
1 102690 146718
1 93773 176727
1 167334 38970
1 42401 19198
1 187106 132432
1 51607 90949
1 91785 30769
1 102306 88021
1 60307 117084
1 28455 6115
1 168292 75012
1 168582 105111
1 113275 77156
1 169191 182719
1 174236 10758
1 176774 148982
1 197503 161744
1 40258 57423
1 191482 150800
1 180771 156165
1 149357 99145
1 16105 106599
1 92780 173822
1 79196 28672
1 40370 81663
1 56337 197445
1 11971 142769
1 110138 182979
1 59618 188386
1 139314 47240
1 83189 25677
1 60999 12752
1 162869 164970
1 106888 15858
1 3098 112634
1 190544 59019
1 134726 49937
1 131731 129131
1 182769 52836
1 41192 82367
1 156565 174997
1 42328 55359
1 127451 2685
1 3174 135641
1 83397 128825
1 186720 26973
1 1244 1720
1 34660 193001
1 34780 150211
1 60534 173272
1 157599 66766
1 142017 175591
1 54535 13310
1 127211 69672
1 45040 98298
1 38750 166890
1 102550 112119
1 54611 184168
1 174210 42303
1 146018 139120
1 30266 45506
1 116104 71959
1 124073 163231
1 153784 105692
1 184396 188532
1 176804 195225
1 77087 161764
1 185869 63665
1 149512 80616
1 98825 32245
1 52929 19161
1 63893 145049
1 123403 31741
1 124827 57431
1 66449 58000
1 182853 77090
1 8923 125780
1 135299 23822
1 75956 59483
1 72856 33982
1 181981 22868
1 169324 55693
1 4596 83413
1 118349 123392
1 90079 42216
1 149511 86572
1 17341 17625
1 184549 52196
1 64526 100734
1 133000 136998
1 149601 130567
1 3304 87686
1 111870 171784
1 135528 46747
1 142357 110788
1 36319 35304
1 17320 129980
1 113635 130189
1 52148 29049
1 120729 5230
1 31205 117206
1 172154 93284
1 124730 104337
1 136744 27107
1 74742 48275
1 51313 98412
1 152072 61117
1 126946 63796
1 172413 138165
1 92560 18580
1 77669 32433
1 157155 18162
1 6275 85380
1 22564 96815
1 177337 186471
1 88264 103314
1 191346 140745
1 107836 9653
1 140369 157529
1 95283 14959
1 105626 129747
1 53615 133889
1 30112 98185
1 173196 188740
1 51695 153460
1 121811 10514
1 177786 33723
1 158204 151220
1 141319 6723
1 16517 62413
1 176985 96119
1 105458 150980
1 167262 33434
1 83621 156663
1 61275 117706
1 126497 63646
1 160724 30743
1 14809 69053
1 148992 105220
1 186430 69454
1 187500 183773
1 1544 162670
1 146926 141754
1 84739 1287
1 111180 94162
1 62814 110973
1 151470 14851
1 33905 125212
1 2562 23904
1 94669 148610
1 131566 179388
1 109768 160457
1 86907 19318
1 140744 169144
1 193791 58438
1 66575 37930
1 60812 151879
1 66887 29182
1 178583 182853
1 129808 33857
1 69803 3784
1 114376 143897
1 49487 24737
1 23898 109747
1 79668 114740
1 133579 124718
1 7652 115014
1 46080 144905
1 42279 139849
1 121491 146698
1 66231 85286
1 86999 165297
1 166439 114570
1 25449 164508
1 53839 103348
1 70778 20411
1 31098 50877
1 124763 6967
1 111059 16297
1 35080 83167
1 50382 105005
1 158775 127763
1 150931 5377
1 71074 109108
1 194864 85800
1 123475 153419
1 49471 164413
1 46639 87097
1 96917 94463
1 9862 1375
1 134892 70688
1 73434 9998
1 176531 19083
1 48942 96497
1 167508 129588
1 49809 140281
1 187430 161956
1 93802 20234
1 187669 12740
1 7110 89316
1 21870 157354
1 164639 69332
1 108847 60962
1 179951 24347
1 110766 163198
1 24758 85471
1 169864 1761
1 79687 152721
1 189261 38152
1 130650 197022
1 146921 99737
1 74445 68442
1 123926 114033
1 71420 16553
1 27584 151848
1 178627 46703
1 138809 125927
1 26256 43835
1 151519 145518
1 168558 155119
1 90634 130399
1 9679 166003
1 47290 90318
1 65114 85083
1 129663 75468
1 25206 69398
1 143338 28850
1 8533 27992
1 143861 176171
1 84740 112713
1 195950 81861
1 107889 106543
1 6633 125945
1 74814 43097
1 67431 47032
1 33413 89294
1 183105 49592
1 142316 62709
1 151321 100672
1 110699 59270
1 181059 78448
1 60699 59505
1 145519 33556
1 92673 90636
1 95706 165994
1 119643 771
1 142134 132658
1 156842 68347
1 164247 159094
1 9728 25543
1 37855 13593
1 190283 177934
1 78123 82212
1 3683 53180
1 38399 187790
1 78673 97641
1 108848 78924
1 10976 19911
1 31312 153945
1 94440 99599
1 37919 57992
1 145688 76653
1 140144 123719
1 17603 163051
1 154329 195254
1 16431 27227
1 111071 1512
1 51545 110153
1 95457 138361
1 77709 152480
1 187459 19729
1 26916 53340
1 155486 193335
1 135774 158768
1 139558 26393
1 94499 6392
1 159963 120602
1 185236 88545
1 152372 9630
1 160407 5910
1 23688 107282
1 147554 19055
1 122623 63
1 92807 63894
1 22585 142735
1 124673 176441
1 110525 33248
1 62590 41654
1 195685 148490
1 139821 78980
1 96263 107755
1 69385 194910
1 96038 166011
1 30502 75189
1 16858 138188
1 60604 194390
1 161149 13409
1 128946 73241
1 11928 147251
1 107052 199372
1 142157 124352
1 30103 17503
1 160645 199572
1 84852 62225
1 175132 107612
1 186788 59163
1 87884 25896
1 82611 96027
1 84888 107585
1 195559 146115
1 73658 154604
1 55690 184898
1 187662 17404
1 40694 8627
1 8448 61406
1 27937 54661
1 179251 144737
1 149289 1707
1 111795 120261
1 38049 63620
1 13598 70214
1 163419 144909
1 109454 34024
1 41464 198726
1 188105 7876
1 133231 193698
1 6508 26643
1 538 73138
1 130837 106235
1 32967 144148
1 82320 106584
1 175997 35544
1 109445 97292
1 121868 159411
1 114527 164810
1 73818 120104
1 54848 75231
1 193388 754
1 16547 47426
1 10673 130935
1 8721 57757
1 55381 173865
1 187528 73884
1 23108 92095
1 90473 38325
1 83772 63060
1 148769 63288
1 142809 14301
1 17753 13209
1 181339 161488
1 11298 113788
1 172090 32275
1 153755 12416
1 54828 187171
1 50596 143886
1 98934 73222
1 45448 12068
1 163506 124466
1 13799 2205
1 178207 163263
1 30817 177795
1 101231 183435
1 149897 26647
1 95372 100844
1 76745 93792
1 56236 104539
1 180498 172082
1 80279 84894
1 164679 53633
1 186934 160694
1 128490 3942
1 61726 65034
1 160839 46000
1 148445 170004
1 164319 144686
1 38212 105867
1 26007 47996
1 35765 75344
1 189090 4621
1 97327 17117
1 7852 174392
1 117527 131178
1 62856 87813
1 136265 117217
1 174748 66873
1 65632 127749
1 180620 84255
1 115522 82206
1 38372 130010
1 192111 97383
1 116937 155752
1 70090 96251
1 8674 158841
1 10728 117565
1 128450 152881
1 52441 140616
1 75482 180793
1 79221 194839
1 98333 64460
1 194857 88500
1 93427 148672
1 84930 146982
1 149025 5460
1 37625 63319
1 54392 64953
1 113599 157891
1 152382 78435
1 131274 181864
1 24218 195025
1 8736 117994
1 55875 107675
1 164003 51013
1 59051 155580
1 34398 35768
1 97255 78112
1 17295 187632
1 51682 163055
1 168053 100979
1 183875 102810
1 38876 33038
1 12188 41254
1 8166 130880
1 110484 124086
1 133851 62440
1 38743 193501
1 134964 5741
1 31932 16036
1 8741 144556
1 178935 84825
1 183145 152231
1 195456 199577
1 120274 109547
1 160579 73182
1 81233 86786
1 74761 3212
1 57922 130651
1 148134 166968
1 79227 198967
1 42789 34426
1 24790 91349
1 61745 19509
1 76285 10335
1 182981 104804
1 61558 32277
1 72598 63655
1 104111 180283
1 82174 81038
1 66187 187839
1 67820 186149
1 86509 186989
1 114507 104000
1 111876 151638
1 198320 146760
1 172503 108798
1 19655 170054
1 132179 3141
1 97856 112944
1 166291 151768
1 8310 45490
1 147183 167833
1 43168 173631
1 169735 72843
1 98043 62871
1 119249 57730
1 136439 13338
1 139746 165835
1 166049 142926
1 111801 182168
1 104144 87214
1 140946 113390
1 9300 88883
1 68009 121170
1 7516 102631
1 71821 8752
1 189287 3495
1 72807 159694
1 33197 64952
1 120778 14641
1 112590 111886
1 147197 99214
1 111034 28248
1 17095 40244
1 72227 98831
1 74554 77431
1 177440 75905
1 112195 133535
1 145379 109017
1 99185 167058
1 167005 97393
1 70659 122944
1 155952 121562
1 37751 846
1 195861 160747
1 11408 113732
1 60879 7560
1 168295 177850
1 88975 199989
1 183605 189632
1 94889 77851
1 142303 47245
1 98359 148121
1 50179 137642
1 84492 159503
1 28418 85535
1 53851 36519
1 119374 121502
1 180457 176228
1 24118 32239
1 165808 92399
1 59824 193500
1 173461 122272
1 28390 23390
1 113357 121033
1 182147 188871
1 20235 191369
1 96127 112752
1 128877 101584
1 82921 65957
1 53543 170541
1 53365 98000
1 7023 115680
1 12870 150244
1 37546 178909
1 17213 48267
1 65815 171549
1 25090 24465
1 184762 124139
1 54482 159761
1 198348 5358
1 30154 67361
1 11361 189810
1 35763 42426
1 117146 137019
1 104462 19946
1 139916 3341
1 170785 118333
1 140079 57525
1 145986 79016
1 82443 32796
1 78244 84600
1 148640 69901
1 51679 15099
1 1301 24772
1 92549 103661
1 104804 87993
1 57378 162726
1 135939 60589
1 153746 80833
1 198549 84725
1 19914 82960
1 135251 113988
1 145951 131646
1 113269 181501
1 167195 196868
1 125476 87289
1 117634 120080
1 157669 197462
1 192927 69874
1 185214 167745
1 168084 108297
1 35437 161733
1 150754 194542
1 117706 158099
1 49461 67743
1 155064 196308
1 16628 95918
1 30548 145773
1 193735 25259
1 89943 106706
1 47593 182287
1 173198 190222
1 82095 78314
1 38268 337
1 30425 74958
1 175309 117947
1 29146 126397
1 133375 194983
1 56930 182801
1 69068 104252
1 75956 42027
1 146971 155120
1 54308 148894
1 53287 73502
1 188144 13596
1 68143 107785
1 33091 127136
1 54047 149360
1 43013 42846
1 145791 121813
1 132774 146024
1 151963 18121
1 79404 112865
1 149426 52026
1 81084 161447
1 168162 2367
1 107366 137405
1 60308 161314
1 153971 126071
1 37988 54511
1 68978 114985
1 57043 139388
1 182017 176081
1 162033 191482
1 135705 121283
1 24708 29499
1 88734 186134
1 22910 3331
1 89381 184526
1 71134 149972
1 140422 161225
1 166373 89076
1 10019 71341
1 70204 48450
1 20665 70929
1 172195 172729
1 71399 108906
1 187741 3139
1 119420 62265
1 71002 71362
1 111110 146483
1 165157 103450
1 56664 105329
1 49487 38659
1 51355 132186
1 99355 39885
1 145880 147725
1 10027 155764
1 42436 44051
1 150891 160935
1 127373 65476
1 63613 104723
1 160804 88247
1 43108 21109
1 39116 156592
1 7220 127136
1 196578 67909
1 174585 108875
1 101996 44882
1 181094 119454
1 17958 181854
1 148866 135550
1 38347 51981
1 33614 69399
1 95713 137543
1 33209 107050
1 52680 57704
1 6152 158935
1 2308 36841
1 51584 187371
1 112264 13262
1 21589 17325
1 153413 34257
1 139352 159398
1 111667 152591
1 82652 11311
1 127711 105970
1 174889 126527
1 42294 148319
1 101541 68980
1 155409 195425
1 83263 11362
1 12417 197397
1 38749 180954
1 116444 192726
1 109065 145917
1 119113 133227
1 7191 449
1 133832 174064
1 195738 46274
1 15109 85442
1 148935 86476
1 161694 157167
1 41257 109543
1 7026 182045
1 180039 21348
1 159213 128057
1 18707 72808
1 183761 31907
1 16661 114806
1 30535 93016
1 87191 3138
1 108774 139999
1 173521 58483
1 190531 93816
1 26775 28151
1 73273 100994
1 27585 12173
1 199674 185131
1 68763 98895
1 41303 36253
1 32462 13183
1 166092 131815
1 146831 56531
1 161680 8554
1 80326 146499
1 88475 196933
1 80386 106002
1 193208 116866
1 183451 139099
1 183309 8642
1 64231 82462
1 17192 81702
1 141280 61323
1 128652 198464
1 8277 181262
1 61500 133369
1 145297 70876
1 46535 63299
1 124105 61372
1 177813 157250
1 114570 52377
1 29552 150583
1 178914 159366
1 59542 93101
1 134605 132691
1 53438 78054
1 45090 29007
1 168745 98888
1 40894 163102
1 19179 136516
1 22449 147645
1 82490 5256
1 91752 78995
1 132342 178342
1 731 35835
1 52408 1091
1 112312 67150
1 154592 8132
1 75663 49014
1 16985 129014
1 59007 174960
1 128816 54013
1 179424 165921
1 144917 121535
1 47410 60125
1 181296 130257
1 6342 33780
1 151912 168994
1 161579 126525
1 69680 192166
1 2332 38503
1 68115 91782
1 102440 192445
1 58304 50694
1 110433 98937
1 131289 119030
1 25225 71053
1 72185 89053
1 162745 181933
1 95172 6115
1 146964 197217
1 66483 31678
1 38955 90634
1 189727 23007
1 6194 178
1 175757 192733
1 15715 106520
1 1723 55457
1 106865 184828
1 181675 181844
1 171760 33960
1 123245 31750
1 160835 126016
1 149041 108192
1 192965 115211
1 127053 4044
1 70076 137601
1 1227 45154
1 45306 84183
1 133750 115735
1 119765 38345
1 170790 18593
1 45834 65832
1 62091 31022
1 157805 121700
1 169846 54277
1 34197 193626
1 32686 155964
1 60357 175777
1 49393 167132
1 174173 172498
1 94920 173970
1 25345 49366
1 100432 174935
1 151818 58676
1 189510 141538
1 17068 151579
1 157075 186316
1 11944 142700
1 85848 94467
1 47859 69772
1 86716 138739
1 188262 83176
1 136435 52082
1 9575 40521
1 103056 72363
1 91351 71898
1 104334 108301
1 86525 173880
1 19291 73652
1 173235 109561
1 93095 198488
1 175696 5439
1 68779 97525
1 183445 40255
1 37565 110522
1 124955 57868
1 120915 12725
1 123836 196202
1 69013 112318
1 47105 100560
1 82919 192676
1 102733 1916
1 67127 102549
1 104199 66302
1 163012 143825
1 195661 190589
1 65648 172305
1 130583 110862
1 28423 120115
1 191337 41591
1 42000 190313
1 80061 184638
1 15699 137187
1 31344 89527
1 86763 131834
1 160300 48589
1 152718 188126
1 56597 160720
1 143514 197698
1 162872 154368
1 79842 169862
1 96816 61785
1 93690 42853
1 116250 123616
1 50047 163424
1 168636 43948
1 139881 11498
1 11121 157048
1 100501 198229
1 159769 7463
1 79630 20541
1 57342 155225
1 165916 108915
1 33673 114797
1 60112 63340
1 95206 45463
1 70350 91563
1 150516 54564
1 186588 52460
1 127730 140876
1 42282 179027
1 81126 170423
1 140642 55188
1 119632 49618
1 30129 133731
1 170574 17620
1 115094 112607
1 125137 79947
1 177962 90106
1 97663 19180
1 42737 9004
1 120874 109595
1 128224 112984
1 39985 115319
1 142767 108415
1 117301 110826
1 26912 14436
1 3327 114096
1 128912 182527
1 8432 21477
1 129342 104806
1 187753 146771
1 103834 49208
1 98683 64828
1 191055 119499
1 167825 23013
1 53075 195416
1 132316 134115
1 68015 153766
1 99072 31786
1 30154 64052
1 126141 195731
1 104762 159723
1 153824 176558
1 198413 109827
1 54442 153737
1 27989 25844
1 181377 184063
1 118898 47200
1 165974 140419
1 172644 181886
1 2134 20206
1 75921 155850
1 128981 155848
1 7251 102955
1 69687 92884
1 80518 65765
1 24608 149215
1 73424 15680
1 56095 155402
1 141105 107128
1 127063 36821
1 20877 191014
1 32941 65517
1 61752 10799
1 198008 185337
1 16065 61867
1 101926 11618
1 91137 187288
1 1067 19425
1 128165 119232
1 183919 104078
1 82426 30632
1 37304 8933
1 138553 39227
1 79765 29979
1 147476 64758
1 83021 143841
1 77247 85844
1 31367 13048
1 140993 118461
1 71227 164918
1 53693 110058
1 195545 30743
1 153852 128668
1 32695 12231
1 65981 382
1 116993 17519
1 51519 38359
1 48028 131838
1 126414 122804
1 93467 118010
1 80077 83221
1 116325 155270
1 162690 171991
1 62694 169334
1 45800 154018
1 135478 94801
1 88688 135315
1 112647 63206
1 32921 162220
1 9170 658
1 134642 132411
1 122563 21520
1 117165 38280
1 24164 66433
1 110182 197891
1 91207 169022
1 160244 144173
1 83192 20700
1 118767 153861
1 171106 93439
1 70018 192630
1 110081 26147
1 47411 180351
1 85576 159078
1 78257 33634
1 92051 121369
1 148701 157649
1 39823 46280
1 172763 99477
1 123176 155463
1 21786 168193
1 79283 133184
1 24674 7958
1 30045 16123
1 28062 128440
1 82579 101228
1 60842 69585
1 68787 104387
1 44446 40644
1 165364 96048
1 46747 195157
1 142225 72949
1 155605 56534
1 69307 92464
1 1634 146069
1 164479 50472
1 122370 28164
1 16821 136728
1 303 47785
1 106347 49658
1 128806 97351
1 191058 21205
1 24374 126923
1 18790 118730
1 91144 138363
1 156835 95387
1 158768 111197
1 97702 78845
1 109299 199204
1 90081 137119
1 192473 122528
1 85699 103291
1 181301 77413
1 181735 9117
1 113266 96828
1 70268 145201
1 68448 57929
1 72245 141969
1 109502 72637
1 81457 22991
1 75722 83005
1 19629 65280
1 16519 131602
1 45737 62537
1 170703 88466
1 65496 80942
1 10137 147278
1 193228 38809
1 106059 38717
1 39648 63527
1 51396 158696
1 142375 111417
1 103331 6424
1 151189 23161
1 77916 180797
1 34989 43947
1 103036 101856
1 141610 118710
1 138937 114828
1 104690 188403
1 91264 152183
1 175352 24117
1 177913 172791
1 126640 44313
1 192990 104290
1 35768 40208
1 94204 138694
1 45700 188970
1 50632 167883
1 5130 20324
1 154149 119397
1 42544 62517
1 128117 131646
1 59443 81110
1 24606 121251
1 43865 127249
1 146078 131757
1 174296 139851
1 136146 90739
1 108744 76052
1 88259 152750
1 129223 44333
1 20979 195180
1 187371 49115
1 168038 79930
1 185837 5163
1 1652 172619
1 37971 124999
1 98189 124782
1 189598 124344
1 30861 97711
1 131446 110395
1 125506 70283
1 978 161737
1 21180 137946
1 112876 161249
1 116949 111736
1 56805 64025
1 99072 24436
1 132916 119333
1 92630 15293
1 36820 153638
1 194014 166793
1 82030 130550
1 155805 23623
1 87621 157363
1 70495 68552
1 172193 188810
1 97156 41833
1 87357 99782
1 63054 139844
1 78004 82265
1 176042 111639
1 67306 60074
1 188988 131317
1 48375 123743
1 165424 144492
1 157977 71596
1 102206 71158
1 108762 178972
1 194045 89379
1 127614 131680
1 166251 41286
1 132402 123670
1 66235 101343
1 149809 131739
1 59233 78921
1 1593 69139
1 174170 130533
1 196462 167672
1 159039 62983
1 23756 151586
1 196747 73311
1 183634 174614
1 190378 29481
1 94125 84881
1 138628 155225
1 194915 33942
1 15370 103297
1 130049 96374
1 121408 156421
1 148166 11743
1 130828 16897
1 7313 102248
1 88766 179385
1 20745 34460
1 111072 121409
1 69387 181317
1 110271 103086
1 111833 150779
1 123322 191100
1 96256 4204
1 175563 15681
1 156042 55726
1 163283 88914
1 172326 160707
1 165611 71411
1 96213 79403
1 72040 4549
1 23766 38640
1 20653 123627
1 78099 171694
1 60600 81661
1 34060 34401
1 172709 61041
1 79685 115635
1 129415 116294
1 60012 163142
1 36585 86707
1 27661 40191
1 160031 56399
1 155513 97684
1 161619 89986
1 151220 135511
1 193996 78827
1 127646 13890
1 107009 62419
1 30244 148421
1 189598 167058
1 73064 115790
1 43157 141312
1 34413 190360
1 59113 52319
1 71688 136503
1 3191 20423
1 17923 53794
1 167750 168273
1 106579 149570
1 81168 56200
1 84412 18618
1 79057 7757
1 21955 62903
1 165647 151049
1 24084 108153
1 48619 60120
1 151541 81251
1 89959 108147
1 163499 23168
1 81911 193247
1 5675 161046
1 56716 62165
1 192132 80238
1 22495 12273
1 192394 172260
1 129659 135710
1 135046 112684
1 199182 15681
1 52572 129702
1 116209 97893
1 107900 178276
1 157878 12967
1 117069 11000
1 59377 137123
1 86678 54659
1 199690 136926
1 108079 184955
1 115009 16629
1 199656 95996
1 54019 146694
1 7544 188435
1 196332 141277
1 69608 88839
1 185116 125409
1 62080 99880
1 195391 63999
1 128306 82716
1 165528 198999
1 23622 76391
1 142222 160934
1 157318 161466
1 160505 191156
1 90923 40191
1 51182 151231
1 31559 162788
1 131657 82023
1 19763 31014
1 185914 93659
1 185467 167264
1 56403 21763
1 26633 12820
1 7697 175855
1 42512 19705
1 188136 33152
1 194490 190981
1 173332 32022
1 174995 76477
1 146781 80377
1 109110 31738
1 85610 128395
1 106233 136765
1 118282 176878
1 106965 37750
1 183486 131570
1 186776 25106
1 37514 180801
1 20622 128323
1 61182 172686
1 125676 90068
1 164287 24059
1 81599 68781
1 55131 111497
1 102165 118947
1 78926 70214
1 20010 39491
1 72718 138994
1 145302 78432
1 93085 179378
1 110900 71259
1 62031 14840
1 88598 160819
1 146394 112882
1 81703 179789
1 63070 47474
1 98144 79109
1 165813 150878
1 5935 5877
1 14269 165465
1 3364 168324
1 172131 189681
1 163358 192435
1 177 191882
1 152566 105508
1 158235 156490
1 122858 89004
1 155206 170823
1 180364 195227
1 30362 115054
1 150380 8521
1 158986 117237
1 91587 90275
1 122529 121922
1 146529 195317
1 111951 5213
1 110041 115194
1 129972 191827
1 151786 75873
1 11564 133741
1 177137 177186
1 157467 54480
1 6798 104770
1 84859 164982
1 187924 129059
1 136035 47693
1 33973 158416
1 156250 65261
1 137324 124934
1 104220 89792
1 96365 170822
1 80747 3820
1 146122 103450
1 115610 159557
1 143910 67686
1 149782 24241
1 27295 99570
1 189494 47323
1 33144 126708
1 149957 63324
1 8709 129443
1 82956 12903
1 118810 55801
1 142565 53428
1 3381 123719
1 19901 116462
1 49131 42368
1 47081 161696
1 90960 43903
1 79021 70045
1 189035 25370
1 28296 88944
1 197465 67243
1 1604 12611
1 16000 2715
1 128764 44883
1 62519 71538
1 193710 77012
1 135347 184796
1 50628 61344
1 18741 84222
1 198365 51622
1 139954 58170
1 87521 31184
1 95364 111871
1 11396 136117
1 185231 164116
1 165274 42496
1 195381 168741
1 183196 26848
1 56126 156815
1 70713 150322
1 181378 91176
1 51617 169708
1 43608 12691
1 195598 150155
1 4740 62403
1 109972 121086
1 188700 87053
1 108586 124692
1 85756 63730
1 128696 34403
1 84523 31468
1 178787 81211
1 186957 51769
1 176535 155467
1 134922 137191
1 178260 45201
1 30142 23839
1 89532 4167
1 56738 177332
1 101980 179660
1 97274 172268
1 85625 9552
1 175105 11152
1 119132 52740
1 71313 169201
1 98848 46337
1 116503 120764
1 12092 100792
1 104311 7743
1 83276 148122
1 64316 131195
1 156388 104648
1 114563 98285
1 88664 135293
1 127975 158039
1 24325 78074
1 26415 30484
1 100644 77619
1 17015 194396
1 14352 19832
1 9116 48724
1 87701 196006
1 103084 173273
1 56572 99663
1 47053 34190
1 8852 190502
1 152492 90916
1 7810 196591
1 153193 155306
1 170508 173158
1 117761 117589
1 144354 196463
1 86459 100049
1 154094 73151
1 161815 164552
1 127390 24968
1 70068 126642
1 144431 100202
1 58432 40094
1 5179 87447
1 168485 152959
1 163462 93703
1 166898 30586
1 165382 155998
1 53384 168175
1 158129 28315
1 13446 148678
1 150155 170114
1 49590 38076
1 86511 95819
1 117177 160813
1 195229 60940
1 174896 28580
1 80965 100453
1 127341 138401
1 195027 66346
1 54361 169257
1 76731 131862
1 140135 113044
1 153607 42541
1 180984 43603
1 144606 115698
1 131984 66561
1 76823 3659
1 193209 146348
1 46846 30449
1 35125 173027
1 27750 112989
1 173482 145281
1 95215 122927
1 15689 76922
1 139802 156447
1 156992 128101
1 44235 176297
1 164833 83467
1 124381 172789
1 59665 113455
1 1260 105157
1 173877 108767
1 47774 167330
1 147098 61049
1 154868 63816
1 137316 10945
1 170960 63825
1 81401 69410
1 91527 153568
1 97966 64578
1 17384 111502
1 112306 72587
1 41741 113434
1 114169 157303
1 9377 144588
1 56940 126427
1 75314 67818
1 176975 170039
1 94842 140191
1 130610 169213
1 193448 96872
1 56348 48479
1 122804 90433
1 128757 116702
1 194274 128656
1 118387 56657
1 10710 137424
1 31175 26290
1 78105 159103
1 161608 109614
1 41707 31947
1 5471 6446
1 123402 164923
1 181429 196514
1 36736 187610
1 129690 139214
1 68979 86762
1 138551 107031
1 43689 1286
1 123766 174606
1 182491 26967
1 7984 144766
1 128828 171771
1 63831 7347
1 181129 32562
1 33444 147723
1 52690 160203
1 162692 61953
1 102665 33998
1 16766 33335
1 8843 43692
1 66216 19204
1 134701 71972
1 31435 128574
1 148296 165494
1 98516 116682
1 180040 111949
1 13116 70369
1 62513 166120
1 17594 190629
1 58546 153546
1 122215 72548
1 127663 197474
1 144497 7595
1 165641 161917
1 169028 148047
1 155185 151595
1 14198 183224
1 169133 92847
1 45234 143215
1 96105 16427
1 136615 97833
1 91009 43594
1 172017 189652
1 176590 121711
1 54472 60065
1 59439 50334
1 133288 112146
1 48793 2538
1 155776 146821
1 17058 62495
1 57246 47938
1 147530 139632
1 137755 84033
1 168267 75043
1 11075 51072
1 104419 167099
1 143303 51396
1 166623 67495
1 139878 165932
1 75498 64041
1 125273 45694
1 189270 13064
1 199102 133164
1 59177 104890
1 101896 178855
1 118635 82572
1 72484 58407
1 151919 166036
1 172718 75129
1 171105 64473
1 164629 173513
1 95823 100992
1 119756 65714
1 156538 49018
1 102003 133636
1 70494 29932
1 48773 126293
1 186559 170207
1 157251 36363
1 79287 19881
1 166752 54760
1 90621 70620
1 3694 92630
1 90744 197229
1 112841 185269
1 29444 73959
1 18434 144163
1 15940 155345
1 10511 48076
1 52329 94364
1 60080 178866
1 189057 10194
1 163172 130749
1 156035 112955
1 188238 75078
1 152090 165393
1 121250 47008
1 72048 138151
1 123284 55593
1 26940 53973
1 85571 29647
1 112847 176102
1 27617 16614
1 49563 160774
1 154278 169001
1 94724 91366
1 160438 188878
1 177964 77297
1 39375 130703
1 20858 45940
1 49783 163254
1 110506 62345
1 145893 96808
1 60955 185541
1 87727 14837
1 146196 183138
1 136372 56927
1 44823 23151
1 109066 161961
1 75307 64886
1 129642 79394
1 138661 21870
1 93275 68785
1 147319 55267
1 42780 118307
1 167099 54882
1 157974 65906
1 66688 188777
1 195841 78744
1 36950 36878
1 47125 3541
1 87895 4526
1 78260 66429
1 53815 70745
1 155733 95493
1 13517 10875
1 183732 25614
1 192098 66062
1 157368 57843
1 128569 136767
1 116069 58064
1 162463 95837
1 154947 59155
1 147252 53833
1 59278 140551
1 4730 149082
1 191647 122207
1 165790 114832
1 125851 172287
1 115269 8443
1 161690 84369
1 29337 185196
1 27802 82566
1 95251 124701
1 157925 168683
1 57482 59804
1 169984 77294
1 181437 124094
1 133014 23345
1 50205 186561
1 49188 37838
1 159647 145345
1 10854 69867
1 140032 138527
1 189889 47616
1 151449 141935
1 100849 168934
1 141542 545
1 169462 157538
1 7057 68274
1 18299 190258
1 51267 93972
1 15623 178135
1 199022 161819
1 64807 136163
1 138516 109865
1 100571 188229
1 180700 133467
1 192896 30226
1 40790 86005
1 146686 50774
1 157517 74316
1 117619 97883
1 79692 18995
1 57182 79481
1 72883 194791
1 112400 137695
1 44988 165182
1 83664 89249
1 139657 151309
1 79694 113410
1 76721 161177
1 151115 143683
1 139274 24641
1 54022 145004
1 56760 82985
1 44394 13530
1 70582 128810
1 166902 116617
1 164 12152
1 60524 7844
1 180562 165139
1 92606 164363
1 96845 74418
1 68469 45924
1 85671 124141
1 87972 171685
1 12939 27049
1 163788 101728
1 61056 188745
1 56721 20240
1 87805 24211
1 41629 73891
1 174638 143521
1 107155 60552
1 57350 969
1 37111 76410
1 77254 17614
1 162011 119757
1 183948 167816
1 57101 158841
1 1760 161745
1 20287 167653
1 18810 14066
1 65271 191349
1 8599 57229
1 113592 193942
1 165886 6923
1 178608 127881
1 51725 169097
1 105442 192303
1 6857 37694
1 159895 184020
1 65574 76656
1 118529 86910
1 36308 30488
1 184688 158647
1 61003 16339
1 30200 34457
1 78231 126666
1 90146 121434
1 139367 69411
1 97170 117400
1 190930 9961
1 113721 27174
1 52715 95482
1 97596 2711
1 95814 153840
1 163492 146633
1 50699 91409
1 192519 5750
1 94011 39930
1 181494 167031
1 140544 69769
1 103080 85274
1 133306 126666
1 160231 109798
1 150599 48805
1 155577 100268
1 198354 81030
1 67089 8656
1 35295 24524
1 176055 4823
1 82005 140277
1 182006 39922
1 780 98121
1 115588 43276
1 150297 195590
1 65079 17681
1 18840 53261
1 87461 50112
1 59386 182283
1 60764 185074
1 138767 425
1 100100 2666
1 46421 197560
1 161873 20383
1 8513 79383
1 45101 176584
1 149325 197543
1 3493 165223
1 100098 175024
1 195218 53465
1 82056 190997
1 74059 93020
1 184171 55989
1 50953 178786
1 110576 76003
1 58587 175253
1 142296 109321
1 162635 27051
1 73460 344
1 43087 61100
1 34154 13875
1 58229 68353
1 166278 195164
1 107145 126591
1 116869 80543
1 140040 27252
1 4957 180157
1 91402 171825
1 77009 196763
1 58923 47128
1 121587 124652
1 86138 194472
1 113210 83356
1 15462 34886
1 13446 18046
1 57125 149390
1 116914 43704
1 28582 163867
1 78041 11054
1 72762 132947
1 160556 168300
1 40638 111286
1 196979 135319
1 179596 55975
1 7200 131414
1 93794 27643
1 175644 63741
1 158931 130946
1 76940 43002
1 20781 151893
1 47269 148547
1 115178 162591
1 61936 174015
1 106010 54957
1 107294 45491
1 171216 89018
1 155727 112880
1 139788 148918
1 99807 95996
1 114281 199575
1 103475 31102
1 71688 81507
1 148995 194925
1 42045 138108
1 27751 146235
1 188344 39469
1 58278 55357
1 112885 22516
1 84349 148830
1 20008 39440
1 146156 103109
1 167459 28557
1 160263 90244
1 56650 83085
1 58620 154498
1 41082 32729
1 124704 62443
1 176884 53480
1 86719 154390
1 30415 78830
1 89955 79031
1 3679 173288
1 4771 187078
1 39136 27303
1 103920 138415
1 29544 11676
1 171228 61371
1 76556 14051
1 112172 126974
1 93840 181138
1 89632 1539
1 40533 32452
1 103168 45173
1 20350 164832
1 109352 180687
1 83107 167407
1 124183 100998
1 183482 179870
1 88884 130036
1 19906 183568
1 147618 96520
1 175666 36712
1 138374 35181
1 96161 28437
1 107349 161784
1 26999 93343
1 116259 137110
1 140627 19440
1 110954 4852
1 82046 193510
1 77847 109168
1 58448 34776
1 53211 107584
1 184417 81127
1 187568 95713
1 75699 144263
1 196906 88643
1 45470 199373
1 184001 56755
1 176508 137083
1 98779 94601
1 86997 129929
1 111326 126674
1 136269 36406
1 109046 146368
1 118668 22672
1 2980 51281
1 101486 80832
1 114632 73021
1 6381 132953
1 8112 195172
1 1867 45666
1 73889 170167
1 78020 167906
1 126885 56741
1 65331 168812
1 157654 164552
1 111491 128170
1 168553 193105
1 169049 50158
1 70206 91121
1 124992 64886
1 20646 23178
1 196629 140224
1 102646 165589
1 43508 15311
1 129612 106197
1 110754 109244
1 100959 33915
1 38524 115008
1 82699 104411
1 161952 195712
1 104156 178255
1 38042 49114
1 168027 172522
1 171601 191023
1 151831 145568
1 79474 80242
1 66230 110387
1 180637 30127
1 190780 93857
1 101263 23519
1 127003 165579
1 45136 27755
1 162427 69865
1 193246 57022
1 105739 155181
1 74649 134672
1 128136 184245
1 181872 75376
1 85069 52917
1 155020 191826
1 188572 141795
1 33851 104537
1 192556 156516
1 72094 86502
1 21811 175927
1 172631 152801
1 25077 93024
1 71021 130184
1 146254 42648
1 40386 191093
1 167228 147187
1 158264 85684
1 32560 150994
1 163551 198085
1 96150 54154
1 81505 103150
1 155875 128915
1 1969 9542
1 48927 127093
1 150833 58941
1 35506 42352
1 194018 50799
1 146419 50859
1 114578 31850
1 103855 103264
1 121281 161149
1 168695 20869
1 32980 26627
1 82541 94462
1 191037 146097
1 38607 9345
1 143210 64092
1 124740 63689
1 85357 158030
1 169703 132991
1 110892 47499
1 86034 103397
1 186890 193182
1 76077 1476
1 128469 52393
1 86775 102617
1 70001 22381
1 39763 13308
1 97733 24086
1 66582 8913
1 171812 165835
1 143376 170738
1 197758 69556
1 70424 64091
1 147208 26444
1 147613 171928
1 173672 119785
1 33515 152044
1 118054 13065
1 152314 49348
1 6863 9887
1 5053 149787
1 174636 133214
1 184489 36078
1 165922 143685
1 109892 1635
1 145707 115179
1 81648 198069
1 53237 183181
1 37175 24291
1 60760 105302
1 32281 18201
1 117886 84846
1 39828 183583
1 174029 13637
1 153843 153601
1 174873 176737
1 126682 164734
1 14792 40487
1 171216 182324
1 146693 197095
1 31822 9420
1 134825 27690
1 14407 91682
1 62439 130752
1 175992 80120
1 182775 150596
1 34290 191899
1 107524 45042
1 119397 25173
1 177177 37037
1 97839 180308
1 129481 90378
1 75365 145178
1 43103 117281
1 18657 128999
1 58885 81940
1 166029 70564
1 133944 104672
1 108462 15825
1 8556 123940
1 82484 121521
1 154363 19183
1 181505 185076
1 143252 183503
1 160439 76709
1 73505 19287
1 21767 20629
1 8185 55600
1 125303 102343
1 21575 75811
1 29812 89374
1 31546 183525
1 23960 166083
1 64175 28772
1 154557 89819
1 75868 186833
1 115138 181288
1 14846 27567
1 42141 11070
1 56964 149275
1 37666 111785
1 143549 89563
1 15699 188765
1 136000 1131
1 31720 192542
1 109530 60166
1 19680 135728
1 55485 103090
1 187016 30338
1 82790 102223
1 15179 85462
1 94927 57953
1 1723 103604
1 134231 7131
1 124127 158223
1 81774 78766
1 77885 9976
1 52805 36626
1 119914 27138
1 94325 116116
1 5455 168693
1 144751 59105
1 158270 101623
1 156900 14802
1 26613 168055
1 137013 140088
1 81393 52763
1 166685 37994
1 156599 60525
1 17885 39500
2 60595
3
