200000
1 185231 91626
1 94826 69994
1 60791 35126
1 174071 25096
1 122910 89764
1 198342 170054
1 164706 5926
1 76579 128038
1 74198 97564
1 56105 121123
1 134349 169984
1 61493 158337
1 181734 174997
1 60876 36313
1 15640 33421
2 75979
1 62969 179328
1 49322 162128
1 188929 113896
2 183242
1 149601 193334
1 22295 138589
2 162962
1 84710 2318
1 148015 138891
1 186480 24095
1 26923 101980
1 73533 111558
2 79658
2 82973
1 159398 182202
2 75538
1 140638 68149
1 142792 159309
1 119881 193254
1 54532 54754
1 9918 156951
1 76184 86946
1 54230 15548
1 198637 115454
1 169236 160332
1 5713 176093
1 142127 107562
1 147814 17373
1 34782 97942
1 198860 163880
1 162403 142933
1 175756 171257
1 86363 85598
1 64006 99246
1 139076 115782
1 166045 74000
1 28240 84462
1 44128 46496
1 169129 103851
1 79612 111525
1 65733 182838
1 104289 106611
2 136236
1 105804 113842
1 153222 75335
1 122766 159921
1 3216 28715
1 40019 184042
1 120677 20454
1 141905 174622
1 103901 126089
1 89099 57522
1 10900 26358
1 23251 88473
2 4121
1 52220 122656
1 175389 1499
1 97829 115603
1 56038 139536
1 20536 13828
1 175702 2407
1 104888 11602
1 113977 79025
2 184685
1 119719 101679
1 50904 54995
1 78376 135098
1 53999 115907
1 75805 54726
1 126602 3425
1 130970 314
1 103479 104775
2 132813
2 179410
1 97842 110241
1 109133 88837
2 191660
1 90014 3517
1 29203 39225
1 72745 39629
1 29062 105222
1 26460 134638
2 5256
1 44723 185021
1 168732 11983
1 64461 77173
1 114897 105697
1 93955 164538
1 91964 120609
1 43821 117246
1 103885 184663
1 121234 22614
1 67969 198596
1 131311 78509
1 94025 156966
1 70149 175466
1 174970 60489
1 99174 79199
1 184951 34447
1 155712 120051
2 96541
1 83503 178538
1 175467 173613
1 94672 27695
1 116526 51134
2 4971
1 10346 95006
1 38019 116930
1 7119 17946
1 126248 123235
1 112814 24731
1 26914 11862
1 155408 168581
1 35343 199626
1 85001 45805
1 104133 41026
1 64484 181163
1 41116 108604
1 131340 109026
1 11903 113954
1 41020 162317
1 100979 28917
1 66985 147020
1 79400 51766
2 155886
1 77165 29632
1 182580 162039
1 55923 90654
1 104894 43442
1 32792 125937
2 110931
1 67293 47684
1 65833 31303
1 85912 16406
1 25612 170772
1 48509 108055
1 158651 164455
2 152571
1 149580 82200
1 96339 53508
1 109921 47655
1 55498 59609
1 129383 160122
1 160802 94488
2 169843
1 182377 192936
1 69539 149383
1 35977 37620
1 177554 94043
1 189362 120083
1 48896 3630
1 9616 38519
1 161237 132110
1 50916 83870
1 186093 63652
1 46158 113344
1 172418 39620
1 59292 27965
1 185046 27059
1 156371 164678
1 72293 56568
1 53245 134154
1 25418 86056
2 103860
2 178646
1 170924 58571
1 140290 138666
1 69142 11354
2 77976
1 137657 102885
1 194774 15367
1 32260 29140
1 106476 166792
2 88953
1 93727 128936
1 83146 57565
1 133041 33537
1 199474 134349
1 39635 191123
1 15188 36135
1 197500 174251
2 25551
1 6092 125173
1 80907 61376
1 177735 59718
1 95287 80020
1 34704 105633
1 181600 52366
1 60339 3150
1 168964 88853
1 58985 51159
2 36101
1 86523 13339
1 67021 105240
1 75615 72244
1 58499 143474
2 24784
1 85887 162630
1 94501 79293
1 60945 123313
1 70719 26703
1 59799 196358
1 116909 30228
1 76807 177276
1 50790 114926
1 47242 157385
1 159203 181436
2 70124
1 68426 97005
1 18920 132745
1 169527 22443
1 90971 70004
1 173864 113451
2 187776
1 57246 112829
1 102940 199767
1 185450 197835
2 89684
1 186532 48061
1 39778 66810
2 198764
1 54594 49925
1 154081 170968
1 156467 164658
1 28953 18550
1 80005 83493
1 174266 81541
1 62383 135575
1 27347 160601
1 176043 157383
1 26752 141777
2 39833
1 71274 179635
1 183251 53362
1 198477 28548
1 151438 145840
1 81894 134268
1 48023 159164
1 176219 45279
1 195848 115992
1 77839 165496
1 78345 27854
1 99088 82474
1 117977 199000
2 123138
1 80513 196955
1 12748 5644
2 196302
1 197660 27209
1 16445 108281
1 7699 16222
1 147724 71058
1 81202 187839
1 152618 70482
1 107781 161655
1 174893 189321
1 100175 40438
1 162835 166666
1 22717 158812
2 42831
1 108879 111242
1 102189 80468
1 154785 53107
1 67994 44449
2 181570
1 58437 114552
1 128969 72980
1 68335 78008
1 171939 133089
1 113110 76785
1 173316 34025
1 118970 6669
1 160413 194154
1 32474 20915
1 138499 60719
1 173642 111220
1 163161 72028
1 107191 184249
1 45883 171384
2 114872
2 16563
1 102460 72055
1 16294 132732
1 56987 178915
1 72666 167928
1 146642 19695
1 5760 82818
1 44274 149160
1 66883 99927
1 54827 162968
1 47022 180759
1 99611 161005
1 27348 141018
1 77975 154473
1 120128 142135
1 93369 9804
1 163613 112912
1 5995 141759
1 165157 48226
1 40562 124866
1 128783 137804
1 106814 111832
2 30324
1 7580 169649
2 45579
1 97059 55795
1 71448 58975
1 32753 2445
1 72222 132164
1 139504 67665
1 87047 118858
1 161513 117600
1 174771 120622
1 100753 36098
1 162574 95772
1 104598 109711
2 54524
1 96687 54506
1 103229 121535
1 129127 60877
1 77565 33643
1 121060 174047
1 128968 99148
1 60338 46885
1 31903 66454
1 98603 87388
1 155770 149517
1 65563 48444
1 180184 151861
1 120628 130382
1 157574 119677
1 179443 185393
1 169519 6439
1 44562 130153
1 192421 68987
2 47344
1 44337 135727
1 79798 153597
1 131409 76180
1 108139 84010
1 12075 128614
1 33200 153680
1 151466 193297
1 57532 31776
1 139442 149478
2 146286
1 18206 114320
1 4578 192407
1 134987 49376
1 73949 137995
2 82274
2 67089
1 92842 181095
1 102318 8415
1 129386 1192
1 10959 38375
1 43815 187366
1 199421 149840
1 23341 71677
1 74630 180855
1 64772 18495
1 198288 40701
1 12349 54431
1 178568 74964
1 82621 147041
2 61646
1 76852 133128
2 181228
1 144343 109778
1 139363 186247
1 35236 117096
1 140860 59744
2 132892
1 69756 34366
1 102173 65911
1 110350 41481
1 140514 163715
1 2956 181904
1 100401 32118
1 87096 88137
1 121366 105138
1 139464 126552
1 60981 127896
1 44916 32126
1 181868 171023
1 90943 16958
1 65478 70870
1 2053 151505
1 146721 39497
1 25092 96779
1 106466 180848
1 17453 194764
1 107863 175182
1 181675 183403
1 198764 102760
2 198645
1 174900 18643
2 78285
1 196400 31806
1 87812 64937
1 84189 122774
1 64659 180381
1 149135 62840
1 67854 166692
1 120319 62684
1 177670 85333
1 158819 38594
1 74390 9613
1 154462 77697
1 92656 156764
1 50920 117131
1 89900 26351
1 80378 168003
1 85651 153982
1 22655 110146
1 194344 14647
1 15288 81829
1 14584 42922
1 5486 118939
1 75684 161910
1 43422 102189
1 8876 86003
1 149279 51086
1 19007 199329
1 172951 109030
2 148224
1 63505 114079
2 42517
1 148818 18134
1 197533 111541
1 37663 89660
1 87676 17841
1 18503 152462
1 12518 137421
1 53404 59910
1 28282 72282
1 85536 126422
1 33622 40732
1 74668 114995
1 188957 27006
1 176803 168546
1 96328 151733
1 155735 185159
2 122224
1 90697 84217
1 130977 28955
1 135558 3783
1 74150 50181
1 44087 20657
1 103742 92912
1 173515 203
1 137015 23342
1 109256 192698
1 103119 157742
1 13586 174553
1 23140 165638
1 179579 197739
1 48094 124544
1 66955 28166
1 475 183720
1 58129 160764
1 13275 51732
1 173291 155725
1 168493 88820
1 32722 142604
1 66778 83612
1 17641 133584
1 170000 61327
1 112327 64476
2 25489
2 144476
1 79888 157655
1 195233 90221
1 16081 133207
1 56742 54159
2 39861
1 137680 106072
1 23819 1972
1 83771 544
1 118412 157259
1 96653 192610
1 74116 32882
1 170384 10945
1 45513 123073
1 11863 124404
1 10307 121822
1 195556 125326
1 189626 93930
1 94425 184200
1 177254 140269
1 90593 142481
1 114161 154302
1 122144 122648
1 145167 125751
1 150872 119833
1 23937 160664
1 127260 169382
1 47398 112122
2 8954
1 36924 23747
1 71543 136100
1 139874 139924
1 67289 79904
1 174883 155155
1 107458 125298
1 33840 83720
1 129023 20870
1 83144 72082
1 168059 155745
1 93668 4085
1 79239 88585
1 32483 176996
1 70124 98164
1 148917 128847
1 86575 61359
1 81994 162416
2 178788
1 199596 151037
1 14307 141558
1 101515 184638
2 66472
1 43134 84116
2 35198
1 17761 195809
1 145629 90097
1 129782 7980
1 151384 53907
1 89849 86760
1 156207 46282
1 186945 9324
1 85013 161112
1 198025 180295
2 162524
1 37460 68533
1 53999 36768
1 110357 93026
1 152250 121970
1 50172 163379
1 49065 176712
1 131637 115352
1 158308 183267
1 53727 197858
2 161517
1 195012 150201
1 194700 16759
2 181134
1 75756 27675
1 177375 182361
1 99395 104986
1 100875 38338
1 103873 44769
1 50786 46458
1 108788 65084
1 175449 188690
1 66001 51476
1 76071 7046
1 4604 145885
2 40496
1 16061 8341
1 108640 90802
1 10397 51971
2 184590
2 91270
1 15941 34843
1 15722 106857
1 64950 5440
1 27885 78487
2 39008
2 197691
1 61778 40530
1 160716 185325
1 191325 44996
1 165133 135789
1 70087 64811
1 161454 197444
1 100663 163883
1 162939 10523
1 145529 150788
1 98627 158728
1 180682 142595
1 136451 15127
1 147681 2217
1 112657 56218
1 172478 113820
1 88586 181748
1 10167 196813
1 55934 113186
1 195456 70825
2 102362
1 167045 16123
2 38505
1 9480 134338
1 49538 88881
1 35447 38488
1 132872 160248
1 76733 193615
1 93730 26975
1 152922 87715
1 187126 57702
1 69106 175341
1 108265 188923
1 36313 177234
1 67152 31363
1 71454 93994
1 40729 86439
1 65946 166899
1 29626 45667
1 71931 129080
2 75739
1 163781 32396
1 90389 67327
1 199279 174407
1 198809 123001
1 65643 90845
1 29223 7180
2 40404
1 89020 190949
1 95333 124300
1 161088 36363
1 29407 179684
1 27466 107442
1 146812 19920
1 119191 199263
1 7785 165002
1 128021 24335
2 11788
1 21105 73546
1 121027 35543
1 14011 157443
1 167774 109967
1 112054 48384
1 134021 160280
2 129512
1 85140 132898
1 147370 841
1 101033 55949
1 14153 167374
1 157743 33914
1 188137 150322
1 33918 155425
1 65350 99079
1 72453 13870
1 116598 152318
1 46679 65451
1 122574 74484
2 114937
1 194227 195603
2 42104
2 85559
1 158116 167605
1 143989 51198
1 74725 140996
1 183156 109688
1 86767 36145
2 173349
1 113483 195894
1 22493 193009
1 37754 110138
1 84712 144121
2 28453
1 8140 155400
1 66319 82657
1 155720 62800
1 114358 35797
1 188555 47426
1 86844 57804
1 63811 151743
1 141391 104506
1 15627 119284
1 53259 50572
2 32571
1 197931 121383
1 170191 77876
1 172815 32097
1 44733 45611
1 131395 6247
1 169296 186931
1 114176 20167
1 188834 103631
1 11052 142937
2 166268
1 179508 129966
1 12331 139392
2 187310
1 123053 121410
1 45303 108815
2 171870
1 97182 59654
1 165659 20982
1 38732 106409
1 176945 64917
1 125863 17640
1 53308 118124
1 34664 30282
1 134918 158187
2 170860
1 62325 111913
1 193330 42588
1 52711 128730
1 159042 111902
1 74576 56057
1 35615 146302
2 39328
1 115401 199256
1 153767 21948
1 161120 83909
1 130145 145709
2 103608
1 24016 20388
1 892 146755
1 29970 183786
1 42446 156371
2 155818
1 85868 175922
1 127325 62885
2 74740
1 81318 50730
1 24424 188287
1 137968 41574
2 104221
1 104010 58084
2 79025
1 57664 179602
1 114459 143571
1 69063 183071
1 188948 119952
1 93455 115546
1 75858 68071
1 3754 21296
1 92402 182
1 26738 155871
1 70565 164973
2 42609
1 52451 72443
1 37485 157906
1 187910 49138
1 146375 153992
1 152711 195711
1 51666 62077
1 78118 23643
1 38583 122174
2 26856
1 120896 97652
1 194414 2564
1 21565 157284
1 198979 149711
1 199591 40721
1 134857 71466
1 15118 162492
1 23598 158634
1 85276 162475
1 96549 125320
1 72196 15925
1 91639 152458
1 150888 84106
1 22349 106993
2 78282
1 108586 198396
1 123804 47286
1 73122 135570
1 5798 196845
1 162637 157984
1 22650 151380
1 43655 45960
1 108910 88286
1 2463 65865
1 165622 67703
1 69764 78152
1 192627 12019
1 125676 92193
1 11839 35062
1 45127 17582
1 93816 13924
1 118307 192855
1 72587 109643
1 44832 22235
1 22531 160016
1 107799 185694
1 179666 107607
1 123527 139827
1 188639 94199
1 153088 80811
1 76560 102493
1 11283 88094
1 59993 198079
1 153721 127289
1 187334 149188
1 187138 9609
1 179141 97586
1 37825 160199
1 73975 176408
1 143414 107364
1 190968 2620
1 72444 27222
1 49197 711
1 73524 132707
1 19405 77807
1 145522 106029
1 75507 136614
1 181734 37567
1 166115 63297
1 81357 50199
1 160922 76075
2 177688
1 148182 41819
2 5347
1 72673 136528
1 173747 8982
1 97923 119346
1 123723 59357
1 149151 192920
1 105596 183371
1 151151 72428
1 100064 87593
1 41383 24650
1 15018 186821
1 159426 155060
1 74002 30203
1 166866 134840
1 150660 134664
2 169480
1 25363 190089
1 85133 75968
1 183780 174198
1 106251 47248
1 8648 113555
1 39736 27218
1 67593 115342
1 199738 81776
1 35971 122849
1 159848 15024
1 171698 15233
2 49016
1 170304 160641
1 21353 101609
1 172163 175247
1 182662 73266
1 197696 179972
2 119737
1 146426 71625
1 93239 94056
1 11428 170591
1 37294 105053
1 45767 58725
1 124245 82766
1 197822 88967
1 77642 10407
1 166497 184295
2 49923
1 43687 31056
1 143557 129725
2 94562
1 166271 143456
1 41140 44198
1 53270 140871
1 137919 17869
1 92098 49315
1 1477 139935
1 28615 88343
1 24194 122304
1 130346 53968
1 161213 197336
1 91160 118863
1 64660 16643
1 184660 134772
1 115084 36667
1 124326 26957
1 67544 22146
1 108418 46367
1 143786 102804
1 175031 115636
1 46200 57612
1 189273 142757
1 140817 84565
1 16497 56746
1 38368 133652
1 188963 151199
1 148095 161620
1 60383 151001
1 85375 57970
1 129356 107050
1 92535 129162
1 166961 121648
1 199819 63713
1 29478 33956
1 33407 100052
1 12923 21346
1 176060 51393
1 184743 134580
1 181217 184628
1 65971 73060
1 11022 71444
1 33832 188801
1 76077 118030
1 105206 10289
1 115073 129922
1 96165 82680
1 94195 103918
1 12865 2631
1 89370 193431
1 52162 29513
1 83659 195326
1 109242 58537
1 72418 38530
1 152194 192936
1 172431 87634
1 139559 47582
1 91428 97495
1 100048 182094
1 40926 160543
1 45171 196910
1 22322 90444
1 43833 19959
1 36505 82557
1 31022 179434
1 104670 115325
1 115246 100771
1 29287 138987
1 158732 64995
1 153667 184233
1 73348 139608
1 141427 76297
1 130275 4079
1 16635 86196
1 168053 186461
1 85803 41565
1 55344 177257
1 24681 89894
1 109215 53310
1 110209 25617
1 83216 167600
1 23279 68521
1 130882 181260
1 198443 154737
1 120585 60261
1 91894 51789
1 65540 190300
1 172773 132911
1 94273 65520
1 141227 119749
1 60974 966
1 107115 170401
1 102851 79610
1 74238 188393
1 80558 134246
1 64578 143296
1 138112 129650
1 228 87284
1 152598 197596
1 15278 24681
1 50889 177546
1 105748 23238
1 179865 22734
1 122363 101854
1 49688 167416
1 178891 131489
1 17299 26850
1 26615 121348
1 172358 87928
1 14666 64878
1 188224 12998
1 114356 83236
1 189972 84423
1 101653 87735
1 108930 89003
1 105417 187564
1 10212 295
1 177140 154860
1 65373 132035
1 14928 170157
1 108031 143328
1 32628 146592
1 44604 27465
1 21159 176092
1 135312 85692
1 72101 30731
1 96684 146295
1 86577 23892
1 23717 148296
1 129499 28680
1 71390 152080
1 137108 99600
1 12211 178839
1 188848 152855
1 135719 114198
1 3642 32244
1 141904 91904
1 31742 60314
1 95489 191250
1 69522 186947
1 83384 191965
1 100902 140825
1 188042 196305
1 151951 161255
1 14347 58252
1 24014 64129
1 138882 135011
1 79590 120623
1 118284 165872
1 45533 64927
1 156495 126173
1 32978 23754
1 80930 182575
1 24128 101863
1 178810 8278
1 147665 32911
1 125144 168692
1 24486 50097
1 19634 46827
1 196454 159159
1 114847 94060
1 160453 169144
1 7686 56317
1 174295 136735
1 38280 118154
1 131349 58716
1 15789 83888
1 63279 150857
1 68365 132230
1 136402 128799
1 109568 142828
1 168251 199258
1 57159 141016
1 179645 191018
1 36668 34846
1 84495 38491
1 36855 46591
1 179929 150279
1 128258 13302
1 166912 196538
1 132096 187263
1 150000 550
1 17625 103656
1 170985 162248
1 120233 111644
1 199437 39450
1 47593 57901
1 12649 4411
1 191645 199010
1 131906 181083
1 14656 31873
1 51169 120363
1 48749 134430
1 120930 151172
1 53583 15205
1 140793 11287
1 58122 15076
1 73989 186197
1 172651 149341
1 126810 1439
1 79566 110986
1 5321 12784
1 82638 133872
1 7986 24010
1 26866 21161
1 104397 58206
1 11030 121901
1 138421 187391
1 168599 22177
1 823 36361
1 168515 53347
1 138393 161614
1 11968 70100
1 170477 14657
1 196987 110630
1 72664 182118
1 79572 147367
1 43037 97658
1 122824 140046
1 73199 185758
1 31519 96070
1 91767 92618
1 121558 7225
1 3555 172463
1 138383 180959
1 17328 196717
1 166456 191623
1 106361 6391
1 169401 194596
1 24575 115139
1 178209 99355
1 30587 87669
1 149331 151500
1 6946 33934
1 153133 184095
1 49848 114577
1 47994 61009
1 185880 131959
1 180696 192382
1 77954 123284
1 67372 100785
1 109990 3784
1 18308 75242
1 180528 23850
1 193228 12399
1 89940 126833
1 185270 59350
1 146524 188581
1 193507 97169
1 65071 187205
1 170007 16058
1 111396 133946
1 77788 68705
1 190343 127997
1 175669 276
1 185067 32004
1 124869 37358
1 3249 138866
1 92609 179683
1 194839 58239
1 77267 99147
1 80452 135908
1 95440 51244
1 76498 191500
1 26269 106189
1 158813 46200
1 196764 123320
1 122252 28913
1 165469 78415
1 37213 170996
1 164419 10066
1 166453 113048
1 185652 42415
1 41640 91971
1 51077 85131
1 63685 129934
1 173797 121104
1 179174 33141
1 127753 99192
1 111414 71491
1 150679 181848
1 186436 127549
1 73494 133808
1 65671 95950
1 189206 132658
1 110642 68148
1 100060 32785
1 15865 44137
1 54224 32395
1 176356 119891
1 180778 96890
1 181011 95535
1 156122 155927
1 167059 78651
1 174007 137104
1 55072 33507
1 136362 23500
1 74939 90542
1 109148 50811
1 52782 183530
1 41181 117027
1 188380 183445
1 197014 9256
1 180175 54157
1 23665 158363
1 37308 36794
1 169607 161095
1 7321 92922
1 137290 101624
1 57186 156301
1 57076 141964
1 180263 42562
1 96687 181694
1 12378 56162
1 110406 37808
1 101016 168347
1 132876 53881
1 59830 163631
1 165515 112240
1 48718 138141
1 117999 66423
1 153161 188240
1 140468 50443
1 61230 99271
1 7437 158986
1 164268 190213
1 14358 194629
1 130532 145210
1 91645 199433
1 189243 79984
1 129324 17896
1 27166 35898
1 46009 16717
1 1238 38298
1 110417 69248
1 25486 52210
1 33250 126518
1 81058 140269
1 87561 189725
1 11947 115247
1 112315 149862
1 41864 121786
1 119479 168915
1 196078 6305
1 48939 20035
1 17267 124658
1 149286 56699
1 26072 173216
1 120638 180151
1 198549 44718
1 74946 6193
1 44968 153315
1 19682 97457
1 87712 65706
1 182942 55254
1 108583 53064
1 188908 93539
1 6479 57412
1 108974 94669
1 34910 27601
1 123283 88068
1 27613 114367
1 48780 161536
1 75677 181859
1 83249 70862
1 126602 6276
1 72821 8090
1 19060 160583
1 104648 124991
1 19227 142557
1 11979 12365
1 73211 21995
1 37816 123546
1 142616 100666
1 82 80716
1 95756 96929
1 71628 93733
1 54990 135983
1 176822 38800
1 181381 136348
1 80812 51178
1 24206 184818
1 187906 80980
1 64841 175096
1 182954 14265
1 60650 131808
1 43944 39643
1 125630 16241
1 21368 197154
1 92412 124534
1 152317 105895
1 30479 103528
1 189613 63166
1 49377 67930
1 76668 142978
1 1769 166628
1 77894 167525
1 104056 116754
1 26944 11575
1 5952 38029
1 24737 6262
1 85926 190793
1 24333 102423
1 72969 74544
1 28354 79892
1 156499 179407
1 32966 101559
1 179263 100032
1 3344 105446
1 140972 143832
1 110454 199023
1 38049 190674
1 95447 60180
1 44257 153594
1 147785 67866
1 14576 133854
1 127622 83599
1 19558 140594
1 127058 152090
1 196660 40450
1 29359 166024
1 191348 13853
1 32837 136212
1 95670 145344
1 87564 160373
1 101703 58049
1 119036 41518
1 171396 66045
1 69943 114514
1 32352 122884
1 186932 27862
1 78642 170819
1 25135 19804
1 113411 53169
1 61455 95868
1 22358 173886
1 162776 77269
1 177016 93177
1 37330 187989
1 178249 38208
1 63737 53381
1 151691 95597
1 50854 192728
1 14827 43967
1 188222 118517
1 138382 112071
1 42585 192386
1 135710 93652
1 177014 43060
1 169044 16864
1 139741 191444
1 28999 64188
1 851 185428
1 103670 130361
1 26373 51410
1 97043 104664
1 155887 111723
1 94416 34228
1 159245 8772
1 154414 158191
1 180676 70485
1 9411 86426
1 109009 13175
1 100875 22313
1 191025 11823
1 62002 154198
1 111954 154811
1 60513 142035
1 69434 96156
1 136647 118966
1 61302 110244
1 176361 66720
1 116742 14850
1 148781 170095
1 48519 33227
1 107108 105445
1 183521 60683
1 190870 182999
1 121394 76109
1 30929 138266
1 186 14758
1 59957 164523
1 144327 154952
1 175481 32157
1 40420 56326
1 35266 124360
1 109822 70563
1 62438 192496
1 131094 177120
1 139579 70964
1 149422 46277
1 186789 52537
1 52781 135471
1 186719 157141
1 118165 85146
1 188234 110975
1 31079 94449
1 91828 39926
1 90837 34580
1 32554 133553
1 187752 171305
1 131264 133960
1 1395 55334
1 3872 183777
1 79608 36893
1 67281 85980
1 24024 134921
1 131530 57346
1 143040 177816
1 38136 18860
1 26706 44537
1 143819 172720
1 129234 166503
1 30599 123409
1 104787 173687
1 71498 122983
1 117536 57502
1 34905 76428
1 166126 15558
1 122607 195849
1 6722 157394
1 48136 198016
1 135007 69296
1 142891 24603
1 181555 115167
1 68598 12532
1 88194 71808
1 20719 81222
1 67858 70945
1 148232 194771
1 1816 98440
1 48113 108759
1 6627 30589
1 72740 4398
1 134088 120346
1 55788 6273
1 16461 73815
1 78584 38070
1 62106 25041
1 17055 153625
1 48732 90459
1 131444 164037
1 139195 179080
1 83852 89367
1 53759 17271
1 204 116500
1 6590 188063
1 130360 166745
1 102409 7389
1 117497 57476
1 106775 20603
1 117935 176290
1 170674 176003
1 111736 94296
1 41952 147461
1 187775 78293
1 151317 47077
1 105288 165687
1 166167 193384
1 73914 159356
1 39793 166592
1 20910 112877
1 43356 6485
1 88311 153286
1 24426 24790
1 70578 184296
1 113461 198273
1 192463 22146
1 48199 33839
1 126432 135933
1 139019 189155
1 26402 44007
1 120820 187668
1 107594 127778
1 181740 33145
1 88082 39630
1 73088 168596
1 31427 54644
1 62730 16450
1 197061 50868
1 93790 6657
1 63012 159345
1 33208 170499
1 124069 92155
1 146982 138098
1 141450 99004
1 191730 159044
1 77921 53991
1 23443 58497
1 57299 101726
1 16852 173394
1 186092 87715
1 49668 6924
1 6374 40002
1 66975 97597
1 145147 95036
1 73277 130998
1 40938 172470
1 196090 67226
1 143048 169187
1 165605 155877
1 169163 151791
1 79661 111360
1 178260 38574
1 82696 173764
1 159291 145348
1 175078 167948
1 58911 18133
1 104597 117696
1 21613 147759
1 42421 57247
1 147888 101495
1 52447 7693
1 61018 4113
1 74130 178845
1 78033 129492
1 90526 39328
1 181438 76269
1 15636 61550
1 45586 72850
1 142829 36788
1 179929 121642
1 177529 142655
1 157699 75003
1 53131 115847
1 161904 111316
1 95267 98815
1 29501 104187
1 154012 98396
1 97804 117401
1 104152 8484
1 145112 107173
1 164840 160058
1 55480 47694
1 119039 189990
1 20019 107309
1 140633 97513
1 186438 189290
1 194855 150018
1 2610 164076
1 44927 82554
1 191689 95303
1 185858 188214
1 99897 156898
1 167821 61438
1 179417 13542
1 4131 95433
1 130804 62573
1 159131 192523
1 64212 187434
1 149318 2242
1 165585 94293
1 68708 129597
1 5081 55578
1 23687 20589
1 15553 78338
1 53191 7344
1 106061 55778
1 165544 142748
1 85053 104002
1 119560 96329
1 79513 161104
1 178765 13602
1 26109 167686
1 45198 149548
1 48104 70617
1 188801 83415
1 121537 90532
1 198885 23941
1 80619 151060
1 136817 103705
1 651 196820
1 123772 44034
1 28567 84155
1 47022 115528
1 175776 173365
1 135079 179221
1 96611 51567
1 118509 30471
1 172557 75847
1 7259 121845
1 3020 54131
1 163785 34368
1 192670 17520
1 33206 79516
1 196563 93358
1 59453 46750
1 173478 124602
1 129079 172552
1 183356 121708
1 22636 10130
1 136892 66193
1 90496 59068
1 128080 124443
1 108827 32401
1 44025 177544
1 131993 55485
1 83162 13520
1 23220 47571
1 188605 117843
1 118126 109528
1 122410 149378
1 73795 37139
1 98986 124748
1 156110 176729
1 23063 137547
1 31610 17236
1 199846 11376
1 133741 42259
1 166775 10285
1 18159 173400
1 163420 159521
1 40224 78749
1 7719 64840
1 29979 58024
1 48249 117732
1 78309 104913
1 124104 145127
1 130651 70545
1 159536 95394
1 74715 133965
1 127422 38386
1 106673 29347
1 186424 171369
1 21892 84084
1 3377 39739
1 63234 72435
1 149451 80170
1 173833 52909
1 44813 149300
1 96471 141016
1 131112 145275
1 154100 39904
1 194308 154100
1 147037 34928
1 189456 116308
1 148084 169086
1 126793 47864
1 191143 25882
1 141642 73876
1 194655 168119
1 41301 162526
1 88810 190011
1 141217 68475
1 58474 195076
1 107492 45994
1 76350 181691
1 57698 181360
1 51377 180061
1 175223 143427
1 43682 80007
1 108897 141690
1 187379 61121
1 108177 134133
1 191350 57678
1 110899 89737
1 40148 83508
1 43068 27887
1 96384 75975
1 103860 54765
1 151644 117114
1 30404 23364
1 17194 168616
1 38208 68315
1 156021 18207
1 188920 35307
1 77184 30126
1 11132 108013
1 162543 107441
1 82606 172545
1 85556 191898
1 164556 190880
1 94781 86658
1 116030 180868
1 36508 18096
1 131740 168982
1 100919 36136
1 98947 128600
1 121201 5496
1 42266 179092
1 50136 101311
1 100256 48516
1 13648 54014
1 24248 27651
1 51648 179171
1 124791 177972
1 152315 71444
1 7021 110833
1 157745 8953
1 110898 18743
1 5463 59277
1 105266 58959
1 65620 49126
1 28540 157952
1 184365 133954
1 74759 115635
1 23667 174484
1 83590 39270
1 124715 92687
1 177902 77845
1 53374 176370
1 42629 85862
1 50594 78996
1 118125 193748
1 129352 129266
1 86256 54750
1 83399 136119
1 92110 158385
1 167561 88075
1 190277 103890
1 52085 135775
1 50400 107408
1 63836 23095
1 182531 141865
1 27751 91128
1 59125 190204
1 195841 83700
1 2095 18991
1 21057 87988
1 145380 87649
1 12442 19525
1 106834 59539
1 148870 111237
1 19271 186834
1 155120 158448
1 190647 145192
1 190689 32422
1 122941 75843
1 6637 30335
1 161199 1125
1 44254 126098
1 185958 107790
1 55713 148161
1 126990 145831
1 7919 104393
1 177836 86641
1 160255 24969
1 117293 143596
1 197226 115280
1 22070 30796
1 75423 174636
1 194665 101208
1 147272 7984
1 115380 150180
1 87740 137413
1 38881 194355
1 131879 110132
1 105433 85221
1 147894 82867
1 44858 96870
1 23878 64813
1 21338 165338
1 53583 72535
1 19612 164099
1 78285 116656
1 63986 21109
1 141488 133208
1 55603 57404
1 95172 21525
1 79712 123276
1 22755 114849
1 137585 93737
1 53849 150071
1 110885 92695
1 160856 193247
1 115082 158917
1 198941 29944
1 105032 198965
1 108130 170054
1 27381 47919
1 139590 181500
1 78740 79527
1 177465 168395
1 60335 118059
1 1964 23788
1 61975 109329
1 43001 44906
1 175544 142432
1 108110 21491
1 148323 140158
1 96223 56351
1 144918 172506
1 143436 132994
1 22606 10843
1 80272 191023
1 81552 63496
1 182317 184845
1 75188 61368
1 73172 105822
1 5299 13757
1 137944 192141
1 131442 34573
1 26837 169592
1 55246 189233
1 72733 72127
1 166058 143153
1 85347 192459
1 97015 84287
1 130219 20258
1 144644 109858
1 162290 126377
1 23558 137382
1 101594 103098
1 117865 99906
1 139416 73961
1 69719 159690
1 42272 170513
1 170376 18518
1 166097 192101
1 72138 108402
1 37726 54451
1 16211 88648
1 189181 44475
1 76741 41994
1 161427 123248
1 123713 14500
1 32094 52109
1 152239 83169
1 171044 116700
1 27659 195484
1 3997 6979
1 180532 1450
1 127325 45136
1 121585 45062
1 73220 174086
1 175685 192253
1 59305 124264
1 137077 146459
1 89475 10886
1 82391 100885
1 45914 57157
1 34333 170295
1 92206 97139
1 68194 121425
1 178661 77835
1 78772 193118
1 187515 181125
1 116705 50549
1 159461 54370
1 141959 73332
1 171334 91894
1 128023 161768
1 174870 48438
1 198697 161601
1 157455 184196
1 141126 183414
1 159513 124025
1 141361 57013
1 178424 183922
1 45431 191758
1 63796 56798
1 117049 108064
1 19850 191110
1 182584 117699
1 167185 158749
1 21600 159735
1 118255 118411
1 49943 151693
1 54653 149748
1 142535 38740
1 85047 57102
1 190761 88519
1 148520 68003
1 47701 111029
1 148054 58915
1 63560 74416
1 31402 185517
1 161077 66106
1 155554 106143
1 113998 137453
1 124410 139996
1 181268 152617
1 48727 74909
1 179997 61507
1 67318 146427
1 168678 190123
1 191701 23612
1 80537 1951
1 155872 94812
1 80992 25871
1 68254 16029
1 82411 163024
1 157149 188753
1 189245 1668
1 78107 112999
1 54205 82889
1 9334 199733
1 193276 5921
1 726 174853
1 30722 53602
1 17625 168227
1 62302 14239
1 56959 130469
1 180718 190678
1 83927 152763
1 69867 117339
1 185514 84793
1 69496 132
1 78310 27298
1 159852 158742
1 189453 136695
1 138141 1520
1 167327 61313
1 104560 147639
1 45636 111387
1 197918 152322
1 45886 87363
1 150473 35846
1 22863 132194
1 53311 19843
1 148199 95769
1 174093 177521
1 13521 104270
1 62472 75813
1 6557 9143
1 110808 172488
1 93008 149543
1 140294 31803
1 119179 198935
1 64455 170115
1 114554 12982
1 143560 104634
1 93950 164339
1 197820 110201
1 114396 26378
1 159205 120128
1 113062 40397
1 76127 84713
1 154730 70261
1 68210 65100
1 133467 190889
1 22937 142707
1 93821 164174
1 10319 127616
1 176596 143951
1 51417 55517
1 113742 159791
1 147865 9828
1 169327 27980
1 31058 71632
1 47166 164534
1 104695 187940
1 8174 156912
1 111993 160475
1 57359 199238
1 12560 32015
1 90486 163216
1 155720 38253
1 129642 118596
1 35152 20633
1 167120 30595
1 168192 62237
1 139417 30173
1 165225 58519
1 139498 57638
1 147361 62564
1 48012 81981
1 101773 23303
1 174166 148698
1 25586 87071
1 98327 100312
1 149559 175688
1 38087 199938
1 133629 115471
1 143216 42915
1 35618 127708
1 77081 521
1 165009 13595
1 199284 134169
1 105806 179052
1 59208 83928
1 94465 152651
1 171360 77432
1 14657 84098
1 192245 169442
1 183650 127693
1 121818 189699
1 84161 72526
1 187239 60890
1 51151 31794
1 184104 61184
1 135837 27747
1 170886 57593
1 1767 63727
1 163253 166202
1 165475 131193
1 118240 125307
1 146763 198111
1 125265 172607
1 148969 98667
1 50981 44385
1 27042 140477
1 88112 154208
1 174022 175992
1 2477 92014
1 68695 163180
1 195944 170230
1 116632 28357
1 195247 16620
1 118360 199410
1 69302 71193
1 20286 170199
1 196489 4774
1 166743 172406
1 198328 186793
1 174685 69787
1 34109 80942
1 191946 2312
1 119857 183687
1 115869 148384
1 124592 113495
1 67116 38103
1 84170 80987
1 186348 13721
1 94572 109881
1 103356 168634
1 161741 67342
1 33784 131678
1 74909 3378
1 162748 77226
1 39403 121870
1 168822 89002
1 58901 93410
1 93233 125892
1 177077 48719
1 167135 50525
1 198730 113452
1 24807 176458
1 151333 127367
1 28720 174137
1 66453 108985
1 147244 28256
1 79892 189488
1 110888 108583
1 98099 76279
1 176914 56593
1 187523 173448
1 84684 21681
1 110981 5140
1 170992 16586
1 4309 159569
1 165732 125319
1 69778 107526
1 81632 137692
1 70736 113619
1 187389 3132
1 176706 51396
1 20032 151101
1 26786 196311
1 94695 168072
1 10594 111820
1 111987 73285
1 11096 2348
1 153718 63366
1 170917 105053
1 82590 132403
1 99303 197413
1 32899 170422
1 96544 86460
1 38254 197671
1 167781 6743
1 82858 166266
1 22859 4977
1 68815 8487
1 10639 168093
1 194508 5339
1 31556 174921
1 113204 132445
1 70530 121045
1 13772 99139
1 193997 25300
1 131412 40661
1 137796 15458
1 140244 125890
1 105676 18215
1 186921 7874
1 151675 157546
1 189584 27083
1 184776 162905
1 120050 81784
1 188402 51287
1 21616 52982
1 65328 29575
1 121072 192241
1 115994 155225
1 1320 149566
1 192342 184594
1 170986 24650
1 17541 179104
1 115185 178627
1 122734 163230
1 134379 119109
1 84970 98917
1 175303 90695
1 89681 2131
1 158080 164679
1 31845 180576
1 22122 42803
1 136062 185374
1 74621 130073
1 133174 92496
1 156448 51665
1 70742 148911
1 90423 32937
1 164480 19256
1 65007 68305
1 143966 51066
1 79241 58248
1 146314 133023
1 36646 157638
1 67007 174648
1 29010 185963
1 2303 147022
1 197651 12264
1 1862 120294
1 102963 11117
1 199280 188435
1 34764 182547
1 55078 123266
1 44244 115850
1 139279 2754
1 186089 59268
1 159540 24723
1 4830 2339
1 118195 70577
1 70917 114657
1 161832 153248
1 178111 53694
1 56472 190201
1 23107 154223
1 78817 190645
1 41835 47557
1 98846 94970
1 181957 7131
1 171935 169380
1 76376 107140
1 154760 95573
1 98100 125108
1 456 199936
1 180287 45294
1 143549 66994
1 196094 114734
1 197349 178722
1 48288 41367
1 107785 45114
1 20561 48223
1 41701 199718
1 74877 76473
1 3546 81820
1 109986 161923
1 199831 68588
1 183580 182577
1 53445 166922
1 80235 123322
1 86258 55258
1 172039 132801
1 21312 123067
1 134246 12230
1 8207 82518
1 21133 170190
1 152040 122345
1 198421 145296
1 128747 80975
1 146816 153313
1 51515 149074
1 179580 159458
1 140136 97011
1 111479 86952
1 35869 153401
1 96100 155308
1 97354 181880
1 175884 146548
1 47189 26979
1 80216 187842
1 193148 172054
1 160477 8379
1 57166 161693
1 146345 180186
1 109067 8776
1 39373 120917
1 198553 180467
1 197611 49232
1 169512 129361
1 196034 163009
1 42215 25144
1 48055 106980
1 121513 67315
1 117222 23968
1 197778 90308
1 108586 101240
1 91910 105527
1 118569 144246
1 184915 169583
1 177698 74197
1 177758 136874
1 83899 12334
1 73419 19352
1 79558 134053
1 158641 99421
1 64084 62740
1 136509 136610
1 138173 160696
1 183909 101538
1 108782 70555
1 162128 6835
1 45492 89858
1 156420 93844
1 42056 156311
1 118992 198710
1 88603 184537
1 145274 172941
1 145827 164482
1 146219 61400
1 64678 99449
1 156378 185007
1 185798 186361
1 123318 10317
1 37454 188994
1 89560 20638
1 66300 16062
1 117032 37514
1 117263 23350
1 118669 15042
1 124755 42614
1 84315 185547
1 16682 113470
1 70329 81992
1 61916 51435
1 80464 191500
1 131554 179748
1 90234 23520
1 94064 35721
1 51178 23186
1 128257 37912
1 172568 99135
1 35943 144354
1 67184 108001
1 197395 154478
1 94267 183900
1 159841 162731
1 41742 66821
1 51239 46556
1 39217 174836
1 168767 173375
1 175698 14156
1 171731 22078
1 168875 94280
1 199145 127002
1 187057 59336
1 68527 1812
1 175871 71708
1 110088 148381
1 198018 94735
1 29399 148737
1 170213 143800
1 182859 29391
1 145855 159677
1 23979 122955
1 91196 95720
1 110628 63832
1 118217 93871
1 159697 141344
1 75524 1278
1 185162 76101
1 146339 70920
1 162735 154701
1 34403 131021
1 99126 70793
1 37684 123053
1 148148 76934
1 139299 78638
1 42536 68728
1 80200 19851
1 53838 144036
1 170737 172861
1 1570 22348
1 51277 145934
1 137843 199904
1 39389 74651
1 163690 27747
1 170840 100521
1 133658 115355
1 142686 167787
1 96522 134845
1 34720 135635
1 5313 76503
1 25357 14679
1 26641 4224
1 71424 177734
1 44391 29181
1 118119 153675
1 199122 13237
1 106679 142464
1 83281 122135
1 138894 181622
1 170978 181898
1 92521 150916
1 172808 182037
1 22343 96398
1 116124 190800
1 95133 165656
1 63191 41163
1 132283 14091
1 17758 134653
1 187070 137862
1 120783 66095
1 178232 131561
1 72139 14762
1 139421 170206
1 161028 17054
1 57519 114088
1 94857 58772
1 158700 11824
1 109200 33877
1 74678 184014
1 58499 128284
1 152578 81236
1 192461 94842
1 144901 50849
1 199398 188041
1 38620 162597
1 127197 28627
1 172603 108463
1 95270 141186
1 23128 181823
1 187812 55051
1 109464 22089
1 176312 63255
1 97594 145222
1 55754 15858
1 35075 107777
1 173335 122808
1 146345 27553
1 184828 33980
1 198275 132786
1 43394 78138
1 170225 122936
1 21290 78207
1 78536 48439
1 22906 7831
1 50113 160572
1 80904 143480
1 72610 167792
1 118599 79213
1 116972 93598
1 59279 111045
1 197254 150082
1 53297 12540
1 121641 182420
1 104188 94761
1 108878 187093
1 169609 84586
1 177429 32410
1 119565 111245
1 20023 134038
1 61920 32448
1 85742 155628
1 103625 59579
1 122403 69045
1 37389 20076
1 87576 31631
1 196983 63716
1 145879 153319
1 46249 96576
1 123738 83463
1 120932 156249
1 24636 199523
1 88212 189808
1 110880 189729
1 197535 139988
1 76384 117351
1 65904 109525
1 185849 123368
1 71999 93358
1 37364 48690
1 64546 110894
1 109016 76210
1 192153 160104
1 169742 84168
1 10518 71004
1 89428 52114
1 158284 58533
1 64102 25972
1 2746 146211
1 42730 123173
1 56120 78379
1 19483 12607
1 96961 167662
1 20280 14024
1 50368 130792
1 21038 112764
1 164640 54410
1 116738 164766
1 105934 5353
1 31299 106687
1 33297 89704
1 18159 107725
1 52430 128867
1 107365 31967
1 98836 149853
1 141579 162111
1 125807 54764
1 68672 116473
1 172139 94435
1 42245 38755
1 21223 93569
1 192487 106670
1 76892 123480
1 131376 17324
1 35566 61311
1 175246 166433
1 199794 174460
1 105348 99471
1 148095 157036
1 95375 84220
1 178490 36277
1 74267 161863
1 89309 20270
1 162792 61483
1 47943 104909
1 37559 74130
1 157706 131344
1 58489 189085
1 141489 2608
1 63609 172147
1 92112 88899
1 131976 148105
1 125200 23152
1 175209 33328
1 186 156569
1 199166 51492
1 15811 118531
1 63091 168148
1 176473 165001
1 126825 192173
1 113517 161666
1 6437 16620
1 51906 164719
1 147642 32804
1 198580 172202
1 58292 160652
1 588 101899
1 903 114636
1 22851 17948
1 164983 141193
1 12373 184064
1 77448 180591
1 131272 9759
1 120297 191231
1 124988 159189
1 57884 64920
1 108981 146203
1 85481 45962
1 171110 182069
1 21060 52377
1 20864 15326
1 103035 101710
1 81211 131633
1 133796 25349
1 124004 137945
1 27590 131442
1 5928 62907
1 19783 168308
1 114976 153377
1 56918 21919
1 19805 26922
1 165594 90564
1 79157 120369
1 163674 110724
1 56207 2939
1 14958 70804
1 184939 182692
1 143333 127251
1 2613 101707
1 121208 75274
1 159563 79613
1 150127 59970
1 119692 133728
1 46546 75148
1 72676 158945
1 74003 85005
1 144597 81312
1 10041 157000
1 33544 90074
1 9808 16113
1 155860 128215
1 76047 181999
1 155278 32468
1 127946 173744
1 116753 1523
1 102169 23667
1 44815 57122
1 81352 44050
1 29081 146825
1 191297 86287
1 68203 146104
1 84150 54112
1 180988 196559
1 19667 83453
1 92100 188527
1 94307 34793
1 48142 115426
1 120321 169151
1 95104 63879
1 142082 152831
1 77672 131712
1 88737 52633
1 95305 174110
1 45547 155449
1 101350 40525
1 93228 50580
1 78798 64252
1 127321 75761
1 133417 151568
1 178750 142970
1 168321 3657
1 116267 162245
1 52628 15924
1 58011 24542
1 25945 81235
1 179173 48344
1 124369 198602
1 25831 43860
1 124752 135883
1 113327 93264
1 129100 124867
1 27563 140723
1 154277 84742
1 133586 149720
1 107252 98617
1 180244 45912
1 85593 55167
1 83840 168093
1 23487 142053
1 58165 37476
1 29235 127505
1 188171 163858
1 196325 177000
1 196994 107579
1 88445 11135
1 108971 138287
1 74082 175173
1 155733 31557
1 27463 139055
1 15547 114092
1 125750 108003
1 175084 196399
1 93921 133736
1 88698 112264
1 66279 55566
1 130855 48041
1 180515 23962
1 144845 195398
1 13116 64948
1 40076 8615
1 103400 20628
1 4729 149421
1 84929 19434
1 97029 54306
1 116876 134669
1 7275 118981
1 125639 66663
1 198750 179478
1 23347 171102
1 184306 43615
1 174371 20293
1 183369 177412
1 133252 14340
1 178049 23052
1 52653 165957
1 28508 138287
1 16296 30241
1 29552 110114
1 40320 77194
1 106000 148385
1 9293 167034
1 62970 183164
1 49726 34395
1 74434 158694
1 58791 69304
1 81342 45497
1 80716 95844
1 173619 23053
1 93484 185001
1 62848 140603
1 183888 121395
1 85386 120812
1 94805 39998
1 6760 58599
1 185528 83901
1 86159 82523
1 164578 169612
1 173440 177705
1 50484 81497
1 39408 174902
1 196309 17294
1 28023 94383
1 117881 175937
1 47613 73245
1 116659 76575
1 102499 61739
1 94526 41110
1 3950 123957
1 3592 125635
1 23288 121428
1 126145 49179
1 141338 20903
1 187554 63709
1 40404 132836
1 126785 118199
1 56512 128606
1 170132 151032
1 115702 145561
1 104643 25590
1 41536 148044
1 174514 45696
1 113536 110389
1 153743 130694
1 84640 105699
1 20569 33416
1 93754 121984
1 162098 54460
1 23241 90910
1 84710 185156
1 54224 72196
1 119740 162639
1 170186 172856
1 83260 50126
1 100945 55374
1 148161 2842
1 135250 151857
1 178561 156835
1 156465 94641
1 43098 63644
1 120312 187662
1 132447 182181
1 97798 85828
1 50084 18361
1 106869 50199
1 169030 10072
1 103180 4129
1 182589 6072
1 165606 145754
1 62886 130280
1 125090 116902
1 41740 81988
1 188940 143781
1 158647 103328
1 95628 75190
1 23736 52270
1 23566 193485
1 178931 50
1 174642 36151
1 10286 188008
1 69876 113771
1 171801 169139
1 77918 127892
1 84573 186761
1 132076 2972
1 84394 187806
1 118912 28794
1 51708 72078
1 162695 33343
1 197037 55759
1 59691 3357
1 65152 133269
1 12794 194425
1 136301 138887
1 11735 195122
1 136553 12450
1 57248 179570
1 102711 194988
1 165215 33013
1 109556 7836
1 166580 154903
1 144223 76040
1 147074 53666
1 73384 18639
1 63897 96600
1 192954 110215
1 69669 161021
1 100875 133674
1 57749 26985
1 92516 161084
1 31437 142093
1 8300 120128
1 108367 78787
1 118265 62683
1 129575 47195
1 54681 24648
1 14679 109474
1 150238 114750
1 90114 121077
1 35752 161887
1 72220 154375
1 162807 20002
1 46225 46895
1 83057 129539
1 128437 18486
1 100336 180777
1 44204 22687
1 195152 134360
1 93915 133751
1 68727 67416
1 123854 192926
1 51365 87461
1 140203 110935
1 5566 4569
1 123095 182796
1 123221 86294
1 56167 64229
1 188284 122744
1 40073 122699
1 104649 171642
1 51379 78583
1 151018 74791
1 172941 59905
1 155116 113860
1 11227 176613
1 195336 196859
1 145325 35480
1 174960 127947
1 127049 151371
1 62744 24559
1 134937 155519
1 82951 125132
1 69649 18762
1 12576 75295
1 194980 66600
1 98028 37861
1 16616 83461
1 14698 174092
1 32902 77578
1 97369 95962
1 3110 14950
1 184517 67933
1 188314 127007
1 105680 155218
1 196106 171416
1 180547 157081
1 130720 84197
1 144150 159769
1 166772 161293
1 80699 53616
1 172026 75359
1 189617 22942
1 28010 21624
1 175495 82418
1 122481 83283
1 42735 29108
1 17302 162321
1 54789 102420
1 88367 56139
1 44960 199699
1 170373 82070
1 2904 173104
1 154564 144342
1 29016 30677
1 79847 184391
1 103590 149507
1 42403 180359
1 78641 90492
1 146643 158055
1 85786 55791
1 31716 194419
1 72197 118825
1 106818 186047
1 141665 198457
1 19330 32693
1 147510 99940
1 88849 152861
1 104239 185098
1 109661 116971
1 112680 194969
1 124290 55055
1 199545 59888
1 63607 27321
1 34435 26966
1 20026 32554
1 130170 159261
1 106681 4675
1 14708 1744
1 92290 159112
1 71409 161828
1 106157 23028
1 95339 182110
1 33480 2755
1 123807 125761
1 186435 54524
1 148700 165371
1 28381 161150
1 128395 168208
1 78926 8972
1 26176 73414
1 50358 16155
1 61568 52050
1 179590 55834
1 32083 81667
1 55726 21315
1 195532 180718
1 195911 64162
1 132950 104345
1 147585 27555
1 178753 97964
1 39246 176864
1 120716 133972
1 22032 38699
1 66229 135417
1 196801 103577
1 49087 24227
1 71073 30095
1 27460 79400
1 194341 46737
1 151163 175513
1 43166 179145
1 138570 193773
1 80807 122324
1 6992 32686
1 15315 1107
1 61036 160290
1 42518 197744
1 51858 12925
1 71411 134447
1 2703 117125
1 108198 138679
1 117273 46597
1 8594 129633
1 174557 70134
1 82797 174848
1 181315 164842
1 194026 145329
1 186885 75387
1 147879 198500
1 85040 141299
1 143256 85420
1 88889 38653
1 64372 104835
1 148099 45900
1 51038 120929
1 47472 84234
1 196310 199935
1 72102 188484
1 192801 23399
1 149859 18068
1 117046 38782
1 188100 161742
1 26218 51924
1 49554 174318
1 113758 187882
1 64335 101122
1 3751 38405
1 7935 26452
1 84542 153586
1 127354 131227
1 68521 114650
1 137520 115874
1 192234 175817
1 165565 155128
1 169894 181625
1 147183 92378
1 84824 9124
1 180822 131357
1 8246 103241
1 107404 3040
1 45412 106302
1 85124 155954
1 152792 6326
1 21719 159743
1 47758 41045
1 1740 89920
1 4077 187826
1 44328 28196
1 138488 42668
1 187319 56505
1 7865 105200
1 55449 12512
1 80939 62345
1 179472 111599
1 31527 105321
1 193608 40552
1 49233 15990
1 122984 122138
1 167875 71705
1 23257 49750
1 83706 98883
1 160404 69525
1 49408 99072
1 31664 127783
1 62746 141185
1 107755 153183
1 151794 113316
1 89464 60414
1 47623 30598
1 52299 76957
1 119955 163275
1 170017 104030
1 105021 63853
1 148947 61524
1 5568 196740
1 170972 12529
1 66652 150292
1 73512 79281
1 168699 131293
1 33055 144197
1 21414 42975
1 99122 133251
1 197289 61676
1 188197 174860
1 199300 142834
1 154142 138685
1 177684 104840
1 109357 138137
1 186816 199993
1 185564 62839
1 70376 71119
1 99320 88680
1 91658 86242
1 44640 98540
1 72055 182560
1 91406 189653
1 61238 8543
1 164387 146043
1 100279 167008
1 182392 138274
1 186426 158310
1 42146 147304
1 73984 175416
1 61252 60467
1 149298 67315
1 172379 152731
1 77393 40211
1 90566 11027
1 123806 196162
1 149589 117214
1 33354 115170
1 140820 102319
1 165793 117784
1 14295 181280
1 170034 133210
1 193160 162904
1 140737 85178
1 51822 114615
1 114865 161202
1 164160 173827
1 156588 88626
1 91626 184792
1 76372 31272
1 89054 35723
1 85935 131855
1 12383 131742
1 176654 125627
1 178314 136619
1 105662 72035
1 58150 149131
1 36531 63792
1 5933 192902
1 53362 16069
1 162395 66240
1 181885 129935
1 21494 87777
1 150660 114574
1 6495 197318
1 143114 111397
1 85847 188070
1 145045 20063
1 127445 33222
1 54682 170114
1 49607 90657
1 27815 74711
1 154215 35474
1 166611 163258
1 30080 12357
1 29923 33631
1 129664 159389
1 61246 148326
1 96256 175782
1 66771 156641
1 34578 199037
1 71561 159586
1 185034 178685
1 198312 146506
1 54736 101486
1 87365 55503
1 183972 152809
1 102067 58125
1 111603 8207
1 77544 3985
1 124953 181931
1 161005 28322
1 78518 32484
1 198731 29008
1 51318 74728
1 87922 169217
1 64604 35221
1 69739 197561
1 71375 5161
1 159104 90857
1 75943 129708
1 116265 21243
1 176185 69084
1 119290 102365
1 106209 32793
1 96588 132556
1 69455 114321
1 185065 43043
1 122069 42159
1 126396 120292
1 157552 120064
1 30967 177414
1 174932 22822
1 27462 61183
1 42813 186240
1 105717 128595
1 167859 114009
1 146845 133406
1 171677 174928
1 116052 67806
1 92041 1031
1 164821 162692
1 192379 19920
1 108461 17213
1 164468 39445
1 67432 122299
1 46276 13830
1 109436 175561
1 183059 108552
1 43828 53327
1 111404 127580
1 197023 98402
1 17419 170893
1 117753 19599
1 190825 72798
1 180313 104553
1 168133 67571
1 118877 82769
1 50420 131007
1 181139 130629
1 136812 9517
1 93161 123181
1 98957 44947
1 165591 184033
1 119729 158867
1 28939 88319
1 13941 143123
1 189462 21291
1 42888 189408
1 16981 151335
1 53364 178911
1 154081 137941
1 29163 8308
1 179387 41546
1 180755 120117
1 59058 40150
1 62036 35921
1 24150 120273
1 164385 106301
1 71074 45800
1 97413 25696
1 191717 55911
1 54512 113343
1 62450 26504
1 188482 73579
1 60169 181053
1 160151 23849
1 27845 60411
1 150483 192994
1 80262 47944
1 85232 2444
1 39841 41478
1 93957 94296
1 27911 52927
1 33497 10589
1 41780 120627
1 190312 61637
1 167513 155616
1 111924 199095
1 159179 7377
1 32528 106308
1 88365 83178
1 25321 114261
1 157723 141235
1 38486 109205
1 189336 3106
1 92898 82139
1 19066 25710
1 54486 36378
1 121172 115281
1 35852 182540
1 175397 72668
1 140721 17692
1 157503 94786
1 186842 78931
1 10298 140318
1 117451 184645
1 118873 98374
1 55939 76924
1 109948 25428
1 181964 6181
1 77640 175793
1 53185 105914
1 101012 143909
1 86368 153391
1 93142 120988
1 133075 120033
1 121677 14331
1 99385 113147
1 187311 116068
1 133434 101931
1 73365 36614
1 187786 57988
1 36901 85224
1 132733 199285
1 118913 18742
1 79372 68842
1 13294 17805
1 157030 129856
1 7751 110723
1 50427 94959
1 15779 30715
1 93445 58227
1 138883 126120
1 199767 187836
1 79297 38495
1 131115 159254
1 18869 184353
1 101862 17819
1 37866 68328
1 4654 168215
1 38592 133106
1 96943 54460
1 152418 77581
1 87593 152199
1 120235 182370
1 136830 125810
1 132116 27012
1 33275 119068
1 126882 69241
1 53860 156597
1 143309 173898
1 156485 124014
1 100659 62664
1 187766 23457
1 94974 22752
1 7214 42108
1 28883 79200
1 187980 136179
1 38972 118281
1 177249 99558
1 146968 185175
1 149954 95825
1 71298 192463
1 15948 115955
1 147647 146057
1 67896 187840
1 21739 14782
1 46433 167626
1 98853 48595
1 126483 60973
1 10938 37861
1 84823 68475
1 80464 407
1 50556 109031
1 74196 123802
1 143143 73462
1 194086 83901
1 162654 31650
1 94787 144437
1 141393 35280
1 89011 28462
1 151850 17268
1 135475 6034
1 67799 90115
1 127077 409
1 11861 199065
1 137847 64402
1 55230 26540
1 28497 162032
1 87766 1713
1 28867 118424
1 5331 46157
1 101421 140714
1 182507 72638
1 147376 6350
1 109282 157067
1 24342 132865
1 101715 121961
1 164862 142175
1 73726 117039
1 19978 197811
1 81171 122428
1 181963 43964
1 75710 158823
1 42413 130818
1 5683 76839
1 115615 60506
1 48764 145092
1 86726 156662
1 104896 114942
1 93986 63217
1 154710 97852
1 79680 122585
1 10570 137015
1 18146 30845
1 185647 62695
1 32108 155768
1 30693 5998
1 124496 28542
1 77421 137732
1 133307 188774
1 104555 157859
1 46849 71417
1 37754 116531
1 48327 116410
1 164022 32632
1 58416 23991
1 25285 152955
1 65289 180878
1 171560 139318
1 72376 51971
1 7489 180995
1 141282 87297
1 145317 46279
1 119901 162222
1 156899 196955
1 83925 114996
1 149 81083
1 81666 118668
1 15718 68787
1 159561 52430
1 181156 96198
1 42225 39415
1 136137 117344
1 82506 41658
1 150020 186174
1 131801 15497
1 123213 160860
1 57478 171045
1 178792 49375
1 152713 187172
1 185081 20548
1 187346 96131
1 24393 30089
1 59064 93036
1 5016 148250
1 169765 136009
1 94051 25342
1 26879 45450
1 186423 49539
1 54745 92083
1 67447 63079
1 137755 155433
1 157930 177288
1 16495 199997
1 90889 2830
1 95534 159994
1 113543 24407
1 112266 153772
1 81057 21795
1 26621 87345
1 18919 176513
1 135985 42180
1 1867 174138
1 64305 142727
1 107434 171388
1 199760 188881
1 77465 137865
1 50904 179768
1 190577 73953
1 73333 144033
1 22750 38124
1 60707 6149
1 151716 70700
1 157845 191814
1 142194 122659
1 80999 142066
1 148716 10689
1 94983 29014
1 166899 155793
1 180575 195271
1 184632 145507
1 167109 55213
1 84609 114620
1 119334 92561
1 152506 125117
1 116272 148776
1 2495 81554
1 104768 174751
1 76137 37404
1 7563 137513
1 25175 31136
1 41104 134472
1 78462 15792
1 54909 189080
1 173044 49626
1 184865 88034
1 15865 101009
1 116882 103710
1 156295 178073
1 151135 10890
1 185564 108406
1 97593 144746
1 86533 52118
1 191581 170912
1 90669 10621
1 30724 79407
1 125350 150770
1 54671 121226
1 130806 104616
1 189293 83938
1 170149 183983
1 20623 199279
1 169606 61340
1 59214 86398
1 149380 129782
1 195930 158715
1 135024 98530
1 162406 52929
1 141576 88209
1 7314 53152
1 75017 103657
1 142617 148654
1 133879 42161
1 180604 114129
1 22508 141440
1 124078 154955
1 115743 66791
1 115777 169606
1 33015 103006
1 197712 34146
1 179088 16364
1 163375 140797
1 74445 189275
1 13968 119875
1 94047 174812
1 184055 65014
1 147412 190518
1 139424 120894
1 169059 173365
1 39662 99828
1 97911 83920
1 117656 97451
1 15354 150426
1 26383 34049
1 6371 166253
1 165042 46564
1 148867 18644
1 165942 131560
1 126988 68344
1 191759 160008
1 34 66253
1 68580 151994
1 181159 178686
1 32242 39224
1 159682 22294
1 187455 144716
1 133743 94319
1 129474 180763
1 101580 6240
1 112017 130165
1 53283 38115
1 132299 20444
1 192499 119684
1 178055 115667
1 146244 22929
1 127740 62313
1 9643 175038
1 179185 73221
1 180889 199319
1 35176 8500
1 141355 4972
1 196614 126512
1 91437 172855
1 99206 72691
1 173360 10705
1 36191 81341
1 121870 152022
1 71475 49057
1 142011 69974
1 59770 26519
1 46478 164158
1 17581 112637
1 56399 104837
1 21686 54127
1 176836 173211
1 3288 114953
1 102582 91343
1 58203 139385
1 164745 136895
1 89659 86922
1 169276 147845
1 108306 162863
1 149117 45600
1 148994 127052
1 88753 33953
1 64871 73483
1 150785 87319
1 13564 109149
1 1961 164860
1 137484 60367
1 190077 81889
1 105116 169295
1 189181 191127
1 21846 107391
1 84954 149151
1 62649 104825
1 58185 51093
1 45184 116963
1 32199 195544
1 143184 34805
1 62317 195388
1 27494 22856
1 1335 144180
1 21887 194209
1 172239 176762
1 108169 43390
1 91998 90113
1 132554 166624
1 77910 148828
1 101200 104153
1 86969 178159
1 71320 22104
1 47022 56471
1 189250 113906
1 84165 7446
1 34037 86131
1 113992 96577
1 139215 188901
1 6597 64877
1 104016 115616
1 82073 2647
1 151943 197779
1 92415 68946
1 111676 195345
1 150233 155831
1 7903 85600
1 143550 115400
1 140977 179838
1 19716 59108
1 22449 145268
1 105359 129202
1 77257 171358
1 92506 79111
1 106938 67835
1 86213 70554
1 191558 80499
1 50528 28587
1 13596 65447
1 165559 169838
1 175113 111293
1 110687 181118
1 28636 176363
1 112256 176960
1 168666 136451
1 13538 62805
1 66723 11648
1 115324 75716
1 100645 86864
1 17530 143398
1 36032 29154
1 51727 183379
1 127480 95857
1 85372 13966
1 126306 55441
1 30431 59628
1 94536 57466
1 66687 61770
1 8287 16531
1 181143 107376
1 76268 125568
1 114657 151360
1 56370 169582
1 136229 15396
1 100447 188254
1 196865 31286
1 69495 116273
1 20282 165873
1 177536 177715
1 1732 82968
1 81327 179562
1 113999 63781
1 42579 142496
1 90707 197748
1 151489 88687
1 85788 98992
1 22848 69773
1 188057 73599
1 192629 173464
1 72865 91114
1 87312 104163
1 195271 21519
1 188472 99776
1 79135 156490
1 111349 178128
1 198289 168097
1 50973 65226
1 98078 128623
1 197249 8648
1 752 143507
1 162392 68824
1 122215 145881
1 136236 124609
1 46753 24872
1 136707 43796
1 85769 157102
1 42769 42484
1 91426 56329
1 51228 98921
1 39638 154936
1 22511 28641
1 95226 70849
1 100995 22344
1 103524 95587
1 82026 100298
1 94960 22398
1 113790 69286
1 158351 88065
1 190473 178741
1 166481 405
1 84598 171258
1 164852 135176
1 130040 186156
1 52269 99708
1 101817 39361
1 194614 48337
1 18886 49982
1 60120 34000
1 188921 172477
1 152571 1241
1 32230 191677
1 145067 83855
1 66762 128432
1 65261 126082
1 146928 90560
1 95490 123613
1 193637 84323
1 152123 123152
1 116319 64737
1 27838 193153
1 131881 76835
1 118295 172399
1 50834 23742
1 154627 55782
1 77911 87808
1 21048 3497
1 125965 160506
1 57208 62941
1 196563 175310
1 54232 156658
1 144824 149755
1 81420 84631
1 100456 52198
1 44341 158751
1 66012 112299
1 17710 138606
1 92739 159141
1 192914 176552
1 169131 142458
1 128594 100955
1 159797 62122
1 89013 110764
1 32055 73048
1 88624 165119
1 28083 84953
1 140265 151851
1 51896 60989
1 50182 193693
1 174231 60700
1 158139 123723
1 174217 194915
1 31316 158620
1 179295 186591
1 93375 136214
1 145066 108169
1 65629 73608
1 72683 83090
1 23562 35384
1 132797 143024
1 24683 108559
1 20801 83689
1 75704 186180
1 35146 125663
1 118409 81606
1 128842 194141
1 185509 158702
1 93053 140513
1 32137 54948
1 50452 116458
1 180213 7184
1 64229 116804
1 60413 43907
1 122769 128849
1 4495 18023
1 130997 140890
1 196672 189988
1 123029 98197
1 188700 41813
1 28357 66041
1 10221 190634
1 43609 32768
1 184714 20958
1 92176 23740
1 184996 33244
1 153084 76446
1 15501 194285
1 193653 81986
1 185994 97510
1 50687 73598
1 152859 120079
1 109688 7213
1 120967 38102
1 159046 185782
1 145709 148661
1 169281 107746
1 149001 113121
1 86300 168606
1 101443 174709
1 72666 118477
1 67070 64030
1 39022 58066
1 152991 5255
1 60082 111708
1 89051 134727
1 146125 134514
1 40326 193418
1 179359 98305
1 48730 143101
1 116718 133924
1 79876 81022
1 23190 134323
1 108277 113667
1 197420 117774
1 172263 91146
1 177651 144811
1 126190 124416
1 107202 137055
1 44033 146613
1 180789 73065
1 123209 26560
1 112147 67013
1 142505 86383
1 112448 132335
1 191822 33906
1 70052 25526
1 119993 115207
1 93276 65347
1 73930 163880
1 150687 106281
1 129807 165108
1 52147 77039
1 66381 132508
1 147088 65692
1 14350 47567
1 25364 143491
1 160363 146408
1 118954 43086
1 187420 132245
1 190901 107151
1 56958 103115
1 191681 131268
1 164771 167912
1 169963 153323
1 28064 25001
1 27918 75079
1 92691 45261
1 60146 21809
1 21363 174089
1 85744 124322
1 7004 39853
1 8489 161023
1 9242 98134
1 134120 128102
1 187254 143126
1 98580 137592
1 84607 132769
1 14619 60904
1 92827 26937
1 22875 78594
1 29646 193692
1 179538 128959
1 48266 197932
1 79048 160648
1 121783 47263
1 106875 64264
1 64324 157095
1 98059 174455
1 52078 37220
1 6887 93412
1 194576 170825
1 141559 142531
1 50028 37836
1 162059 120439
1 112313 25618
1 22020 99553
1 144621 74970
1 193281 25513
1 185356 98793
1 7693 176588
1 198641 29493
1 93127 25575
1 73181 48726
1 53265 69507
1 113278 57065
1 108221 146721
1 136705 88646
1 90741 4103
1 173787 56741
1 15465 133387
1 29075 74444
1 141182 64736
1 173332 161020
1 199349 57823
1 5618 61276
1 8473 190423
1 134523 92069
1 127213 124311
1 178688 169936
1 103573 163834
1 79459 164989
1 162116 170037
1 84962 17445
1 179365 135709
1 182116 46082
1 126286 48060
1 92612 135613
1 41761 86614
1 73372 103256
1 66180 198006
1 168852 122077
1 100228 90494
1 138155 91014
1 129286 54511
1 86788 159150
1 137070 3445
1 169268 3128
1 3730 144439
1 177866 109694
1 117985 105565
1 107168 171325
1 143120 178658
1 44706 194494
1 89798 157659
1 19613 45512
1 166728 132617
1 36361 49284
1 146151 28
1 32729 54768
1 151400 130376
1 145282 165448
1 108532 95948
1 88394 44146
1 72833 87935
1 187731 38697
1 139328 37982
1 181159 112620
1 193673 20884
1 161542 26024
1 197571 90121
1 94254 158050
1 53848 112941
1 45290 89385
1 80728 140358
1 45278 120571
1 140077 38265
1 81809 78647
1 54015 45590
1 123964 110787
1 105000 84774
1 196754 153150
1 179546 47736
1 195792 118633
1 82895 116522
1 117575 58321
1 60338 43765
1 189159 80128
1 40972 90941
1 117262 164324
1 146033 29399
1 175185 199680
1 29227 89179
1 167882 152977
1 88679 132011
1 79907 153859
1 170335 100676
1 26209 13590
1 85575 173125
1 11828 54283
1 184828 132541
1 4734 75155
1 6121 87738
1 106913 141241
1 195900 27919
1 86862 82702
1 11336 137573
1 73611 28181
1 106300 128901
1 100549 176688
1 175044 33956
1 85910 100555
1 178814 119216
1 63704 156615
1 98591 196570
1 50794 44713
1 130854 104677
1 116802 74628
1 21186 11310
1 26420 159012
1 21503 166139
1 6210 158461
1 66295 47688
1 23588 120787
1 35830 66192
1 154777 8299
1 86382 195673
1 150190 27313
1 124636 155779
1 64014 71018
1 80762 185106
1 101707 24157
1 135079 30969
1 166124 189886
1 76820 129577
1 150199 73051
1 59183 119130
1 103169 129930
1 103381 127833
1 123827 6355
1 44851 82835
1 134495 28825
1 75133 190753
1 184899 190414
1 19284 1172
1 114908 39512
1 82545 65219
1 176047 156414
1 30294 136658
1 38611 156440
1 114614 30084
1 101251 757
1 72292 29636
1 63715 172174
1 71737 142576
1 86289 121643
1 53258 13735
1 118766 152148
1 79562 143253
1 109932 167483
1 10683 14844
1 145881 196135
1 131930 28997
1 193645 23588
1 81739 164167
1 111888 179561
1 185794 112343
1 129840 97034
1 36788 30992
1 24065 197791
1 5565 23908
1 157653 28788
1 194579 111332
1 33503 10227
1 6123 195020
1 63042 27790
1 130026 84627
1 114014 3889
1 129486 32241
1 145373 48231
1 58334 172977
1 114427 191883
1 113871 155449
1 132949 69746
1 197432 44695
1 20595 192791
1 155512 38734
1 160600 41607
1 9254 158305
1 147145 136078
1 191673 122335
1 120092 143905
1 129017 80304
1 86019 92877
1 173222 178335
1 26456 23455
1 168231 158887
1 85547 100501
1 29877 72514
1 45834 193413
1 55496 146096
1 48016 106317
1 101378 150853
1 105329 145595
1 75611 130935
1 161157 89853
1 169933 74982
1 122963 82251
1 145728 172203
1 479 172882
1 193272 190694
1 157686 76836
1 68542 53186
1 192185 198431
1 147404 186188
1 198824 171483
1 150524 75188
1 13745 96664
1 25523 167586
1 91193 171751
1 123210 121021
1 45994 102936
1 123837 50040
1 141950 89059
1 135192 169694
1 37387 157146
1 29790 168670
1 162766 152463
1 161851 103898
1 169532 47937
1 99564 84205
1 11847 21581
1 20269 112059
1 60398 131282
1 133283 147645
1 68552 194917
1 69451 49420
1 116881 9335
1 21347 89837
1 42422 130115
1 156567 120926
1 101918 190652
1 26350 66657
1 38457 26614
1 74614 127494
1 31117 194387
1 45869 34813
1 172094 69297
1 60593 145500
1 4574 78610
1 151210 45421
1 9653 160780
1 125558 13947
1 88722 171698
1 176085 91551
1 68242 144002
1 178326 22470
1 13617 20368
1 63554 150404
1 102735 131186
1 167431 105503
1 130755 6829
1 54823 42261
1 4262 92704
1 104354 174127
1 169625 104432
1 131808 36362
1 25 173108
1 4068 7395
1 164740 158305
1 112621 50403
1 85164 62776
1 41198 79403
1 188059 146030
1 60081 8290
1 55463 171420
1 85510 51324
1 124343 162664
1 43186 136716
1 15254 102835
1 151638 86093
1 86712 68868
1 32862 177838
1 102795 73013
1 28395 91420
1 160832 176284
1 188482 159124
1 151385 157501
1 162358 108392
1 124725 188142
1 87698 188753
1 140889 40970
1 47308 52214
1 127809 187226
1 40295 175484
1 57319 51072
1 128679 2894
1 18771 68006
1 133754 180398
1 1764 15847
1 3108 124861
1 104797 67004
1 97836 29895
1 81971 83113
1 195269 67027
1 184662 89000
1 21951 146025
1 196542 54933
1 95279 2276
1 183736 111004
1 176732 199994
1 81009 30369
1 135148 184201
1 86017 136686
1 198733 137381
1 137019 87202
1 9256 64415
1 106100 89623
1 187587 161367
1 153042 161620
1 87349 177924
1 15575 72372
1 103055 134083
1 188846 160342
1 168713 36703
1 160629 30151
1 149674 21536
1 67403 4460
1 78524 81431
1 122715 94900
1 8752 156392
1 106857 11646
1 44429 117593
1 173085 44486
1 51359 41946
1 140877 50774
1 49373 25429
1 79952 145130
1 74202 180215
1 38912 106788
1 96368 90687
1 144463 185009
1 140330 97094
1 44493 192379
1 177393 171472
1 3896 188689
1 122681 134802
1 81158 46099
1 112621 26116
1 101679 30242
1 39384 104616
1 149181 114823
1 194197 2459
1 145176 82018
1 153336 133852
1 107469 74646
1 90558 180123
1 6687 141556
1 3955 186179
1 59024 113125
1 92450 81867
1 32241 127195
1 21058 61305
1 149865 115449
1 146270 7287
1 5314 123073
1 101574 52250
1 194106 100031
1 21812 110832
1 86856 78709
1 28673 169227
1 82412 183686
1 84105 184779
1 55996 135846
1 121564 8496
1 125484 157953
1 102823 29024
1 54110 36843
1 97954 88117
1 61162 18696
1 37946 195275
1 113263 42365
1 87169 7944
1 66331 39255
1 50068 127468
1 136567 186105
1 186189 135963
1 37238 143755
1 133611 156969
1 150335 88673
1 38975 166501
1 42297 60905
1 5912 120680
1 149910 98522
1 40112 109407
1 71906 108313
1 123416 135191
1 60558 72301
1 3489 713
1 51064 101605
1 140108 68839
1 33982 60360
1 142261 27557
1 107395 62205
1 189947 26826
1 28351 184572
1 49011 87417
1 20301 131700
1 27789 3707
1 110513 154750
1 90438 64079
1 144105 101890
1 192720 111988
1 18102 89576
1 51838 109878
1 132650 170946
1 112884 10360
1 148468 63736
1 49167 87936
1 48298 171892
1 147345 128393
1 199445 57678
1 43471 65604
1 105475 103482
1 117022 46704
1 82889 190641
1 99963 22812
1 175703 122269
1 72506 167290
1 159360 68424
1 34801 23974
1 168457 84615
1 42789 63735
1 185458 80931
1 95348 152389
1 133571 12680
1 152389 55932
1 123161 28145
1 140973 133664
1 26225 158867
1 161571 32544
1 141491 45129
1 37671 46751
1 14146 196032
1 51245 163968
1 131715 28772
1 138640 55922
1 126956 148234
1 151989 77501
1 22416 74591
1 6653 106700
1 5095 29329
1 126511 90235
1 110114 142012
1 81700 104034
1 112623 64535
1 30644 188386
1 144010 34528
1 197858 41775
1 156421 10885
1 127171 25183
1 137752 123732
1 199540 127346
1 57260 8101
1 157693 67938
1 114981 40774
1 112320 106348
1 122990 99111
1 139175 85343
1 184713 75847
1 144140 178276
1 191446 172446
1 6378 120527
1 159908 174285
1 114692 134309
1 178358 31811
1 91540 176558
1 134615 174576
1 67254 189117
1 149729 195695
1 101589 154429
1 195145 158191
1 47255 35518
1 61359 5666
1 179973 35328
1 132133 145514
1 173565 40062
1 86782 143809
1 30299 118462
1 41561 47015
1 17253 176217
1 45293 82321
1 101110 77958
1 39895 99472
1 53933 190252
1 181282 63039
1 140182 187047
1 102869 172786
1 175064 9689
1 35011 196635
1 163297 171253
1 133391 78077
1 185615 153288
1 40510 191190
1 26145 157576
1 86146 100744
1 63005 160418
1 126147 28553
1 193922 34750
1 133297 100108
1 177520 176406
1 38407 54639
1 164886 30903
1 135649 179494
1 68509 133718
1 81153 69032
1 170451 150230
1 100126 10136
1 22042 145241
1 52143 182390
1 14610 168197
1 176630 17223
1 120260 65048
1 89168 91010
1 63312 6639
1 10940 39420
1 146841 170387
1 181225 63638
1 80047 63942
1 183557 170533
1 137341 116748
1 123138 124194
1 110004 109501
1 189611 75923
1 122615 97481
1 49320 53562
1 173640 156940
1 149199 49916
1 52722 154453
1 105131 10772
1 94456 29233
1 129040 155129
1 101759 141437
1 78752 37260
1 133943 194987
1 126423 179142
1 123663 163412
1 38110 113058
1 108954 68159
1 191246 59271
1 140284 46769
1 110530 96376
1 9561 36982
1 5410 25151
1 90048 68270
1 7597 3095
1 34963 176283
1 141767 113305
1 188026 196394
1 45763 96873
1 45704 78783
1 22322 128225
1 29293 92934
1 25068 70846
1 148382 192951
1 93278 96394
1 141698 75561
1 50645 140810
1 60127 167898
1 63817 70376
1 154948 11582
1 45102 121955
1 143351 155078
1 72759 188469
1 173409 72882
1 111147 38149
1 174265 166810
1 94380 50895
1 129006 194425
1 156421 164944
1 160409 141051
1 88948 72438
1 92194 37320
1 198392 175878
1 109745 14609
1 160092 6287
1 83479 163802
1 18244 178192
1 136766 120201
1 199352 2854
1 8910 56814
1 141743 80056
1 140514 114259
1 72158 34342
1 72298 173829
1 7424 66094
1 195489 197859
1 132519 169761
1 157874 96679
1 106371 47878
1 5798 163954
1 186291 110349
1 69010 177821
1 112074 199414
1 165886 108541
1 22371 198978
1 127640 192310
1 187432 140122
1 24346 12163
1 164447 68159
1 152889 149892
1 160822 126834
1 68432 49864
1 124944 88804
1 85964 152477
1 19536 115233
1 170136 126486
1 108965 116216
1 163595 193181
1 126614 199597
1 62289 128761
1 86160 104483
1 199959 94177
1 133165 130308
1 49339 182529
1 164359 120178
1 75827 39115
1 164798 39219
1 142589 193346
1 156998 169304
1 93894 19331
1 66036 129647
1 185566 48853
1 94346 17961
1 59228 57458
1 185281 145294
1 173454 142166
1 92054 26655
1 155620 135943
1 96599 40396
1 103964 27558
1 146096 171352
1 172849 79733
1 87089 35017
1 134399 161832
1 146274 68564
1 115130 145328
1 7882 193159
1 129296 23686
1 177787 80569
1 140828 176821
1 154914 65583
1 115596 137323
1 181389 112976
1 125973 139586
1 15102 155851
1 57749 135945
1 56815 148679
1 184137 32983
1 181030 42252
1 135280 28243
1 143611 153327
1 40511 120254
1 10087 140163
1 46470 190786
1 12048 74302
1 153698 104254
1 184274 167850
1 168613 110290
1 39951 11085
1 19779 58151
1 185209 55002
1 100414 80387
1 107679 119641
1 184020 58892
1 57782 177044
1 94311 100570
1 111402 154371
1 113645 106306
1 195814 170746
1 43928 187808
1 21152 110226
1 36360 46948
1 91432 158613
1 60080 116448
1 144498 63022
1 90566 162513
1 87201 53775
1 108272 98411
1 161558 186148
1 39402 16618
1 174265 57209
1 190908 93590
1 29575 166055
1 55707 55574
1 154589 12612
1 170015 149689
1 87876 54283
1 42213 55424
1 33149 181450
1 177413 9647
1 193166 188874
1 115575 175702
1 126669 199492
1 33217 81050
1 88172 68226
1 125924 102665
1 177542 106003
1 183751 71647
1 164777 119795
1 89443 139986
1 165348 111801
1 133361 92580
1 78931 141891
1 49361 3049
1 107048 106143
1 110076 91671
1 5692 29051
1 24364 161422
1 37014 148304
1 2890 195880
1 115258 95882
1 165912 30851
1 69110 181562
1 127392 31308
1 8617 80511
1 1628 15053
1 81556 62770
1 191399 147066
1 25382 47313
1 64164 82104
1 114050 113582
1 93293 122351
1 92435 118360
1 88319 191186
1 87507 142602
1 165027 148332
1 188056 121107
1 126496 64301
1 50912 53382
1 136031 24501
1 86110 134627
1 172830 55136
1 62661 183749
1 183770 42066
1 170004 183629
1 47286 77189
1 43043 5710
1 156528 153104
1 134380 107513
1 170758 177146
1 198685 172940
1 143141 74943
1 91741 17527
1 978 151010
1 68253 19471
1 162588 12467
1 166433 24631
1 59970 15074
1 88590 156363
1 109920 7941
1 136054 68366
1 91807 171239
1 89314 113046
1 115550 117650
1 126495 70903
1 119451 55709
1 31884 55277
1 150182 88632
1 27874 142477
1 7432 25271
1 187716 122862
1 180719 196062
1 197961 173523
1 168478 92268
1 168648 54812
1 158930 33515
1 53924 89006
1 15223 150070
1 84439 31904
1 22989 7436
1 157187 151784
1 51477 130324
1 153783 175173
1 38912 11504
1 178622 109421
1 53913 185031
1 99950 84601
1 80241 167629
1 180975 128399
1 22091 38614
1 127946 29073
1 41609 139675
1 45301 78340
1 73495 154059
1 131804 48771
1 51158 20118
1 72113 119973
1 180491 39286
1 111030 99244
1 115273 133823
1 13258 99567
1 56285 31720
1 148787 13258
1 25784 68953
1 126443 102596
1 175521 115895
1 107693 197120
1 90332 51438
1 80897 18792
1 74645 94910
1 73031 195031
1 125394 79881
1 102272 5574
1 56599 69852
1 181539 189882
1 48859 6204
1 105822 106667
1 64043 13810
1 185386 165495
1 40605 104345
1 22996 71240
1 151225 164648
1 151369 52483
1 85666 135995
1 7970 177074
1 6602 54566
1 134128 122804
1 26135 1341
1 151625 144420
1 82192 82653
1 34579 26951
1 151821 75967
1 140305 138425
1 24157 139262
1 42348 178586
1 182137 70438
1 187139 62452
1 167849 39872
1 44789 31408
1 12597 36379
1 116653 12731
1 148751 70876
1 52656 188274
1 182206 80457
1 88740 104277
1 22350 194706
1 82465 4395
1 4022 45729
1 42683 28401
1 145034 138404
1 43536 37769
1 116066 165720
1 34511 59489
1 140747 141848
1 3530 107105
1 119340 4133
1 32765 167129
1 30970 120760
1 79326 190569
1 50400 58182
1 88168 2355
1 113833 140563
1 112099 191806
1 101104 19834
1 6453 168044
1 197322 123835
1 121839 144862
1 49074 176646
1 136657 92837
1 121845 32967
1 14239 186541
1 176607 50930
1 89512 12389
1 44261 49873
1 34323 188594
1 98708 191819
1 55917 95060
1 136313 27063
1 36081 177368
1 85586 95713
1 18455 101760
1 28085 115740
1 142368 139824
1 30208 50121
1 154400 97498
1 179457 159270
1 102092 61100
1 22118 144346
1 65542 11895
1 39335 14655
1 35431 84579
1 7857 138033
1 100172 26770
1 109078 3799
1 37732 161426
1 118388 21871
1 183800 164038
1 179876 103710
1 26428 150231
1 154979 12536
1 128213 140183
1 190533 80460
1 69419 27509
1 125977 81524
1 85296 161384
1 35351 140315
1 161585 108693
1 175313 137744
1 21085 44355
1 10969 89994
1 197972 113218
1 197358 31867
1 143921 22167
1 105389 58842
1 158234 83370
1 155125 145068
1 14919 127219
1 68955 121874
1 101202 128802
1 61072 13848
1 161086 107022
1 6223 102141
1 177290 151777
1 199435 162559
1 58423 41665
1 154776 122537
1 175320 24577
1 72408 145630
1 129498 84617
1 38633 84071
1 62675 38595
1 77837 55100
1 93135 81224
1 110426 1296
1 43161 112202
1 12387 69536
1 119239 104899
1 62950 152764
1 22857 82717
1 100855 21718
1 23795 5859
1 198444 114315
1 165704 199208
1 154954 76464
1 162761 83062
1 67184 69790
1 94847 178233
1 181635 187841
1 189125 117741
1 63706 44381
1 148377 48261
1 14186 115873
1 152292 11805
1 14004 76401
1 102407 10595
1 34029 125998
1 161704 3137
1 69742 94793
1 164862 190157
1 10077 123912
1 76953 97973
1 62619 125847
1 2421 64677
1 104367 176914
1 12992 55930
1 174259 191634
1 136361 117035
1 83325 122614
1 152556 78646
1 145617 81459
1 128219 39881
1 23941 139551
1 6383 2419
1 190068 70650
1 40271 170186
1 89959 22206
1 61920 173149
1 74048 28521
1 38414 189853
1 2473 20104
1 106777 128583
1 81085 114566
1 155107 47957
1 193205 190709
1 70648 85157
1 99029 132571
1 32990 166313
1 32855 120320
1 104736 98001
1 181720 16183
1 192982 136374
1 164545 33580
1 167671 65864
1 55481 151981
1 14241 31226
1 25481 33723
1 160743 14124
1 31696 151378
1 103580 120665
1 164008 39478
1 82399 75202
1 41880 119361
1 145064 58650
1 50491 143018
1 189970 175987
1 112112 156504
1 111401 53865
1 62276 117735
1 157877 59149
1 118620 113402
1 1671 57940
1 143655 98306
1 99395 123905
1 31748 166797
1 58926 43728
1 37807 70482
1 33466 181925
1 196914 2748
1 8464 83316
1 21257 27381
1 161309 78193
1 179606 152372
1 43360 89786
1 149318 161162
1 91699 155012
1 131779 163625
1 171671 51843
1 2908 46454
1 149316 90654
1 194289 199440
1 40625 33490
1 95715 66721
1 135265 50469
1 66875 167588
1 11695 13263
1 47321 155384
1 104923 76195
1 138272 173796
1 51220 170627
1 48289 98986
1 19784 188805
1 121221 529
1 31658 22688
1 191102 50670
1 194883 95067
1 99887 153203
1 44221 170424
1 105050 30010
1 135915 61916
1 169291 112978
1 85148 115266
1 95940 58187
1 144737 196897
1 66856 136191
1 91869 17115
1 21227 82722
1 75341 19816
1 43130 36875
1 37848 101505
1 100262 46019
1 159832 96145
1 83543 142349
1 20904 132504
1 142766 75446
1 61041 63457
1 21499 191198
1 194416 25383
1 183264 159175
1 167178 156740
1 166277 142878
1 61266 29402
1 105854 117320
1 129881 156933
1 13241 75311
1 42488 140672
1 94253 55372
1 100890 167190
1 59903 92150
1 164109 155660
1 25078 182316
1 175754 57613
1 101345 90783
1 93314 27413
1 114183 57028
1 60652 198818
1 102671 194072
1 141004 90584
1 150833 93044
1 183301 2164
1 139420 98388
1 115810 197043
1 199081 169186
1 105378 103427
1 43520 93767
1 191042 27754
1 112969 102325
1 68815 197942
1 138838 117742
1 120107 85733
1 150799 15001
1 126751 191445
1 85982 68806
1 159458 159853
1 60891 9344
1 39657 144589
1 169722 168722
1 172208 121780
1 40052 95708
1 455 14065
1 76979 728
1 41312 141388
1 27521 88744
1 75159 1781
1 193331 78563
1 35843 147245
1 96530 77151
1 70204 115571
1 18442 13376
1 193581 186418
1 111958 112065
1 63772 61672
1 114347 90114
1 189175 33242
1 9252 82900
1 135138 57846
1 174 159809
1 95806 141321
1 130869 189662
1 199483 48674
1 141774 85013
1 160673 72006
1 39398 100077
1 98587 35030
1 59691 49053
1 7173 174525
1 60153 36305
1 170999 111134
1 57287 4348
1 163090 122493
1 189587 69407
1 124490 9004
1 29899 195544
1 166708 69625
1 128893 141167
1 195922 7574
1 91841 198876
1 67101 87816
1 180389 36188
1 155795 90068
1 168089 48886
1 28865 97383
1 82972 56136
1 120081 37189
1 93735 132312
1 32087 21236
1 70936 48471
1 111320 199146
1 111073 193464
1 178140 113971
1 82865 106674
1 182837 51623
1 125027 93585
1 58128 30156
1 45734 105220
1 120444 69127
1 58028 174050
1 151289 155016
1 56791 105214
1 162435 27638
1 47329 111084
1 136542 148697
1 111882 138196
1 171939 72775
1 43463 195575
1 171916 66513
1 15017 66879
1 181372 80366
1 73292 170380
1 188690 127656
1 44545 54716
1 148656 153478
1 164669 16698
1 127558 39097
1 57602 66442
1 124644 30858
1 53966 152659
1 145088 36995
1 62787 184749
1 68356 57117
1 77207 129325
1 156572 190442
1 57277 167728
1 76606 144964
1 101331 104356
1 117627 144566
1 98317 119388
1 12356 54056
1 198562 79829
1 22272 192848
1 34293 139524
1 140493 24984
1 157638 89955
1 127765 186314
1 39130 22459
1 188563 39107
1 30696 161268
1 159525 20566
1 91461 71578
1 141076 148224
1 193618 94770
1 12321 68748
1 96484 141629
1 85587 183175
1 117556 100236
1 108926 106535
1 1545 56389
1 34198 58359
1 116450 198516
1 40564 176646
1 21223 101974
1 81255 152209
1 169554 176865
1 131391 28845
1 117914 28952
1 88469 194681
1 56928 191565
1 40991 58564
1 74653 66871
1 76595 47738
1 120524 148087
1 47769 152469
1 166036 140837
1 149782 34753
1 14456 57696
1 90613 58255
1 117826 80597
1 70937 36895
1 88685 146639
1 99393 134344
1 46418 79168
1 16474 12425
1 98325 149006
1 16715 101236
1 92113 93857
1 199036 134233
1 159680 173933
1 63976 155121
1 28911 186043
1 125029 61965
1 19234 135868
1 67186 85182
1 54787 186768
1 94464 7173
1 94865 3859
1 28483 32765
1 28934 60458
1 17467 110471
1 189705 30797
1 186557 193462
1 177174 118932
1 45703 144700
1 35818 197830
1 44548 59477
1 39539 81568
1 100637 190514
1 195126 42978
1 107585 100905
1 199618 79008
1 122869 137115
1 8726 29000
1 198687 152101
1 127311 172911
1 45263 1803
1 76436 168545
1 53902 95137
1 31109 131368
1 71084 48123
1 28513 116891
1 118597 56536
1 102262 186347
1 164627 124618
1 76814 96874
1 92986 115497
1 195800 19293
1 174607 146809
1 18516 112324
1 92202 131032
1 135107 61543
1 35118 126829
1 72719 44514
1 98454 83725
1 98294 100660
1 68354 143855
1 41084 123588
1 185282 10450
1 34066 70901
1 13858 72428
1 29377 25580
1 29750 9815
1 93467 27486
1 11239 39287
1 43556 13535
1 108095 178287
1 146300 73705
1 161137 142661
1 14672 133417
1 116204 22802
1 22657 912
1 183714 131566
1 151381 65560
1 38676 122267
1 87773 89429
1 83872 186288
1 65447 121215
1 104588 197833
1 3300 119548
1 117525 33325
1 8476 30770
1 101300 138112
1 64848 102029
1 59760 125099
1 15664 187150
1 155177 105544
1 8575 61717
1 178659 88913
1 169731 128496
1 158098 173131
1 2801 39268
1 38565 40750
1 70039 115259
1 141270 196249
1 146956 50063
1 114224 197108
1 62165 102037
1 162081 60517
1 85337 16685
1 53378 138167
1 169287 57064
1 141669 139207
1 12102 183771
1 112990 117872
1 135838 115812
1 189140 18682
1 19813 27770
1 125514 107071
1 180203 133433
2 168031
3
