200000
1 57387 70988
2 195335
1 45008 39691
1 4982 70172
1 191609 98341
1 122229 138190
1 59818 150368
2 13446
1 149362 194007
1 53142 133602
1 81202 65232
2 71728
1 46850 160267
2 106498
1 149383 193195
1 87438 44454
1 116048 58976
1 181338 58047
2 29114
1 81076 50007
1 14092 73492
1 15058 61442
1 96408 82451
1 64828 88767
1 13511 49507
1 138140 65474
1 119703 48558
1 181152 179456
1 104359 143468
1 175301 8854
1 68264 102763
1 4709 199863
1 165825 82337
2 140868
1 178455 32130
1 56647 195927
1 63177 141708
1 104757 19095
1 161491 166654
1 89271 156164
1 115519 170914
1 178728 197373
1 149811 135321
1 119194 35839
1 72637 178436
1 25675 149563
1 56992 66997
1 113671 135325
1 69663 81621
2 49818
1 68170 154569
1 15978 73337
1 5461 26630
2 103421
1 199524 179982
1 140391 60479
1 27953 45019
2 18692
2 12241
1 18421 100637
1 149256 125454
1 51540 188599
1 100987 150689
1 20762 34232
1 23496 49563
1 156607 45397
1 53639 22633
1 66109 58544
1 144257 140611
1 132732 92258
1 132025 176855
1 64896 162248
1 17084 100853
1 73682 27793
1 98027 147387
1 44716 192326
2 26503
1 2866 129065
1 525 104764
1 117948 1195
1 160374 181936
1 72818 122062
1 81710 154701
1 117931 147661
2 44521
1 152059 5587
1 89076 13776
1 79934 65144
1 67937 6183
1 65407 172883
1 128584 120446
1 8957 78422
1 50695 94876
1 51541 96502
1 28993 129705
1 99622 8952
1 123695 199835
1 152325 198208
1 101930 39970
1 163171 56599
1 68536 43032
1 46907 68221
2 92885
1 108536 102720
2 175863
1 103212 73856
2 171322
1 90772 193798
1 178223 116929
1 65719 149271
2 132633
1 77085 81858
1 62056 170438
1 142691 86079
1 169771 162188
2 106555
1 1042 110388
1 6054 59686
1 109204 121697
1 91460 175603
1 148711 56555
1 112271 190058
1 158550 53493
2 179749
1 30349 126964
1 50922 141338
1 13231 174859
1 160361 144778
1 95285 132744
1 175108 7069
1 27581 69220
1 196820 152987
1 79426 104021
2 6733
1 100125 23597
1 24602 145520
1 42346 125666
1 9909 190962
2 164089
2 136764
1 196204 108331
1 143370 132898
1 170308 30778
1 99591 28882
1 173467 115467
1 79988 173435
1 178168 139895
1 146624 17465
1 20789 126295
1 183194 176964
1 88936 135308
1 124798 57303
1 63701 58763
1 93054 70244
1 150418 131112
1 155219 64566
1 58490 52388
1 174180 154214
1 11350 187705
1 98134 118466
1 131592 1637
1 39636 183739
1 122042 59253
1 64609 25678
1 32455 158100
1 161883 158709
1 111912 64147
1 69778 55438
1 68833 39355
2 23177
1 12336 28204
1 58568 74699
1 17540 15398
1 101699 194738
1 174378 157240
1 156796 25396
1 126543 100169
1 42840 53168
1 101260 119202
1 75974 180791
1 72561 68066
1 119148 106013
1 147990 27555
1 85523 108865
1 175264 52140
1 10641 138075
1 182161 44952
1 29943 65862
2 61332
1 46482 67709
1 114709 198919
1 71922 123179
1 91202 111433
1 75398 124361
2 91842
1 167433 64063
1 188891 91224
1 126174 86763
2 66743
1 78495 70963
1 163471 96612
1 50428 95438
1 37593 167499
1 74730 15662
1 179234 131289
1 88902 15540
1 45636 58637
2 26177
1 150620 73930
1 22913 99180
1 136124 138461
1 33914 182339
1 73786 108786
2 176125
1 62355 109046
1 112386 162955
1 154414 144215
2 23763
1 128204 185311
1 128369 127922
1 157074 64199
1 133152 111198
1 70579 130183
1 30898 100489
1 176433 51952
1 91123 191454
2 73551
1 46957 176366
1 131998 44700
2 168570
1 124267 34434
1 197401 29536
1 114773 135032
1 139758 35641
1 79589 104358
1 114167 66706
1 199591 18181
1 27705 197948
1 169709 182861
1 138006 118417
1 73690 159775
1 100482 162437
1 149611 175285
1 123178 96175
1 39366 46151
1 33567 196695
1 196104 173248
1 1161 137346
1 74313 43168
1 82953 67964
2 175218
1 53417 5999
1 433 100483
1 48305 25757
1 76854 174109
1 196444 17147
1 19935 19031
1 177681 71197
1 15871 39039
1 9079 72434
1 47396 82286
1 172288 109422
1 125448 158226
1 123833 154873
1 45884 2870
2 180816
1 116219 92881
1 72806 134887
1 29167 78921
1 15720 56088
1 190917 182141
1 58461 186505
1 135034 72911
1 15532 147186
1 59879 112339
1 94033 84972
1 28999 55225
1 66634 137596
1 138119 15358
1 73218 74527
2 43469
2 152115
1 26392 196085
1 131471 156512
1 44345 56923
1 6353 32462
2 142190
1 177250 169719
2 47192
1 144356 62704
1 63991 81482
1 161483 89402
1 31327 94834
1 7618 77134
1 124918 192146
1 58245 177033
1 159695 9016
1 56253 159910
1 68184 98412
1 163252 121927
1 16881 73886
2 99583
1 53473 6829
1 176140 37863
1 75517 60328
1 82953 27672
2 162009
1 26838 128011
1 103364 170765
1 25942 96719
1 27910 130575
1 129536 56254
1 134664 70303
1 191813 73721
1 179990 44850
2 191409
2 158768
1 34656 195549
1 116795 160099
1 28241 81491
1 64074 193284
1 190053 8078
2 121550
1 29079 111139
1 188905 196532
1 153884 15268
1 100563 57390
1 111944 18817
1 186603 159860
1 171868 58298
2 44035
1 35429 114550
1 124925 195305
2 10880
1 67749 127292
1 169819 45981
2 44857
1 194362 150719
1 199037 2120
1 54191 154676
1 84151 25275
1 117467 181819
1 55771 100012
1 53826 18165
1 172459 40278
1 162987 158702
1 33756 145020
2 127369
1 110659 166750
1 146476 24620
1 13948 152040
1 45991 15528
1 13063 137801
1 84755 143366
1 153683 63084
1 5184 49706
1 13779 53228
1 196398 166533
1 61414 113432
1 65561 107516
1 158921 165576
1 45893 123927
2 159292
1 164221 167435
1 42116 59762
1 194394 110436
1 174617 150012
2 135069
1 173048 146768
1 77900 40082
1 43690 127280
2 178476
1 181051 48433
1 158123 143243
1 73475 101245
1 47065 10860
1 30722 70743
1 19454 17847
1 172527 136201
1 46268 65474
1 85492 96140
1 165385 190435
1 134077 35954
1 156120 81014
1 44416 74773
1 84936 147564
1 127821 131520
1 175371 100885
1 61720 23324
2 167384
1 63304 40133
1 107505 89365
1 156507 197299
1 147245 122431
1 16158 115403
2 62049
1 54616 95196
1 2874 44518
1 57649 158004
1 193894 192894
1 10857 31817
2 146393
1 103438 183938
1 163708 43870
1 163050 149182
1 110254 176450
1 86259 46190
1 17995 68027
1 56880 151224
1 113667 93588
1 93026 67304
1 125682 11036
1 182640 81530
1 157863 135760
1 3604 144743
1 75119 162502
1 179909 52334
1 53543 91802
1 52836 116709
1 51138 84446
1 19435 99200
1 134742 171069
1 86418 28768
1 127534 23601
2 37763
1 152636 163275
1 53377 113984
1 44454 37884
1 24652 70227
1 64088 20704
1 59395 68535
1 113143 33081
1 59593 54149
1 192810 115636
1 81905 121889
1 160708 148405
1 45708 165158
1 131766 105896
1 31218 30927
1 104307 88453
1 22544 29286
1 170211 92963
1 43059 143794
2 42571
1 72036 44756
1 154053 178620
1 65812 167076
1 82601 8636
1 128485 69401
1 14161 187698
1 56248 191737
2 174836
1 183408 70816
1 101107 137389
1 15739 156815
1 18880 80768
1 78697 186433
1 21554 49642
1 100450 194728
1 151759 193838
1 74135 169559
1 175396 151709
1 66765 91314
1 14000 68966
1 40871 93781
1 64594 96414
1 91320 131524
1 164465 116368
1 106313 16147
1 82026 79880
1 83176 24279
1 121599 40605
1 83442 15564
1 173757 68606
1 16097 180808
2 143662
1 85715 190489
1 39677 3073
1 27530 19247
1 9024 7990
1 10179 50043
1 91909 103054
1 135593 64992
1 27894 163123
1 120055 112473
1 145433 89571
1 188770 58246
1 146972 87010
1 10308 163383
1 167266 80033
1 90444 49207
1 107150 37033
1 129893 20253
2 142927
1 193771 107300
2 69598
1 64334 182477
1 191767 44591
1 91151 135143
1 45163 27150
2 106236
1 120120 39607
1 103330 137463
1 6076 192174
1 94532 155203
1 122769 97488
1 99384 105972
1 97063 175805
1 131539 39447
1 52171 34555
1 133012 157982
1 79060 581
1 15095 137294
1 57042 103828
1 14264 101356
1 71348 94962
1 157286 49828
1 97273 22140
1 68522 133948
1 107033 177975
1 4503 175801
1 37876 59222
2 16564
1 28367 137594
1 32452 159368
1 6631 193309
1 45095 28773
1 13099 41204
1 1323 162040
1 75091 180721
1 188853 142352
2 73595
1 41932 166544
1 16452 144312
1 136831 137817
1 16075 151516
2 88378
1 196781 88540
1 193924 64801
1 108526 139724
1 107487 36408
2 78470
2 73197
1 153192 82547
1 108082 34002
1 184272 169505
1 152170 35365
1 39184 31245
1 149145 159093
2 40082
1 184583 122866
1 26395 149209
1 109785 65469
1 2620 29134
1 10589 38916
1 91355 74376
1 5501 28543
1 5165 85468
1 197348 26178
1 35621 141926
1 83018 65766
2 22433
1 164632 171198
1 106935 20180
2 110439
1 161562 97498
1 135835 123850
1 70088 98493
1 53986 121058
1 72425 173785
1 14796 152591
1 14857 76591
1 166756 40985
1 26563 57051
1 40912 96674
1 7981 155102
1 183839 47116
1 640 25318
1 89618 116518
1 100298 165600
1 141550 189789
1 82583 102337
1 111424 118177
1 140252 83664
1 147249 9620
1 69862 167224
1 185164 87802
1 141187 77581
1 115277 195357
1 107311 101661
1 169708 55104
2 126914
1 124413 142954
1 64189 91671
1 58729 103516
2 128574
1 172729 29600
1 116166 163070
1 167362 99869
1 132541 5828
1 172921 7366
1 139248 180053
1 137848 184608
1 194306 185660
1 62823 39348
1 159553 116443
1 36356 58429
1 92945 196083
1 157621 30291
1 23576 7856
1 118348 93532
1 81516 174008
1 46361 1073
2 97978
1 98725 50102
1 34492 19831
1 67874 120335
1 195075 110668
1 105144 12720
1 182832 126589
1 191094 118100
2 168547
2 178736
1 133931 42527
1 107243 117507
1 171051 123110
2 173462
1 147425 182233
1 57207 150482
1 32430 104089
1 41198 185105
1 175590 193909
1 189700 39272
2 44484
1 141921 92405
1 144055 23419
1 52379 43844
1 57827 144352
1 123184 20354
1 5139 118291
1 40226 33949
1 67053 176499
2 61964
1 150617 126080
1 38596 61464
1 145137 197208
1 198801 182626
1 15074 29121
1 113686 40043
1 104998 149914
1 96548 174914
2 151848
1 182193 1195
1 181690 143921
1 34398 83529
2 124620
1 1180 85199
1 21726 174023
1 76038 97445
1 49887 131185
1 17038 186179
1 9488 10601
1 152750 142272
1 188017 52842
1 184581 29140
1 185221 23390
1 192613 122109
1 11132 46694
1 55129 171441
1 164833 51305
1 112757 111689
1 128581 131291
1 187618 113580
2 95083
1 80423 143337
1 32598 6197
1 140942 197567
1 96142 54735
1 121143 115218
1 174983 15578
1 62680 187475
1 80928 140700
1 64366 170693
1 168463 6886
2 71144
1 95699 18728
1 141738 50837
1 142650 164140
1 167687 146379
1 50240 182294
1 162001 173658
1 64904 118114
1 41844 131632
1 14461 64286
2 71984
1 109213 47415
1 111798 6375
1 100418 104755
1 2888 138214
1 113425 70130
1 192535 177266
1 26872 94511
1 48628 97236
1 59184 95943
1 148082 120232
1 177030 20260
2 95001
1 9998 99623
1 135199 101263
1 34552 97196
1 176875 186755
1 58365 46438
1 123579 94107
1 133977 27435
1 36692 41760
1 48717 154658
1 22672 135017
1 58701 74699
1 50279 94470
1 18217 150226
2 52926
1 341 36094
1 70193 109555
1 6170 5277
1 75897 88679
1 88225 121340
1 67343 143372
1 146639 28700
1 7571 94960
1 70375 157498
1 183041 87691
1 24732 191866
2 92771
1 159923 78551
1 183637 30518
2 130514
1 154353 147926
1 8724 91319
1 33146 136129
2 115375
1 114770 74974
1 186185 139279
1 118732 169685
1 117901 191385
1 141322 59203
1 165994 75821
1 174660 127015
2 6975
2 173049
1 115653 108337
1 187688 189005
2 83093
1 149968 199528
1 197373 142509
1 192654 123134
1 151028 164780
1 116130 198826
1 12257 78249
1 197045 99634
1 169016 76828
1 52089 126572
1 73219 108490
1 188370 67722
1 86697 54582
1 79872 1318
1 190721 79814
1 170705 168976
1 90519 194419
1 149380 53142
1 157630 18741
1 10880 851
2 193815
1 91666 166838
1 189409 109152
1 21355 49748
1 52306 127040
1 184528 620
1 65375 24337
1 123357 50147
1 156150 121903
1 115630 171806
1 49831 59457
1 29298 22698
1 2768 148357
2 127923
1 119212 167052
1 79138 180834
1 135276 166616
2 190551
1 153363 75707
1 80038 27709
1 168766 176451
1 166714 184976
1 73916 164606
1 17678 127449
2 128310
1 12725 133422
1 108383 13040
1 139465 20500
1 143106 45178
1 133610 33586
1 175179 64411
1 116725 96316
1 89120 115707
1 7434 1210
1 175354 61328
1 87739 151628
2 102448
1 169954 144572
1 164077 24520
1 114350 175047
1 159120 180224
1 79373 110223
1 44775 32409
1 131375 7144
1 104957 32870
1 164954 35829
1 175507 195028
1 158066 158033
1 43847 3961
2 70537
1 109098 162943
1 178692 60775
1 109546 188122
1 98131 108251
1 170214 47832
1 161751 60546
1 96174 120648
1 140670 8919
1 19252 74226
2 158927
1 126812 171221
1 28983 107424
2 90631
1 163653 123044
2 42514
1 149825 193775
1 5002 77244
1 65935 47917
1 28361 129155
1 64599 3455
1 163566 103749
1 185672 10599
2 192018
2 84140
1 69463 156797
1 50682 55665
1 107161 81291
1 23692 189374
1 164862 142540
1 135412 2873
1 45513 178515
1 64058 100803
1 167388 159131
1 71891 180643
1 35874 131666
1 148845 70515
1 140478 34280
1 49849 7946
1 167220 5718
1 85753 157801
1 92183 191410
1 151180 29225
1 90227 156914
1 39095 64548
1 9339 167294
1 87606 26531
2 24821
1 15650 199363
1 143115 166948
1 110125 107750
1 64278 54262
1 164899 107070
1 37696 26736
1 110397 69262
1 14747 154454
1 128473 156875
1 58285 159775
1 128937 185125
1 79871 67928
1 55837 172244
1 119394 157654
1 27342 24869
1 75650 41890
1 5036 108165
1 83183 85985
1 102634 186508
1 25385 8834
1 95848 112525
1 50860 42347
1 120161 72669
1 63740 167973
1 12758 196194
1 150387 10694
1 121658 54110
1 78920 60768
1 114655 21756
1 91042 196712
1 86561 91290
1 171678 192937
1 6801 95831
1 85084 186986
1 71140 47262
1 86608 155292
1 67101 87923
1 53703 104584
1 52344 176637
1 69368 155321
1 125209 21461
1 92110 132262
1 100340 132623
1 169587 143203
1 192253 20934
1 3614 56520
1 67219 145900
1 1440 122848
1 165736 78609
1 133995 91222
1 22324 83699
1 17060 84766
1 193242 32071
1 81322 182560
1 54939 155527
1 72999 41002
1 165498 136701
1 87575 153366
1 54063 145551
1 146582 61433
1 83983 189835
1 175598 139725
1 53499 146676
1 190369 176353
1 194889 149708
1 75571 134591
1 131120 128228
1 151804 3422
1 26808 37218
1 72749 81994
1 160480 178899
1 45664 28816
1 144017 11634
1 56293 78766
1 2691 185462
1 76617 99130
1 105774 119202
1 149801 60945
1 15475 154953
1 20600 129410
1 149132 196064
1 115149 121532
1 189490 153737
1 14513 164278
1 78477 196188
1 67111 91869
1 9569 117496
1 176444 198595
1 187318 38155
1 36560 50310
1 82888 199902
1 161701 179326
1 106992 132516
1 125864 62955
1 93586 110468
1 89214 119645
1 163529 160548
1 193553 105509
1 54480 33081
1 61082 196541
1 141874 6156
1 67377 116595
1 95092 55375
1 147410 66523
1 96513 99040
1 95026 160246
1 12246 162909
1 173826 87901
1 13230 41704
1 121795 100338
1 174896 156668
1 12299 112969
1 148056 121201
1 119958 59986
1 71076 43148
1 141584 192266
1 114816 58827
1 173346 55011
1 24051 6319
1 197819 71089
1 165834 56010
1 53985 135254
1 181061 158155
1 182775 95407
1 119745 137543
1 55505 90944
1 112166 145418
1 2166 55454
1 51857 109535
1 149621 158555
1 89604 179611
1 171691 89207
1 187597 138992
1 130834 178309
1 40500 112753
1 21646 57755
1 161577 68129
1 50997 86910
1 54509 75393
1 66525 71821
1 29951 47001
1 45546 180908
1 82378 46726
1 10008 118836
1 134925 105349
1 13765 3801
1 161162 122558
1 90114 123675
1 182323 170324
1 10395 98033
1 190929 33644
1 60132 89266
1 4598 174972
1 120199 85126
1 175078 92438
1 114060 23565
1 178370 79733
1 46247 123406
1 136629 157319
1 42504 3298
1 177698 108603
1 89374 127714
1 70477 113676
1 13933 8654
1 162120 116431
1 45331 26239
1 32545 153849
1 131605 51279
1 123850 169460
1 52014 95494
1 197129 137187
1 118810 189129
1 30240 170676
1 58720 138686
1 49983 113958
1 67103 102914
1 181481 83546
1 155034 178447
1 78373 35934
1 11398 163816
1 106918 115768
1 169938 198151
1 166268 133104
1 40952 11208
1 149563 175968
1 60612 101079
1 33452 40320
1 115810 76951
1 105459 173165
1 26924 40532
1 127169 185082
1 151540 93931
1 116219 120250
1 149775 91448
1 123433 52492
1 51938 70785
1 61155 14119
1 175665 88225
1 192378 89704
1 63334 186999
1 116387 191385
1 49246 76751
1 93864 160772
1 12858 179089
1 143634 69369
1 170532 142120
1 111761 48924
1 44448 151670
1 74222 177138
1 33685 18422
1 92211 83245
1 39644 80305
1 142233 195381
1 162376 33957
1 149107 84665
1 84598 69235
1 122648 17655
1 39830 54216
1 173206 32392
1 194491 87117
1 20501 174895
1 191263 129107
1 110089 79971
1 95226 133625
1 155740 29979
1 49605 11743
1 178330 81433
1 199818 172624
1 197791 137210
1 186734 105259
1 125503 107709
1 146369 124115
1 72308 49937
1 388 17112
1 186636 103779
1 54780 152613
1 17748 112872
1 127350 178987
1 137855 167848
1 88219 93197
1 103963 69324
1 194551 177101
1 74615 24233
1 155140 107767
1 35085 91341
1 40124 99148
1 32246 111561
1 132382 118577
1 22990 91968
1 187264 165209
1 162596 129326
1 129173 83120
1 159334 46524
1 119169 38409
1 15117 49667
1 77787 192906
1 32965 89118
1 83330 159447
1 144800 134453
1 43427 176316
1 88635 145927
1 82633 138398
1 71728 125944
1 98982 88420
1 199293 76891
1 129568 78817
1 132789 173697
1 30048 119174
1 67173 118786
1 155991 47942
1 84234 87627
1 56337 106313
1 161713 80809
1 182398 94740
1 116206 137748
1 129535 186168
1 107009 121599
1 133998 41851
1 198789 146335
1 112816 178180
1 63963 153531
1 151871 72394
1 151318 189811
1 2483 14911
1 17897 46099
1 84432 8696
1 1613 155928
1 152982 79840
1 175863 198852
1 179333 143774
1 55801 177951
1 87023 105988
1 45175 98318
1 197762 59193
1 151949 130969
1 146325 174825
1 97663 152439
1 80883 80427
1 32737 50140
1 163494 196659
1 56264 88582
1 87622 97529
1 122800 169540
1 134337 30057
1 3183 25415
1 60589 177996
1 160345 145069
1 138251 80886
1 130997 181644
1 134430 100018
1 39201 53372
1 166253 179691
1 160577 163240
1 82836 22108
1 151405 174037
1 43538 156154
1 122267 6771
1 18638 30559
1 84618 171044
1 10795 18426
1 103281 144843
1 149646 143798
1 13543 24919
1 72109 170600
1 50387 140752
1 183130 166524
1 3607 127904
1 26831 107042
1 183417 183333
1 194300 185141
1 13266 95862
1 70478 191084
1 155514 24372
1 25731 172420
1 178355 174483
1 180652 168685
1 142293 123240
1 110081 80692
1 187705 190901
1 178666 126640
1 97834 119602
1 161421 179377
1 15241 121503
1 16660 144422
1 193599 106951
1 81408 39310
1 114792 122902
1 166004 17697
1 21821 87967
1 63162 107775
1 12995 194471
1 48347 117080
1 112115 118773
1 189085 152222
1 190249 88478
1 6045 151272
1 126928 166668
1 18895 132520
1 56717 132750
1 21779 171791
1 20331 112230
1 163451 7167
1 136583 96910
1 2073 132465
1 170365 3276
1 77518 66919
1 2834 154040
1 70928 40405
1 127907 97803
1 20731 191372
1 78221 64490
1 38556 84519
1 113310 194547
1 6905 137913
1 6397 130120
1 14693 65525
1 137685 90201
1 65026 79456
1 92935 93174
1 186519 140852
1 180560 90836
1 169877 97430
1 1784 26783
1 28132 82107
1 120893 12226
1 51379 40982
1 120639 2163
1 40703 180165
1 183405 25282
1 124387 180540
1 100591 133346
1 91489 134897
1 86037 131449
1 47152 39433
1 50432 76005
1 54150 162947
1 175760 61007
1 75047 113443
1 57741 125492
1 84591 62050
1 195801 23473
1 153756 106196
1 18838 196622
1 111903 99225
1 53139 61135
1 173029 192264
1 189821 34679
1 22240 111897
1 6916 38301
1 184091 185810
1 128651 156787
1 27518 117556
1 38419 188308
1 191454 195942
1 154858 155982
1 104968 103266
1 14160 56112
1 121743 3998
1 154794 134614
1 117076 73661
1 131818 155506
1 43541 180727
1 1726 6749
1 145786 140039
1 139576 61982
1 60763 140179
1 1022 30329
1 108310 135329
1 35571 15100
1 93327 4343
1 130469 81094
1 61384 79763
1 30584 792
1 179427 170701
1 75538 58913
1 149301 134280
1 152137 90948
1 106318 198113
1 130506 126124
1 138950 10833
1 72202 74515
1 43849 163301
1 173874 4175
1 60326 31968
1 89991 116830
1 185684 129774
1 114775 165555
1 160902 97037
1 158314 122753
1 50929 52727
1 46376 159111
1 52123 149714
1 151879 135004
1 550 20124
1 115833 126205
1 143068 175441
1 89043 197589
1 43197 33566
1 51840 51212
1 96839 12619
1 64102 178835
1 137733 179364
1 121689 29358
1 61531 51304
1 118143 92482
1 124881 131573
1 8579 13985
1 153821 152436
1 127294 126804
1 146037 105665
1 55459 2280
1 175894 49565
1 55529 32123
1 94222 186264
1 2942 85257
1 39825 57848
1 27242 31858
1 160954 163439
1 176065 90446
1 127903 39164
1 177677 188468
1 42074 151264
1 158139 108614
1 49108 77572
1 152581 30273
1 143445 126120
1 124320 116996
1 37065 185935
1 12582 148191
1 151573 47401
1 83270 107229
1 6683 66881
1 35434 142228
1 32458 58344
1 46313 174380
1 31657 80993
1 112366 195054
1 96612 20110
1 79592 96720
1 14872 188379
1 126772 141054
1 84379 168105
1 48136 48554
1 37968 17726
1 55393 163734
1 176745 71595
1 117038 67681
1 574 40509
1 62206 56977
1 55501 171623
1 134439 132768
1 63121 57712
1 184441 184521
1 51400 104409
1 168034 78868
1 168448 190865
1 195619 9120
1 114018 144989
1 134899 29681
1 108289 75266
1 39345 141882
1 27363 10996
1 70672 23148
1 138257 164676
1 149886 145216
1 80668 90373
1 18517 76673
1 17585 9663
1 51974 32029
1 67678 56472
1 71618 80045
1 148196 110719
1 189930 41026
1 148927 129306
1 164857 32498
1 199924 114483
1 174768 115043
1 106907 80734
1 122947 145751
1 116141 34926
1 141954 135289
1 36623 96984
1 160842 89319
1 146910 57959
1 101292 148673
1 68925 34850
1 26014 186352
1 113373 33083
1 185953 165690
1 83917 152186
1 119090 130052
1 68546 71592
1 81909 41768
1 94760 52544
1 52702 21498
1 29353 183955
1 9634 18454
1 84797 168442
1 31582 79852
1 191411 40065
1 119749 46989
1 43774 71185
1 50191 143800
1 165187 4063
1 43680 153888
1 127778 107603
1 186999 39040
1 150467 191867
1 171224 33122
1 69794 65714
1 115131 49260
1 39198 50187
1 169718 124396
1 86335 37889
1 7081 156261
1 157061 103651
1 57256 47834
1 37368 57916
1 184814 41051
1 169901 178305
1 109503 115853
1 66646 100543
1 175326 172862
1 73806 143108
1 181617 72489
1 88355 49612
1 151089 122630
1 23332 139694
1 188886 127894
1 178796 106503
1 70658 31661
1 140975 43367
1 83885 172672
1 48068 98939
1 103313 177649
1 115252 120123
1 189079 77721
1 122626 161301
1 41665 53781
1 186172 114713
1 149656 80532
1 48448 59877
1 27928 170847
1 156754 66324
1 131291 129194
1 19165 29923
1 77507 5658
1 129479 191140
1 100780 50902
1 157754 72230
1 33426 17171
1 69871 37668
1 8894 30811
1 9534 90220
1 78262 9822
1 106084 42259
1 129573 85115
1 12820 151192
1 139976 148944
1 42432 100309
1 59291 128512
1 2409 148525
1 24836 65604
1 149733 123569
1 49725 72181
1 171121 140821
1 191111 195417
1 188855 188243
1 1933 141548
1 4769 85598
1 53015 52592
1 102559 15242
1 103024 117047
1 61748 144250
1 151897 93040
1 146248 122889
1 187696 82353
1 93417 134652
1 181467 9924
1 66531 76648
1 112121 133365
1 197057 164640
1 117002 132058
1 150308 126114
1 98525 166051
1 174596 5634
1 94138 195556
1 119492 87639
1 11665 21984
1 93755 15268
1 51428 100824
1 85759 17161
1 173040 54357
1 103093 158314
1 195809 123378
1 106006 13920
1 138614 148973
1 142020 111135
1 83442 164783
1 52237 21992
1 131204 74457
1 65662 170608
1 189881 154577
1 127404 105104
1 136929 19917
1 143359 195630
1 115263 91744
1 19904 113963
1 105845 71363
1 199588 156046
1 197486 157221
1 103320 187377
1 96653 53045
1 101839 37291
1 278 4143
1 170827 32061
1 185244 24357
1 104360 107072
1 72171 116880
1 185007 13966
1 159350 172055
1 157144 35824
1 53763 55519
1 98337 99273
1 80085 163283
1 144398 69312
1 131226 46582
1 136833 173555
1 87 9894
1 179709 156634
1 169360 191603
1 152821 22585
1 136188 119776
1 33690 184970
1 82984 35001
1 178084 31530
1 140522 40534
1 70239 72899
1 106952 97390
1 57658 181369
1 95338 154463
1 57357 178648
1 56062 166524
1 41257 137342
1 96234 84504
1 125284 7109
1 62263 23826
1 51876 110004
1 41723 93346
1 97515 7974
1 94024 65187
1 142819 196602
1 162835 32033
1 167596 123837
1 50919 53156
1 16996 169237
1 27787 10301
1 28790 157871
1 39344 26512
1 133927 160746
1 167712 75490
1 161756 155013
1 165731 51813
1 185775 94854
1 87283 8834
1 155059 122989
1 98147 89510
1 197253 134680
1 77515 107984
1 184214 17591
1 36214 92441
1 76023 185587
1 124303 170757
1 148132 131355
1 76746 88201
1 46547 165583
1 40271 188637
1 7806 81968
1 161068 117572
1 104367 132679
1 15867 153945
1 94667 100277
1 150161 111579
1 42850 79707
1 79784 87740
1 97718 17738
1 72591 1767
1 43146 124781
1 15248 3344
1 83245 198645
1 99362 154176
1 2182 45702
1 75921 108128
1 98466 22560
1 174058 185670
1 157563 152656
1 111595 167102
1 184011 149399
1 197098 194586
1 76626 25243
1 92164 47421
1 139875 53133
1 84105 174756
1 50294 33626
1 152101 138101
1 16297 29846
1 110738 64717
1 151000 59493
1 163388 77956
1 133727 178219
1 5045 113027
1 22828 122679
1 114907 85706
1 121226 78891
1 152198 152315
1 61483 108399
1 26678 104234
1 190070 86231
1 177467 53224
1 82 42578
1 63014 102222
1 12401 68756
1 83569 198535
1 122592 198853
1 59434 102369
1 128589 13291
1 116197 116501
1 28954 72725
1 187171 21524
1 81761 141706
1 52925 22356
1 162696 170225
1 42901 159900
1 42311 195330
1 15743 95820
1 109815 31341
1 61163 52720
1 66141 93000
1 165206 3142
1 134903 198783
1 63986 6926
1 133318 137207
1 78611 80914
1 99996 46147
1 47195 74805
1 47143 113226
1 186087 193472
1 54847 163448
1 9339 123178
1 125677 122597
1 192620 66728
1 15292 166211
1 16268 7413
1 22084 121227
1 89499 22948
1 27700 72937
1 28012 170851
1 187295 113831
1 148949 187026
1 112139 165975
1 5147 104452
1 59189 157317
1 113629 129493
1 96681 142492
1 10687 86765
1 131008 1816
1 48346 135699
1 80122 77740
1 95842 73397
1 145215 191476
1 35799 36342
1 78576 149405
1 67376 59066
1 153331 109074
1 141828 112110
1 46910 175275
1 165947 42523
1 72035 20370
1 141173 118059
1 96029 54197
1 80569 153980
1 60762 132466
1 55585 57638
1 121737 11008
1 180803 63431
1 34533 70554
1 83362 129687
1 164610 156209
1 85654 45544
1 47896 181778
1 40121 191421
1 974 51285
1 47444 180367
1 105736 24584
1 184009 173596
1 3699 93403
1 185281 57648
1 168336 114765
1 198552 99832
1 22336 97367
1 80136 97924
1 185231 118103
1 87380 103133
1 97347 192319
1 72118 76296
1 183014 67454
1 161034 109976
1 79058 118575
1 195836 98874
1 68221 51265
1 119087 49021
1 182341 102503
1 188719 120417
1 115197 192896
1 147610 87522
1 101303 137353
1 172234 74564
1 38484 125954
1 41733 164960
1 101707 46878
1 128680 49519
1 66102 20270
1 173585 57111
1 137763 138064
1 91532 83764
1 19865 20
1 34689 77672
1 82344 180527
1 93531 153446
1 16758 162980
1 87420 35259
1 129288 57774
1 117151 153822
1 84557 41267
1 115149 72889
1 53297 176677
1 75652 129720
1 177824 112123
1 145381 81873
1 178712 199760
1 100061 71956
1 87669 83993
1 149653 94901
1 143543 83020
1 153374 52248
1 129174 192783
1 172695 12508
1 164424 99103
1 100832 2090
1 189202 75906
1 116804 14720
1 143758 27758
1 39715 569
1 105595 94523
1 83101 151775
1 18827 145671
1 161029 70707
1 57192 130088
1 182981 61884
1 146120 136407
1 110158 117902
1 123443 65754
1 51331 45469
1 54034 189682
1 140390 111362
1 187962 182406
1 27587 179852
1 88825 89872
1 198811 9738
1 20512 48775
1 3475 26264
1 86673 22284
1 13470 29737
1 183371 186457
1 61480 163604
1 33651 110054
1 78852 93537
1 23205 104861
1 47256 53397
1 127484 128705
1 182280 112251
1 191326 75930
1 71776 198262
1 185611 127779
1 69765 195588
1 83302 76983
1 115294 597
1 118660 119545
1 38270 145293
1 125493 194948
1 60374 100373
1 93073 53651
1 73817 150376
1 133253 178928
1 110831 148316
1 13470 85474
1 54109 6512
1 17813 58899
1 89524 139541
1 46427 4031
1 33274 168383
1 181798 106724
1 45398 163885
1 152380 177638
1 91199 1527
1 173887 14081
1 75879 24216
1 6778 21428
1 185763 12156
1 93099 113196
1 35038 117067
1 184401 96495
1 145279 19894
1 35320 97674
1 70936 68290
1 27202 4284
1 55376 108754
1 65975 35044
1 91923 92409
1 72336 46377
1 136952 147200
1 4929 91688
1 43443 8501
1 114053 6883
1 146748 188981
1 140974 199399
1 113919 42554
1 104237 191294
1 50885 2664
1 79582 122327
1 4770 163668
1 196119 43699
1 168993 59222
1 65842 166993
1 46829 53457
1 14233 102235
1 113345 4416
1 3730 149329
1 13074 24067
1 111307 88503
1 194170 58858
1 38823 197947
1 177128 83137
1 96969 184553
1 31431 138396
1 68896 112274
1 40492 124452
1 155315 5562
1 139011 110818
1 146351 88961
1 61436 11596
1 10927 157460
1 131826 109454
1 174731 86101
1 131420 106203
1 38627 67079
1 103735 14771
1 75309 126206
1 164531 100278
1 87742 53063
1 113117 68266
1 139861 114132
1 61004 191370
1 150958 28074
1 104144 131791
1 22469 173070
1 115608 110467
1 184233 106028
1 53539 73731
1 179459 156618
1 33641 76564
1 43110 17133
1 156170 20906
1 197785 95242
1 41526 122996
1 177699 191856
1 38303 4715
1 982 164659
1 104284 60765
1 114463 16027
1 46559 95733
1 134925 193806
1 3865 100109
1 15455 146236
1 83180 152118
1 125395 132874
1 179473 93959
1 173676 173312
1 50059 39140
1 194435 191606
1 43467 48657
1 178001 162556
1 14053 36023
1 13819 81481
1 120435 71733
1 131423 41062
1 97608 27371
1 76638 16219
1 18903 76867
1 85802 157466
1 46117 173312
1 185938 52715
1 24620 65483
1 119244 11288
1 74513 31740
1 36738 69978
1 192009 71269
1 110495 148483
1 173447 133733
1 171035 69676
1 136425 159212
1 62085 9377
1 76835 97737
1 147537 137740
1 103275 47292
1 113634 20896
1 92774 180793
1 60697 128391
1 102675 183929
1 177758 172301
1 178230 88071
1 101678 105613
1 7624 4618
1 169062 172125
1 177437 86286
1 197903 98038
1 64214 114967
1 152490 164518
1 161032 29993
1 198973 112505
1 363 145617
1 116062 105956
1 195975 156472
1 82240 98612
1 15900 197737
1 179067 147447
1 67025 32800
1 130529 77097
1 7904 63445
1 168574 9890
1 144831 171593
1 100910 71741
1 99921 129681
1 33830 71948
1 190351 49504
1 177211 154298
1 78257 101145
1 18999 198208
1 187744 96469
1 3742 43532
1 190049 195698
1 3963 135086
1 197370 48797
1 77488 103621
1 197609 151777
1 198974 180586
1 25670 167407
1 111121 57435
1 128180 64048
1 101328 88106
1 127312 189961
1 80163 151847
1 74259 105710
1 176965 171467
1 103114 198890
1 68491 37158
1 183032 132333
1 10037 89354
1 58121 152855
1 9078 33529
1 82747 175491
1 187774 169549
1 13832 33496
1 148176 98727
1 8855 24844
1 86784 72410
1 46883 106874
1 84108 57624
1 182827 155237
1 135135 94172
1 31067 13964
1 173921 86170
1 26427 123569
1 109890 189476
1 178519 55461
1 60040 135069
1 120430 103958
1 57816 121379
1 116126 183771
1 22146 146681
1 157200 27454
1 107663 170035
1 18144 28043
1 23310 100901
1 34447 89880
1 6813 50445
1 72813 71382
1 71861 194047
1 76224 32663
1 29434 162898
1 163706 190943
1 54977 11146
1 46426 20208
1 84002 53445
1 138849 138192
1 37503 43433
1 143672 155422
1 67669 8461
1 61471 173973
1 41347 176038
1 75225 119775
1 77464 173173
1 40918 29534
1 136930 21039
1 25889 32246
1 183796 169901
1 136651 27743
1 107703 183958
1 23767 43433
1 131892 134345
1 169767 85968
1 117152 160527
1 29479 15747
1 30633 172928
1 50809 35823
1 135040 120435
1 128736 132561
1 108648 142380
1 131888 30332
1 72254 123905
1 105269 171751
1 14408 128782
1 31394 181754
1 196482 142426
1 194174 157594
1 57831 148169
1 40522 114355
1 37693 150659
1 7221 162438
1 124388 177380
1 167428 43955
1 47584 83557
1 39292 186695
1 194980 182218
1 50001 62473
1 182753 150285
1 96404 28930
1 26127 161291
1 135640 169291
1 199419 5038
1 3493 124635
1 145170 133403
1 130401 26448
1 1709 181405
1 168827 21502
1 149469 137873
1 182937 167926
1 193976 54098
1 177221 116953
1 171685 182823
1 19731 165085
1 181604 124588
1 7382 166494
1 170401 105150
1 100355 86056
1 46394 45099
1 6885 98691
1 81998 4953
1 141635 93376
1 128137 72117
1 158095 179844
1 135213 83871
1 182033 140114
1 42659 6356
1 134291 165662
1 165314 191643
1 65101 47951
1 155743 129076
1 155219 44179
1 161173 17086
1 34813 160873
1 116566 92071
1 127191 55019
1 185203 77849
1 68618 987
1 21416 115235
1 33355 151407
1 158380 121318
1 166274 142047
1 25847 192449
1 76990 93742
1 197332 102974
1 10711 71031
1 188969 89406
1 160035 163514
1 93572 101026
1 187548 147879
1 101608 153404
1 135057 90346
1 65816 198645
1 148493 89336
1 197667 13311
1 102277 4952
1 181489 90686
1 107846 120373
1 5900 86131
1 193886 61922
1 103858 146857
1 88649 70575
1 121178 169314
1 42206 78955
1 78085 26436
1 82490 106170
1 60039 73280
1 83757 2649
1 75286 88900
1 158948 10479
1 155986 96418
1 70359 112727
1 195156 191743
1 121780 147562
1 43516 62912
1 145675 50002
1 130165 115890
1 22459 162892
1 182988 183929
1 88732 54973
1 72625 24123
1 89646 163833
1 50700 39437
1 40770 8720
1 43140 197470
1 134247 14425
1 189196 180258
1 65176 117891
1 22447 136002
1 68452 186009
1 139932 70402
1 123101 47381
1 80117 78706
1 54021 184169
1 162325 80473
1 125877 34889
1 22752 3231
1 129360 110269
1 167567 31866
1 164839 164134
1 19771 110107
1 50222 8014
1 78889 50201
1 133087 152884
1 175447 187421
1 191021 15384
1 93639 143056
1 188652 54852
1 50761 121538
1 72639 62300
1 152461 8284
1 181121 165287
1 138089 58952
1 101112 1821
1 31399 174750
1 98870 118835
1 187922 28307
1 25617 27621
1 63490 54813
1 113222 180868
1 109031 5866
1 86761 153920
1 60562 80129
1 47889 47030
1 110666 44344
1 81217 16893
1 169613 170392
1 128153 173934
1 115108 23886
1 195069 52018
1 55468 83795
1 185990 141072
1 147938 145182
1 146984 151287
1 29615 103816
1 29860 162248
1 28852 143999
1 73775 170152
1 117976 73711
1 167650 92356
1 62159 131310
1 150435 24549
1 101164 36455
1 142675 183094
1 50026 102537
1 190905 82580
1 92151 191088
1 189167 64789
1 168067 10836
1 126028 86683
1 35783 123505
1 37329 131227
1 110425 91766
1 50391 79208
1 68207 81585
1 23352 191046
1 89777 103866
1 14525 26092
1 43843 26848
1 15561 60056
1 163219 101329
1 32195 144858
1 181984 95949
1 5065 147801
1 175692 51981
1 75603 135402
1 39587 92975
1 20901 152403
1 127596 156901
1 30713 63514
1 102959 76511
1 179372 32787
1 583 6006
1 157160 7593
1 119978 136346
1 41681 135596
1 114934 198398
1 99828 37404
1 31550 107714
1 106988 103285
1 162390 146529
1 16982 123772
1 2587 69404
1 85752 141320
1 191301 138022
1 8557 193172
1 90417 93201
1 194901 166147
1 183786 119097
1 87738 39029
1 114360 195183
1 119749 105737
1 117164 40680
1 56418 16435
1 101802 1831
1 25328 191936
1 68984 126504
1 154798 51048
1 188422 45903
1 45794 115347
1 133502 153040
1 180108 4654
1 110669 78431
1 30410 161264
1 178866 138907
1 185229 34407
1 50566 1590
1 71483 7368
1 15693 187624
1 84454 118519
1 114428 99796
1 49773 177683
1 113611 174075
1 13425 157254
1 29436 60064
1 36283 57420
1 180588 152379
1 20908 42049
1 181210 37666
1 15845 196527
1 115702 51508
1 112951 130904
1 59755 19143
1 98509 71809
1 8175 93844
1 72600 51391
1 36875 155874
1 185404 49094
1 94630 19504
1 163577 43695
1 70038 58151
1 2652 123210
1 156457 176383
1 182630 95781
1 137777 5616
1 62525 66523
1 116174 101788
1 82642 76639
1 31488 58
1 122962 20298
1 14189 152070
1 29137 22692
1 113647 146215
1 92019 80944
1 178338 98721
1 172764 136443
1 143596 176508
1 184987 73062
1 102861 24564
1 37715 135089
1 194473 866
1 39849 69769
1 99924 80939
1 6388 142421
1 75293 27879
1 129570 166206
1 88413 107156
1 18663 125885
1 16833 151356
1 75307 69994
1 32982 40804
1 45876 49153
1 41429 15479
1 23889 36151
1 172144 112306
1 21897 38141
1 149595 76624
1 58051 48276
1 20125 115385
1 193911 89874
1 108697 140582
1 156309 66099
1 100824 112024
1 38387 90723
1 11545 70842
1 69117 148107
1 105819 4115
1 92312 197914
1 19434 57584
1 176151 4374
1 151593 189521
1 177697 46178
1 151070 123219
1 119522 18642
1 145284 118174
1 25266 169069
1 177612 14287
1 98179 163586
1 77045 84008
1 135246 128174
1 22862 22071
1 170367 133740
1 6921 186948
1 98592 129053
1 173954 131711
1 117635 108762
1 144336 137705
1 117172 99192
1 87563 70657
1 99294 40091
1 1054 111410
1 39741 169535
1 118607 76155
1 106692 143234
1 199885 171358
1 55439 186933
1 166777 61901
1 5323 89444
1 91639 58321
1 38244 164387
1 196342 194685
1 31919 183196
1 45374 62354
1 108697 27799
1 5946 35060
1 54351 149768
1 118214 114125
1 90543 191071
1 50170 36288
1 145584 31180
1 2935 65681
1 82637 59409
1 189105 116818
1 105015 158796
1 55678 85713
1 48955 98756
1 156254 75328
1 141937 198452
1 31755 94437
1 153319 79766
1 185410 91011
1 24142 77361
1 190546 9159
1 181666 113894
1 184484 28407
1 177695 101239
1 11020 34969
1 186850 6297
1 25295 50208
1 199965 33147
1 159221 110620
1 147455 45015
1 123217 61985
1 84451 90873
1 166094 154360
1 17848 170573
1 83708 40325
1 124913 145517
1 18842 135609
1 7789 158955
1 9254 97913
1 45033 38492
1 91619 34702
1 141157 141989
1 54571 89102
1 95444 148618
1 107957 16650
1 91976 15477
1 7079 86585
1 186524 36227
1 57888 156132
1 196259 58069
1 136447 191060
1 139985 95125
1 51448 195577
1 182761 107079
1 7000 198300
1 37606 198930
1 131157 22664
1 113966 139663
1 146844 107251
1 183860 73681
1 87125 79859
1 19244 152309
1 108602 82718
1 177268 136172
1 196568 77634
1 29760 23750
1 144548 76999
1 17478 104896
1 141633 192417
1 90412 136657
1 55569 46330
1 37487 72114
1 159930 74399
1 175061 163949
1 75578 152233
1 133332 131623
1 122030 4463
1 132356 98160
1 139359 147690
1 160707 190153
1 44239 186600
1 197863 176631
1 161666 157110
1 4393 54343
1 656 175303
1 20175 58915
1 116649 66090
1 170778 90964
1 195113 35051
1 138418 43543
1 93726 17287
1 166670 11557
1 123736 13910
1 197544 3453
1 165809 92596
1 77473 100341
1 177308 122096
1 155824 34433
1 52210 137913
1 78160 189954
1 21306 1669
1 198954 166226
1 65145 91395
1 139457 43215
1 18171 145156
1 46237 92902
1 6112 50981
1 28281 2018
1 27178 115840
1 5616 98101
1 46086 34835
1 87526 74438
1 158872 76529
1 184307 190715
1 12812 137832
1 38165 188424
1 109594 125682
1 170902 10552
1 135705 54111
1 98810 102588
1 138247 125186
1 106350 11314
1 127895 163995
1 16493 164727
1 19197 125381
1 194293 179311
1 125942 172897
1 7274 9044
1 175835 76803
1 27976 105022
1 176871 92187
1 146510 162418
1 85830 178085
1 30761 47085
1 35104 31509
1 17567 181874
1 86182 191485
1 145725 77394
1 111516 127553
1 11074 20923
1 86952 7741
1 124429 93060
1 175642 119413
1 195909 94456
1 193788 77373
1 189959 119649
1 101851 89066
1 63765 68503
1 110998 31992
1 119676 188168
1 10855 8701
1 6470 125194
1 96175 68174
1 174242 4319
1 167495 71279
1 112017 40199
1 199364 150593
1 60626 138508
1 117129 121383
1 133199 107594
1 128788 102713
1 196872 123453
1 2753 5165
1 112577 199375
1 8483 144194
1 147304 44706
1 30277 167023
1 37129 152603
1 14907 100235
1 36021 19568
1 150831 166846
1 140656 160115
1 42984 173095
1 188314 81758
1 144797 175375
1 143648 55905
1 36090 181262
1 56612 46378
1 113201 53052
1 79529 138548
1 12165 189979
1 2884 60691
1 14547 3715
1 155775 87358
1 132130 125325
1 80655 58526
1 119020 19332
1 112184 37782
1 109 92937
1 136959 31507
1 1835 113989
1 137808 77013
1 22663 107988
1 157617 66111
1 55427 145583
1 172711 165916
1 64723 74587
1 112295 104946
1 100520 1041
1 140416 87690
1 150203 3245
1 94406 87936
1 191511 90714
1 164994 48456
1 22378 188221
1 51800 180354
1 9229 47265
1 187896 16768
1 153554 171811
1 14729 92116
1 102861 50207
1 24658 16095
1 133414 176538
1 154923 106263
1 3485 145777
1 79524 175448
1 46431 100994
1 115764 126511
1 39048 88345
1 45156 193251
1 196344 84061
1 157756 174916
1 9115 60923
1 25454 80440
1 136244 68115
1 183938 106243
1 170410 128290
1 120770 31126
1 107797 10544
1 105703 106843
1 137418 29499
1 29507 82624
1 171109 177955
1 175983 30786
1 10198 180055
1 122615 61820
1 108463 23295
1 12293 93616
1 13485 51435
1 118860 88981
1 186116 87484
1 66678 154209
1 174064 119890
1 35919 19865
1 89657 170293
1 49906 198422
1 48582 99079
1 31157 120281
1 130406 105706
1 35729 181906
1 41754 46510
1 186708 84462
1 158950 188541
1 73162 175327
1 153882 3978
1 34344 145840
1 164123 99383
1 96955 97481
1 154999 143237
1 38033 71231
1 130026 48258
1 3558 92959
1 3818 18798
1 191378 66556
1 111033 185518
1 37232 10231
1 130603 123060
1 150290 175119
1 167734 30126
1 96291 39849
1 16570 120366
1 21468 186145
1 112465 33562
1 54507 195985
1 197849 13205
1 24864 174368
1 100415 5741
1 139674 30863
1 45133 101894
1 39282 165632
1 197303 93062
1 50278 5192
1 88674 90435
1 2632 134327
1 26038 95786
1 37224 186277
1 185318 193905
1 7231 106431
1 85693 125438
1 94301 125841
1 174123 23257
1 99605 197014
1 180496 35407
1 126630 19965
1 110472 38121
1 163245 38462
1 27703 7820
1 126538 35550
1 50839 180082
1 87312 25663
1 135103 45129
1 76081 23084
1 188726 110569
1 199528 51746
1 104568 165436
1 132457 145762
1 89031 61672
1 99462 198902
1 44278 48193
1 60578 28290
1 147826 111469
1 33819 49294
1 163154 80791
1 179316 26768
1 67233 105240
1 57473 34815
1 16296 12899
1 47958 97429
1 167297 102384
1 57457 84259
1 124121 103786
1 50023 71964
1 97349 132316
1 166156 150107
1 13577 70425
1 149479 15926
1 3876 13740
1 49621 39815
1 25760 156351
1 163068 72183
1 30168 190991
1 30707 150542
1 64714 79312
1 198191 5368
1 79264 125084
1 198001 159898
1 42169 123746
1 99118 149206
1 76733 43468
1 113024 173467
1 160096 68017
1 174411 92464
1 30326 36540
1 133297 78529
1 76664 195676
1 132858 160491
1 137877 12462
1 19966 124868
1 150845 16232
1 120916 87663
1 21034 181511
1 6464 151903
1 148528 52154
1 193112 153577
1 144006 144720
1 150136 75086
1 110484 136415
1 69223 84872
1 158527 113975
1 52041 14229
1 182195 78343
1 107526 175939
1 60848 109709
1 26746 88827
1 156888 46467
1 96798 14032
1 197176 68744
1 50870 117960
1 47381 113420
1 43389 11116
1 37560 125696
1 60621 154317
1 52028 95485
1 57939 4056
1 162904 157556
1 64307 14043
1 109608 20630
1 50936 61015
1 196992 144964
1 193599 187849
1 108980 55673
1 127843 1651
1 188961 152438
1 88299 147888
1 70464 54511
1 87859 48888
1 56748 108148
1 180952 47600
1 187825 161570
1 40040 31861
1 198872 130059
1 80521 131114
1 197936 157986
1 118248 199616
1 23198 26923
1 161061 45510
1 106408 59298
1 46269 132401
1 129726 176811
1 47543 78701
1 177354 99963
1 16979 182692
1 70394 12420
1 168752 113166
1 132427 194150
1 145404 24186
1 5207 54547
1 98209 32667
1 191138 122115
1 174318 65366
1 43426 6106
1 79428 125195
1 129933 153175
1 49346 141090
1 154215 191422
1 141106 65880
1 126155 100743
1 138549 110601
1 67001 113480
1 28396 169472
1 32097 153569
1 173225 86141
1 35695 58726
1 82261 194181
1 46295 98066
1 47971 132976
1 95203 16681
1 149300 142959
1 27258 127278
1 56140 82013
1 129203 122503
1 129589 42440
1 73690 20717
1 38129 37055
1 25858 39193
1 159526 164317
1 178571 14827
1 127045 159702
1 138422 156187
1 66172 58689
1 121191 191077
1 138781 23719
1 145657 132849
1 89933 102731
1 123144 108289
1 105521 139067
1 120506 27998
1 92630 156245
1 120336 93700
1 147040 131549
1 24556 139789
1 157109 92734
1 32355 45724
1 164202 45982
1 62468 154634
1 112366 133415
1 90601 95574
1 172021 15507
1 176445 179592
1 190824 82487
1 20302 38118
1 39819 141779
1 152790 54043
1 121902 35097
1 2308 171236
1 27160 78331
1 96720 8317
1 170673 42170
1 148606 49420
1 79215 161965
1 134706 25036
1 24323 156494
1 2421 157051
1 106820 120650
1 17863 132679
1 184475 47882
1 3750 47607
1 178289 71230
1 184796 157974
1 55574 156138
1 93839 2982
1 114547 92275
1 183749 49218
1 75058 198186
1 199479 68499
1 9132 197594
1 110168 13431
1 124243 179855
1 6629 46894
1 123936 153063
1 103854 176263
1 106176 140893
1 190373 99594
1 35002 18771
1 122919 85096
1 126692 30112
1 188745 15520
1 105927 97242
1 148772 74226
1 36432 118822
1 35364 19977
1 179064 149885
1 86605 6116
1 16310 45569
1 113038 146182
1 150819 165568
1 119307 65566
1 15789 5127
1 124133 35897
1 33024 191147
1 171149 74791
1 117362 33684
1 87369 130283
1 48622 181195
1 14213 94631
1 141987 144325
1 125021 97862
1 170221 134512
1 98154 17067
1 199428 68989
1 186763 79450
1 141156 121262
1 141365 172710
1 176124 159521
1 173758 160027
1 116122 54622
1 186918 148524
1 193495 31453
1 113511 30687
1 184127 121884
1 150079 196407
1 16387 45152
1 141947 64355
1 95266 2568
1 65606 12645
1 104725 182426
1 174194 67844
1 123450 42952
1 79109 113270
1 73476 91523
1 39751 195592
1 66912 128323
1 157387 54608
1 172458 181909
1 134141 113941
1 115537 58341
1 3051 132924
1 70536 159374
1 137430 15926
1 154031 169248
1 65274 36264
1 102529 67633
1 66843 142235
1 115839 127591
1 67923 158181
1 187164 182340
1 198873 198808
1 143210 155954
1 20948 39849
1 24581 102481
1 163936 56227
1 135422 100799
1 48288 87821
1 105355 85928
1 21061 152216
1 126956 167694
1 83229 148046
1 50208 5017
1 30303 87863
1 29962 56226
1 158838 122829
1 166110 195580
1 93324 113827
1 24976 54277
1 31320 84753
1 82175 67883
1 198059 168674
1 162077 90178
1 119735 90050
1 165026 30405
1 165536 96418
1 151730 146538
1 164872 57389
1 64075 19947
1 189974 5616
1 132531 126226
1 83142 99717
1 31713 80772
1 57719 79105
1 86955 111825
1 118640 82846
1 149232 122939
1 135667 21419
1 131270 194117
1 162503 62066
1 123366 23934
1 89281 154154
1 46551 81101
1 36819 104991
1 91736 43327
1 52055 79518
1 128530 120782
1 93276 27429
1 135741 137204
1 53554 128202
1 134161 69297
1 119219 140778
1 123696 198041
1 7635 143701
1 111889 154081
1 21033 160055
1 135344 2474
1 93374 145226
1 38516 179663
1 52309 65915
1 117025 8044
1 106427 9241
1 56319 150191
1 126992 179205
1 52746 3043
1 183254 101590
1 8603 123131
1 43898 104268
1 122839 94107
1 62689 83703
1 93718 138029
1 43509 139176
1 61974 149602
1 136047 174233
1 103073 91335
1 186790 20056
1 121468 182538
1 29657 135610
1 172050 176013
1 64825 9021
1 177504 147178
1 104123 22397
1 186594 37639
1 146844 107803
1 55101 197276
1 20725 23083
1 113837 165122
1 109762 88157
1 14450 76862
1 92525 136622
1 184247 52814
1 80287 168656
1 134147 24563
1 88586 152855
1 100451 24767
1 816 156517
1 80791 194209
1 88632 84887
1 5756 98606
1 90930 122225
1 195194 32754
1 4713 143496
1 62959 197623
1 52328 33519
1 103770 172629
1 11535 188771
1 52748 76859
1 35992 133498
1 86860 185853
1 148581 101577
1 116682 120030
1 67213 171285
1 32839 3231
1 165862 2557
1 73346 12168
1 197716 71845
1 19302 73782
1 3922 58790
1 17074 57381
1 9920 135668
1 7336 115264
1 160238 96591
1 134266 28967
1 58089 101742
1 189041 151168
1 127939 5353
1 151456 190273
1 63143 198693
1 195272 188284
1 193820 120325
1 31117 61228
1 145241 131791
1 111001 153663
1 32522 114077
1 52495 146020
1 127138 110341
1 108339 61014
1 143138 69514
1 2135 91881
1 196072 76548
1 140297 58517
1 110460 58573
1 193979 95681
1 59798 32430
1 126451 40017
1 195123 61065
1 111668 35442
1 104474 52423
1 194412 138341
1 163561 179077
1 145950 65099
1 20645 49338
1 174803 21488
1 112386 56940
1 197245 189210
1 61552 100756
1 110764 7955
1 45927 158095
1 155188 128629
1 49843 7302
1 179550 75638
1 22595 15967
1 144974 129396
1 138862 79653
1 117813 180930
1 101255 130806
1 138360 93491
1 674 36716
1 77792 98149
1 53671 99085
1 24451 184594
1 198679 137334
1 74930 76947
1 140124 184069
1 133540 125750
1 70678 26758
1 179619 18754
1 29283 129761
1 46517 13768
1 175470 153154
1 27469 1004
1 60731 144712
1 186355 194611
1 30193 55537
1 128434 126798
1 35432 80325
1 131776 22568
1 133045 115010
1 62195 177965
1 36788 106057
1 133921 113244
1 134870 142023
1 110552 17742
1 111275 156965
1 96448 11910
1 26545 187636
1 181901 699
1 34717 124883
1 77481 71396
1 141545 95843
1 186849 55427
1 128606 98412
1 176142 24949
1 2020 184337
1 125063 107128
1 167495 160945
1 36165 144446
1 182284 93215
1 181271 176049
1 1652 189189
1 15303 113863
1 83216 78356
1 36107 148680
1 74118 113391
1 76785 164765
1 150498 16984
1 30533 176667
1 138657 121051
1 38468 64464
1 166393 13945
1 107590 2061
1 71725 58519
1 59623 178612
1 27087 89704
1 173622 7620
1 102806 106968
1 55650 83170
1 96482 154298
1 179489 6186
1 102926 76532
1 57506 60279
1 18997 112938
1 165878 176431
1 124744 151720
1 123706 68370
1 166991 39251
1 197576 174083
1 41468 144402
1 6430 152919
1 101304 46457
1 51343 90782
1 59880 195254
1 115689 120369
1 12801 136127
1 45990 92027
1 60876 19131
1 144086 53641
1 188538 155759
1 123212 103894
1 71851 145836
1 154568 183634
1 64059 159864
1 77221 173107
1 8719 133370
1 37316 50815
1 140703 61929
1 91961 81688
1 159747 159479
1 89716 187913
1 43970 119353
1 73777 14800
1 170969 193562
1 173476 98476
1 113480 160001
1 106847 79337
1 78179 164288
1 63558 70761
1 26776 18494
1 187126 136309
1 161852 99879
1 170928 153284
1 186523 121426
1 51403 111498
1 176767 104627
1 160411 78532
1 18111 38402
1 1052 185667
1 125068 187819
1 124708 178360
1 133368 70647
1 38664 172735
1 124104 136314
1 120460 4974
1 9852 70207
1 87825 38880
1 56348 165041
1 101690 73532
1 195652 42251
1 76127 1483
1 95859 80002
1 16246 39738
1 130192 81264
1 9086 186604
1 127678 49348
1 814 106500
1 180962 42857
1 34397 142129
1 1713 100212
1 134195 25659
1 23743 102354
1 70607 55948
1 130758 182192
1 72378 80258
1 67443 185708
1 169292 105396
1 173303 117948
1 82589 33667
1 62604 56669
1 179119 17315
1 36614 179263
1 70106 42281
1 2973 121839
1 55352 188823
1 148599 69445
1 158673 3557
1 109562 156174
1 131657 174418
1 173522 194556
1 101320 185516
1 68800 178957
1 119210 85980
1 61988 48825
1 186985 41461
1 11212 133216
1 184967 130174
1 123069 77939
1 29376 52862
1 4609 133025
1 112815 171272
1 114098 85636
1 193279 28102
1 69893 108173
1 57813 174794
1 11098 171245
1 183612 196882
1 69762 2950
1 35345 110236
1 181586 40849
1 12208 113643
1 73320 122897
1 160862 157784
1 81531 151991
1 172408 110556
1 40295 104151
1 152796 1756
1 155640 83595
1 151254 166326
1 38455 55590
1 49421 122059
1 132595 137116
1 39406 66382
1 193682 130479
1 65881 97035
1 144088 121757
1 176715 113019
1 8183 57543
1 147980 16647
1 108439 51045
1 8538 150554
1 117031 46569
1 37589 163756
1 12772 84017
1 165420 157260
1 69097 49585
1 161800 25774
1 106424 86623
1 50551 129077
1 99080 163808
1 124122 162050
1 158479 122355
1 9491 93949
1 30353 145052
1 191977 154916
1 33514 197652
1 179198 115089
1 154328 30319
1 71092 125904
1 29964 103502
1 110747 87137
1 108466 104710
1 193181 56522
1 118463 77903
1 108205 120226
1 148283 118769
1 178157 183129
1 67534 39724
1 131486 36491
1 118287 138535
1 68174 164294
1 67659 123740
1 29949 54169
1 126355 195905
1 157840 14623
1 7369 153338
1 182457 10893
1 33579 21501
1 146214 86008
1 151648 163653
1 131241 78698
1 66691 103739
1 174504 37671
1 106286 39073
1 61318 126202
1 175241 184320
1 20305 53253
1 132627 135765
1 168429 96521
1 77295 49272
1 133057 66162
1 32754 44237
1 157088 39719
1 22380 56430
1 91386 140560
1 6324 166615
1 59140 296
1 88505 103700
1 8164 8773
1 104135 20648
1 104866 151781
1 156502 66240
1 166475 63611
1 33561 84887
1 199720 29818
1 3781 142250
1 72670 159073
1 94816 110495
1 148967 179399
1 50124 108209
1 73841 112169
1 31187 79263
1 143636 155890
1 101749 194709
1 149178 93706
1 29040 104347
1 193161 180833
1 22031 181885
1 184021 76541
1 164534 197370
1 62340 108163
1 191084 172464
1 160961 170435
1 97514 66504
1 75813 8326
1 87843 20254
1 103203 103516
1 9812 164020
1 194611 189152
1 176526 28247
1 172096 57678
1 1665 194257
1 81493 189257
1 77579 94736
1 162181 67878
1 124417 72662
1 156251 91645
1 170429 42467
1 175041 154928
1 109545 56288
1 62772 155772
1 142026 13837
1 114536 169280
1 146512 2989
1 54839 70859
1 193757 78192
1 154256 126571
1 122451 4001
1 131933 188915
1 111523 140561
1 138037 120844
1 723 156739
1 139331 79807
1 167888 176154
1 104438 194945
1 190004 127039
1 91499 82944
1 110553 17623
1 196312 30381
1 49054 178724
1 112506 23243
1 3001 128122
1 120064 140727
1 28222 121061
1 62201 146999
1 84463 100633
1 43516 138183
1 150404 115290
1 165590 70178
1 158332 103084
1 169785 1422
1 804 38782
1 91874 158891
1 167143 147666
1 162635 20989
1 20183 138992
1 59219 95863
1 167611 9355
1 75050 7754
1 124441 18804
1 106497 94382
1 131718 830
1 129265 143344
1 171051 52529
1 129835 110397
1 109786 52787
1 39712 141358
1 91345 33971
1 8625 404
1 145613 72855
1 154265 51398
1 69011 102697
1 118873 139112
1 171835 174973
1 67813 48381
1 133053 3302
1 176141 36208
1 144128 133529
1 106542 115551
1 93665 185570
1 195674 185961
1 103425 94918
1 35524 138362
1 28882 79863
1 175024 64212
1 7330 141439
1 68059 36704
1 68457 16295
1 186086 9781
1 21456 37031
1 146441 174184
1 98946 108115
1 63157 120916
1 24310 131843
1 44298 136875
1 138237 66307
1 3514 128766
1 109322 1852
1 53373 55817
1 128960 77283
1 89655 186947
1 182143 10337
1 89511 46308
1 58289 51906
1 151953 10743
1 7186 164193
1 191789 52130
1 192319 179411
1 39889 12979
1 150144 116371
1 102557 41837
1 181592 61550
1 124453 1747
1 136332 190383
1 145060 60660
1 31154 87309
1 121823 99704
1 9532 52564
1 45526 163818
1 46596 35218
1 181682 78533
1 152858 193923
1 95339 103300
1 40972 140798
1 169082 161124
1 163446 85792
1 84351 169852
1 12490 65529
1 165234 136257
1 72160 77174
1 100879 181267
1 107585 165583
1 183550 97931
1 81072 15666
1 120257 166985
1 2554 3247
1 47649 152568
1 33984 13605
1 130522 109925
1 110274 125420
1 97478 128512
1 98158 181636
1 28680 150705
1 9130 34878
1 100985 79967
1 50845 12393
1 16408 126333
1 144708 124928
1 76333 126742
1 143540 127442
1 166974 82201
1 22506 199153
1 183670 27560
1 151195 184607
1 172050 132254
1 5881 113525
1 171214 183775
1 28483 5462
1 152592 125348
1 109456 29588
1 97171 193478
1 31069 76576
1 72277 128842
1 99476 36792
1 158917 16814
1 118303 176651
1 129511 166900
1 80557 16752
1 43465 142572
1 62148 35657
1 47852 125382
1 34696 144626
1 54443 536
1 71627 60270
1 23023 43052
1 80213 22930
1 34006 140685
1 78005 54963
1 116640 158420
1 3273 112398
1 83612 7598
1 122186 105143
1 115283 121903
1 170203 41605
1 132915 71645
1 168915 3643
1 46334 187510
1 25864 50809
1 116403 1539
1 100254 153380
1 108349 114465
1 165713 74578
1 128219 97037
1 49599 13051
1 153616 118128
1 198586 60380
1 76492 136940
1 73804 174573
1 5145 193957
1 28427 197574
1 27978 89426
1 167583 59277
1 45729 129669
1 171216 127459
1 15488 156025
1 144405 148368
1 146834 50077
1 160027 138155
1 57274 16158
1 131411 48270
1 191484 181817
1 116671 106297
1 74603 2880
1 91902 125253
1 104595 72172
1 198677 153869
1 183591 33252
1 96256 57303
1 173037 13197
1 39545 96905
1 135528 29522
1 35400 184458
1 189511 57653
1 187340 124981
1 86604 168663
1 87368 44229
1 50046 104260
1 1777 41213
1 121427 37507
1 44983 117527
1 188696 34076
1 117266 140016
1 181731 47402
1 99727 109170
1 50235 12643
1 61403 89857
1 129797 14053
1 27086 165610
1 87154 60804
1 150011 81608
1 198375 67089
1 121655 192568
1 18029 179180
1 93352 109312
1 51098 140045
1 143760 102715
1 27904 58958
1 133786 198601
1 101652 145405
1 28260 93492
1 197921 125601
1 56525 35621
1 34478 35915
1 153088 156552
1 106924 8799
1 104257 132284
1 46501 142819
1 27448 158592
1 98209 56647
1 108092 51738
1 52058 166069
1 125153 75658
1 180515 127194
1 146820 72430
1 10004 134261
1 132054 74231
1 149433 94815
1 34599 66700
1 167163 177756
1 15605 183100
1 49998 156705
1 148150 24425
1 92764 44838
1 102882 41139
1 69938 81901
1 45059 176484
1 169770 78611
1 5057 75866
1 108249 76567
1 180841 193913
1 109049 193193
1 191742 52881
1 44185 103221
1 101635 24461
1 12548 5167
1 114950 106014
1 181998 5408
1 185073 120488
1 105702 164401
1 24397 162859
1 105656 161399
1 18392 194676
1 142114 123649
1 11849 151620
1 167290 34718
1 38688 20225
1 72989 74609
1 146995 76764
1 153371 142329
1 164022 37570
1 106080 171164
1 19531 8903
1 143462 36852
1 67722 15311
1 197082 196253
1 139474 114431
1 48715 30653
1 107793 50979
1 129498 89940
1 50832 148641
1 42846 71302
1 108866 98654
1 157143 28071
1 161550 163758
1 16085 52294
1 62235 144770
1 104169 19132
1 66331 114125
1 55373 31158
1 149339 39415
1 129487 74945
1 45129 44486
1 28164 178774
1 171590 2441
1 142250 157159
1 172527 31815
1 24285 189096
1 44647 38951
1 193343 58528
1 109606 162721
1 89313 50354
1 90311 3493
1 41399 100839
1 47631 67978
1 4091 127486
1 76153 33721
1 107615 156214
1 79177 123738
1 85497 82523
1 170193 48895
1 116394 171856
1 17277 143824
1 107472 174684
1 21222 64118
1 121132 5111
1 11093 139020
1 192790 117973
1 91477 148099
1 153184 140980
1 63742 138516
1 22151 6115
1 186111 12971
1 154849 50516
1 32939 123986
1 94339 178788
1 115847 116379
1 137074 50663
1 131859 151250
1 55629 197689
1 41431 45474
1 66424 70274
1 159600 121671
1 101388 65161
1 52955 163828
1 10877 21692
1 12992 99525
1 114251 157758
1 52610 138087
1 140845 124018
1 119686 99462
1 58043 163911
1 150530 2679
1 15002 182405
1 162505 118695
1 196333 199319
1 95891 179140
1 30266 104793
1 186129 42346
1 90459 109667
1 7153 58192
1 188134 104918
1 15087 103475
1 115358 90726
1 185181 54147
1 157915 194601
1 155059 88974
1 64503 32223
1 15002 161130
1 114171 16386
1 101558 128614
1 149193 135119
1 144114 145458
1 187786 190485
1 48592 15885
1 1435 72702
1 129456 119727
1 171699 168283
1 156897 92408
1 180440 12084
1 24102 191897
1 196803 125584
1 147274 166082
1 55569 157890
1 196647 171147
1 90283 86709
1 142450 134822
1 109367 86777
1 54923 34565
1 18304 3982
1 152388 27656
1 132388 152943
1 56496 109161
1 180541 169763
1 11758 164395
1 152593 172736
1 152885 156480
1 29885 116352
1 34466 18042
1 16991 135369
1 145792 180276
1 137667 94007
1 70039 106881
1 199377 58412
1 185271 108117
1 191861 24411
1 36230 113075
1 36430 189969
1 59656 104855
1 96538 169349
1 135087 99044
1 88161 101089
1 91236 199312
1 119457 101265
1 32212 133454
1 23803 64587
1 23933 19708
1 112924 8223
1 147130 3662
1 116206 106369
1 21582 26106
1 145151 157524
1 50350 48870
1 175473 104954
1 37009 191055
1 35812 45081
1 38140 109499
1 135649 65263
1 48392 146785
1 70472 65561
1 33847 130966
1 2619 74081
1 55415 118203
1 64780 25670
1 196086 195237
1 138277 35919
1 166823 194573
1 54391 59987
1 78354 61497
1 44389 49154
1 140770 131626
1 42033 189176
1 143468 196040
1 163687 16708
1 41147 56138
1 21064 191219
1 30436 153194
1 37689 139682
1 173190 91529
1 116653 197955
1 40929 50590
1 36944 88367
1 190106 192420
1 26421 98862
1 10253 97156
1 188931 186946
1 4692 151617
1 123995 127418
1 96215 47459
1 37900 62197
1 125653 166693
1 186042 120437
1 78962 39522
1 179852 104935
1 58433 118398
1 33494 7215
1 158867 184849
1 19078 31161
1 178048 131737
1 135762 153981
1 32501 126944
1 12001 164498
1 154239 134698
1 156281 190838
1 101463 195172
1 65896 5661
1 177518 24457
1 114103 8568
1 52026 69783
1 52748 190023
1 39233 68530
1 45534 191330
1 182309 30166
1 138335 173380
1 77105 92738
1 71780 60633
1 2467 178851
1 167064 39881
1 52794 158015
1 28066 84037
1 49025 34339
1 51284 155665
1 53149 171023
1 20181 104531
1 3219 66015
1 56657 85019
1 35869 60221
1 146463 12595
1 142063 111685
1 43891 37352
1 37892 195193
1 19845 35545
1 69230 28455
1 189249 101248
1 134045 123351
1 96560 135486
1 122928 63672
1 21478 165292
1 13562 33805
1 169902 130911
1 98326 50388
1 123251 168379
1 19054 72183
1 33904 45179
1 146440 22007
1 39066 22399
1 149394 198933
1 176460 55894
1 85423 172098
1 43442 138894
1 148482 51081
1 126778 175994
1 138746 65468
1 176056 39172
1 173342 149084
1 160665 119987
1 28955 52812
1 55690 31806
1 100427 2296
1 174313 113425
1 179080 140610
1 170092 149982
1 76018 100974
1 50000 117416
1 77309 73486
1 102917 81740
1 49598 160047
1 135960 129425
1 104567 15429
1 155617 34929
1 173601 148692
1 126701 65448
1 38073 27937
1 144046 59132
1 87949 114585
1 178722 160078
1 80137 148799
1 86721 134496
1 105021 43355
1 66283 95270
1 53873 104289
1 184273 86034
1 29484 174816
1 118818 3034
1 68992 179052
1 81080 118540
1 142746 12046
1 90500 89686
1 33673 199850
1 115575 109519
1 20812 198384
1 111091 40201
1 162400 172167
1 85361 70043
1 160458 194742
1 175796 143593
1 42658 106389
1 51821 3383
1 90593 32756
1 29808 42798
1 190701 47818
1 177943 90861
1 54370 36064
1 154037 102036
1 176738 3838
1 167870 94860
1 148703 79062
1 10676 76059
1 35368 66032
1 165269 15975
1 115762 11926
1 124803 64456
1 140009 128257
1 146163 39379
1 52728 151107
1 98970 179684
1 27541 78005
1 152853 42539
1 197136 22820
1 184984 22714
1 12893 174647
1 24409 190670
1 59679 34084
1 156285 111387
1 198711 45268
1 49475 180317
1 170637 49171
1 42991 27100
1 83486 144061
1 179578 162623
1 124295 174245
1 82488 24981
1 59857 191623
1 112202 16415
1 55037 160880
1 36677 108257
1 72849 99628
1 76001 170475
1 94243 112240
1 63078 2979
1 21669 115081
1 179668 123285
1 45810 181893
1 134866 118205
1 75032 112865
1 80922 94739
1 20390 46194
1 185186 172120
1 160760 108887
1 106382 117536
1 91136 64030
1 110484 153057
1 82007 103797
1 119855 62907
1 94404 149012
1 171144 142152
1 176971 197417
1 30817 73830
1 104122 18052
1 84547 39746
1 165232 167044
1 102059 194598
1 188975 96898
1 96945 162118
1 103651 47932
1 68089 54151
1 149234 79172
1 99613 131729
1 161478 72618
1 61465 20951
1 34201 155943
1 171961 5348
1 28929 715
1 47744 86696
1 86076 50921
1 158939 63427
1 19517 196033
1 71493 197841
1 24119 50989
1 197115 128246
1 196649 187984
1 63203 35372
1 101739 38524
1 51448 118922
1 129591 5347
1 66937 41303
1 160635 119361
1 168338 144847
1 178078 79367
1 7115 77493
1 149585 153610
1 157808 49561
1 56984 157549
1 175360 44779
1 120856 96012
1 37082 84865
1 183203 24746
1 48548 51430
1 76930 123549
1 42749 42532
1 196162 43128
1 7334 91730
1 28738 9465
1 35436 77792
1 176891 70581
1 67161 126114
1 61456 114816
1 143707 118108
1 102360 3233
1 61812 139725
1 131434 69365
1 85924 191935
1 143529 15330
1 102612 60493
1 98384 24959
1 74116 108534
1 152830 1025
1 148599 158497
1 166917 166761
1 120925 181872
1 125423 22829
1 163649 138314
1 95122 171492
1 62068 183459
1 76374 172661
1 149818 145423
1 165061 188865
1 34227 162503
1 133458 52048
1 93707 137659
1 27180 137146
1 88102 67352
1 153796 188055
1 32006 104795
1 90268 66536
1 128447 26007
1 116115 24007
1 102237 179011
1 175215 146252
1 49108 169351
1 10794 164097
1 102824 38216
1 17983 8009
1 189661 181810
1 173687 140172
1 188386 6149
1 2735 144742
1 181433 21411
1 66859 141136
1 107882 42073
1 122081 88910
1 95977 182316
1 95039 77915
1 39620 148069
1 110590 197074
1 192465 47967
1 183339 162270
1 86423 186193
1 90163 61987
1 37180 189783
1 175087 112814
1 142703 21958
1 100208 158107
1 143895 1967
1 5004 140997
1 64059 107634
1 106025 193331
1 14386 136071
1 23498 11969
1 81102 67529
1 87256 105676
1 191941 188164
1 181042 31394
1 152800 141185
1 6583 130985
1 53159 54735
1 100243 187214
1 178315 39571
1 139784 23217
1 81558 177747
1 175807 35215
1 15313 117311
1 186831 18479
1 28084 961
1 2572 24017
1 9491 150791
1 15188 37396
1 92998 88334
1 98070 22502
1 88473 126385
1 142884 48690
1 195893 65841
1 195642 172740
1 169423 197511
1 49422 16576
1 54672 126952
1 27227 177796
1 16132 64920
1 131753 55515
1 78278 143986
1 152478 157155
1 103403 90806
1 7755 143361
1 43054 59604
1 112432 160515
1 94108 136632
1 18065 129813
1 36416 197526
1 60477 114601
1 67090 31992
1 92571 147616
1 81627 10821
1 11768 10110
1 67500 190868
1 167567 110157
1 59136 12145
1 39576 162576
1 23918 194543
1 122836 172138
1 109011 114863
1 78615 39248
1 25471 55855
1 87702 175852
1 104031 130454
1 19763 73747
1 131179 181310
1 40583 114922
1 183825 9283
1 199599 173075
1 80097 179980
1 46874 158750
1 196154 170071
1 55121 75374
1 64564 96329
1 118216 48041
1 161423 107894
1 114084 96932
1 197916 191021
1 31437 175502
1 99050 105096
1 164085 1691
1 34676 140274
1 12393 199412
1 75657 25786
1 160536 162461
1 179195 198999
1 158434 30055
1 93772 172091
1 110690 168854
1 90069 163421
1 136318 162517
1 15545 12610
1 167278 44761
1 157834 13003
1 36876 102611
1 96761 197317
1 21467 7834
1 130052 9132
1 148890 104407
1 148507 49729
1 105162 115571
1 170066 197902
1 46398 6462
1 86286 71798
1 134691 92705
1 23146 183682
1 101519 140166
1 159273 9066
1 141646 190598
1 86432 79521
1 104555 128979
1 150756 173028
1 72252 72934
1 26162 52675
1 87793 6508
1 101342 29040
1 17118 29549
1 165183 30088
1 56966 96572
1 165720 103776
1 80811 21669
1 92617 164945
1 137171 102868
1 13943 129415
1 92892 11139
1 95864 33478
1 97155 169510
1 44612 96062
1 92145 101593
1 8920 191824
1 137543 189513
1 15468 118176
1 21099 93666
1 79256 178142
1 20180 115450
1 188098 46352
1 146450 112764
1 56779 174882
1 112225 172055
1 108091 141296
1 91887 34535
1 31337 142163
1 142316 2660
1 41903 42154
1 13841 78154
1 104397 174570
1 14964 102152
1 189660 64233
1 15178 92524
1 6327 197927
1 172029 84623
1 137380 139870
1 114225 38461
1 100617 49292
1 5842 53799
1 145549 162430
1 25248 75084
1 183563 59423
1 45821 155621
1 71038 22081
1 128181 97168
1 173417 70890
1 88399 122112
1 193350 58786
1 187603 119714
1 27250 8508
1 112604 60178
1 151703 23972
1 51104 191936
1 26777 25768
1 173053 30684
1 25029 118281
1 109254 30153
1 56758 189251
1 54286 59841
1 94218 71194
1 192756 144709
1 100036 156328
1 196528 29768
1 170371 64420
1 116829 151900
1 135331 52981
1 100999 75869
1 97841 92407
1 162934 152924
1 31125 36877
1 100859 114511
1 88635 198248
1 92026 31862
1 25922 129622
1 142328 19665
1 176233 71054
1 171303 155200
1 8438 155387
1 145072 148026
1 91945 193095
1 94017 142515
1 76128 20009
1 83414 48199
1 101196 12978
1 11340 117355
1 63060 28564
1 29027 171030
1 124551 115444
1 56979 193452
1 28168 197873
1 35667 190699
1 73332 18293
1 172838 183001
1 4376 142075
1 74599 18413
1 94673 64738
1 33878 19517
1 110275 13425
1 155746 193448
1 51582 29291
1 134777 147332
1 6829 71316
1 17678 72650
1 45697 132996
1 166954 166209
1 86046 104748
1 23735 185576
1 124356 21798
1 151432 108840
1 29888 115010
1 34604 190329
1 4563 156045
1 21940 155091
1 15075 69540
1 11907 6680
1 7649 91706
1 116438 48959
1 158394 87654
1 72404 199300
1 59202 177713
1 162647 170126
1 43549 71838
1 74171 129953
1 54384 53050
1 135590 99781
1 132167 51557
1 74072 91318
1 33608 185057
1 29045 87885
1 67736 125659
1 97744 35503
1 151563 36472
1 94522 177524
1 168530 166946
1 25228 1690
1 31392 55250
1 189105 26347
1 73053 59871
1 170871 51948
1 56847 78984
1 31127 43912
1 107334 141118
1 140354 22460
1 127110 59702
1 24431 37508
1 6458 3053
1 92834 117317
1 164630 185917
1 33726 17019
1 155853 102367
1 138510 72870
1 115381 86464
1 29649 92529
1 32759 80265
1 35396 140515
1 1403 172585
1 133236 145737
1 69139 50725
1 39939 139683
1 56039 169059
1 20666 50446
1 53152 173683
1 164368 4146
1 38681 36704
1 91642 147309
1 72003 197237
1 12532 47743
1 34071 106323
1 110158 71606
1 38721 112625
1 83834 73181
1 124747 37940
1 179732 184225
1 130567 190962
1 131315 14403
1 92929 119745
1 64303 74181
1 117797 78981
1 162419 65678
1 30060 116985
1 140293 40864
1 46348 180094
1 170067 113148
1 18656 133730
1 37121 96596
1 128213 75442
1 165296 106097
1 110551 194178
1 30288 84838
1 164987 3260
1 98089 15861
1 107822 4391
1 170982 18431
1 112798 67898
1 24483 196529
1 10855 81890
1 182840 160557
1 42176 118607
1 63558 179575
1 75430 15813
1 41345 4193
1 114250 6178
1 116479 176569
1 132343 132971
1 126400 3953
1 191366 89435
1 74237 110223
1 116549 161966
1 196086 138774
1 34660 125803
1 44471 154676
1 145698 186416
1 20458 191341
1 11575 46979
1 98211 99911
1 100931 20821
1 160935 35767
1 11767 61209
1 160894 9100
1 130243 144774
1 195067 193051
1 34879 188520
1 130121 70186
1 116189 43310
1 104311 92256
1 115151 135087
1 69127 162093
1 7413 1790
1 38004 89462
1 136969 40943
1 51202 88196
1 135630 131562
1 154698 77421
1 106422 82864
1 107782 187586
1 8339 91435
1 162137 181114
1 84160 177723
1 128994 54303
1 186832 166654
1 93059 115767
1 191223 38367
1 77804 90869
1 87992 866
1 121197 41378
1 198223 183022
1 17852 53830
1 81247 75163
1 134787 77979
1 153566 81023
1 142574 85875
1 84991 73012
1 119987 75048
1 137952 23275
1 52579 36676
1 99253 140726
1 43503 146162
1 183221 145682
1 5566 31141
1 149891 167924
1 22766 156423
1 36383 143766
1 82345 56805
1 68110 22017
1 123306 109976
1 57543 2781
1 72207 127031
1 138079 170486
1 195745 49915
1 195063 79441
1 190881 183539
1 159588 54768
1 35350 57065
1 191199 120801
1 182292 185172
1 45486 123469
1 111567 73919
1 182738 117951
1 128352 2361
1 93555 109684
1 110038 64510
1 30473 102882
1 113601 26278
1 71819 31244
1 157050 40717
1 176285 157828
1 195639 115330
1 150069 129921
1 158990 24820
1 28686 152996
1 51271 65945
1 6865 193413
1 41191 164000
1 183169 80323
1 49210 135706
1 82790 128971
1 186144 101796
1 15996 54376
1 23579 75160
1 15324 165836
1 101335 114805
1 82986 25949
1 199291 132299
1 63488 147524
1 141231 11435
1 139419 111282
1 176366 27726
1 107013 68531
1 117390 95364
1 73602 115575
1 188942 196000
1 130559 25374
1 81183 8546
1 55544 81796
1 107509 171173
1 104040 48718
1 131984 147850
1 1846 143220
1 14021 182885
1 142813 86606
1 123282 42470
1 188316 5667
1 107490 196810
1 41056 77104
1 148510 170498
1 142127 32758
1 44469 2339
1 181206 119175
1 56492 23120
1 61653 63505
1 80105 26598
1 86856 64491
1 45820 25062
1 109401 178528
1 23215 195623
1 35300 20730
1 43791 181757
1 176875 98384
1 159611 56932
1 146748 69011
1 119148 127666
1 6815 58389
1 101638 48956
1 195203 48859
1 153886 27463
1 114347 66533
1 163788 76529
1 41237 145659
1 163187 12000
1 147307 35385
1 161806 93163
1 132462 133086
1 10621 25160
1 135647 162001
1 75216 198390
1 46511 5621
1 170643 124332
1 51113 144111
1 113626 135169
1 85983 126196
1 176846 190173
1 106386 80856
1 25209 119007
1 43493 26965
1 168654 122576
1 111044 110104
1 12924 120072
1 19665 11346
1 94325 31135
1 143184 33085
1 105594 57495
1 164499 160173
1 170345 84104
1 115943 196314
1 83209 22220
1 122688 87594
1 17812 82923
1 38562 2819
1 22854 175689
1 164882 99921
1 142693 9614
1 18173 128789
1 130065 142358
1 39142 152111
1 190478 183323
1 24341 50157
1 113936 7711
1 33214 146900
1 62406 162782
1 66608 176238
1 11818 4595
1 105663 14805
1 35527 40905
1 113012 20798
1 80331 166725
1 91251 109833
1 83727 87026
1 60396 57223
1 115429 65901
1 115206 147149
1 127201 156690
1 163720 48825
1 124139 131814
1 32842 25410
1 151427 172806
1 74972 162180
1 114517 150544
1 72309 59788
1 152960 190160
1 168862 168544
1 137121 168685
1 85535 33171
1 88293 70932
1 64490 73351
1 1743 99173
1 158279 108547
1 145094 184349
1 83712 151608
1 33890 192452
1 114062 6222
1 10872 162904
1 46019 165684
1 28131 110841
1 4216 102503
1 161622 48022
1 155770 197250
1 127840 40024
1 141488 97031
1 176190 1165
1 185744 130221
1 21351 65687
1 51139 62826
1 152212 130901
1 7829 157506
1 125710 120402
1 60194 20625
1 119996 78829
1 72765 198101
1 128492 151112
1 38434 46847
1 67426 119605
1 50334 40955
1 121695 139997
1 68669 30014
1 18739 69427
1 196149 67728
1 150278 62617
1 133137 34777
1 81571 158353
1 35679 152496
1 154886 176998
1 25502 140066
1 189480 163611
1 15074 69632
1 155336 160596
1 195274 37612
1 196283 86851
1 102308 110308
1 4727 102998
1 64030 30607
1 176860 198367
1 20400 113096
1 137348 72388
1 196808 157545
1 70732 153960
1 20087 29210
1 73187 43737
1 133146 51738
1 138003 140411
1 53386 160076
1 69005 115445
1 24455 69317
1 103418 13658
1 178658 185429
1 185919 154394
1 199787 76436
1 37712 91370
1 170587 87278
1 195512 17200
1 141634 132978
1 104743 149300
1 114803 112279
1 97149 133892
1 179822 133584
1 4822 158118
1 7885 174802
1 168726 17667
1 193331 98979
1 114614 183825
1 145010 118117
1 100304 176833
1 93308 147234
1 10727 67306
1 44045 89306
1 67515 152886
1 80150 190155
1 88971 101260
1 139500 197184
1 11755 82493
1 103794 167389
1 185160 118450
1 141316 190377
1 137145 90582
1 185061 60445
1 38856 15039
1 63851 167596
1 97793 171939
1 92585 192083
1 154491 13049
1 105885 16035
1 8612 51884
1 143836 195596
1 45969 58439
1 101946 62060
1 80326 14301
1 60734 175064
1 170690 45561
1 131589 144042
1 115087 28486
1 86965 177932
1 26376 17918
1 199845 190467
1 54699 155864
1 117642 23999
1 93985 53485
1 126181 75746
1 123148 38956
1 123628 82383
1 78480 71103
1 152758 168436
1 171813 171069
1 110250 128411
1 193627 89297
1 108329 174253
1 110703 54827
1 92923 13831
1 34125 13733
1 42872 10434
1 5030 51320
1 190648 145534
1 58932 182560
1 140028 136366
1 175306 45069
1 8158 53097
1 164833 129803
1 28150 19632
1 102113 19380
1 163854 95483
1 106157 148116
1 74569 182985
1 77041 5533
1 20367 34791
1 169968 180172
1 40444 51136
1 22985 56027
1 149385 81894
1 2633 192361
1 192698 185504
1 138039 159270
1 17610 191669
1 140316 91843
1 51732 159863
1 8785 18969
1 167683 20306
1 82701 40793
1 134715 91031
1 48367 6964
1 44169 178820
1 122952 60683
1 37065 143894
1 171180 126553
1 16342 85714
1 113147 70624
1 37687 62928
1 188203 2129
1 48776 123272
1 111128 36415
1 110118 43297
1 199758 50822
1 2591 165752
1 160213 45368
1 34137 117358
1 84222 190600
1 197441 1717
1 198702 167482
1 169847 6812
1 43177 96011
1 120184 107352
1 156576 149724
1 43723 197461
1 154365 87845
1 60336 163197
1 176429 3159
1 20294 11912
1 9903 166034
1 69435 10500
1 184669 46473
1 95162 126695
1 3449 146418
1 83791 113747
1 111097 124273
1 133086 177449
1 120661 195655
1 128389 159376
1 8592 139447
1 90383 38855
1 145094 179258
1 50970 185706
1 166901 8420
1 172683 53057
1 115918 91605
1 16560 37135
1 3708 94884
1 66997 109465
1 69046 91400
1 77068 138741
1 48962 198537
1 90198 178709
1 80587 18598
1 7703 189844
1 996 107464
1 75097 98559
1 30877 41128
1 28767 112679
1 187781 150588
1 117580 182311
1 157184 120359
1 3285 188337
1 157515 40865
1 138404 88029
1 138957 43875
1 170766 41140
1 170145 134360
1 44600 8185
1 194017 171585
1 175172 28409
1 184692 71719
1 125634 15189
1 35355 135111
1 99541 28173
1 137272 33016
1 104611 138960
1 3743 157408
1 145089 148033
1 120418 96920
1 162398 87179
1 96471 124892
1 154414 16679
1 7469 133623
1 90650 90605
1 22767 79854
1 43110 175258
1 122839 84012
1 62115 58208
1 48343 105967
1 31317 194932
1 148260 13616
1 61351 45076
1 25219 41432
1 68558 18455
1 134104 4577
1 96827 145530
1 107756 137994
1 191237 18855
1 145727 154751
1 21653 89096
1 181518 172487
1 194772 115212
1 39910 63344
1 157714 128633
1 142826 164728
1 32056 85875
1 145121 3069
1 174000 196940
1 109827 85159
1 193555 65420
1 177541 186004
1 43731 197378
1 13475 128836
1 124522 177420
1 64622 14278
1 152514 187683
1 48534 57315
1 103270 80170
1 52921 189769
1 142697 25080
1 195755 19194
1 36629 109027
1 194760 12021
1 189974 178255
1 87736 20837
1 155432 59512
1 122115 3977
1 24830 4924
1 146197 131236
1 135860 129005
1 15699 93670
1 94327 141269
1 32414 146073
1 20532 14410
1 154790 16272
1 139582 30772
1 124019 146381
1 56387 78619
1 108593 19634
1 61297 137655
1 12474 166250
1 159908 176818
1 40103 18969
1 166356 156224
1 193625 97473
1 145021 15970
1 183749 49525
1 138190 149239
1 12031 74627
1 187349 182724
1 53000 119645
1 163627 146437
1 36122 120265
1 170268 49780
1 181555 180939
1 26393 144729
1 185056 123151
1 95777 86675
1 181516 110554
1 192429 133926
1 99912 199346
1 155228 193221
1 139101 122253
1 32862 84832
1 127376 118584
1 52643 185585
1 159285 32649
1 196934 900
1 70647 59335
1 132407 38470
1 136806 66903
1 17318 18063
1 87938 79210
1 141366 1394
1 30023 126181
1 148193 103620
1 185530 109073
1 9256 22699
1 80050 4229
1 184894 84201
1 76138 15888
1 79221 133609
1 21766 48682
1 156073 120009
1 20579 195229
1 64939 39848
1 47204 150640
1 190321 124081
2 157486
3
