200000
1 38635 65482
1 83819 175774
1 152558 190
1 106060 117164
1 152087 5240
1 109421 61044
1 27009 80245
1 138242 191657
1 40487 173095
1 184198 27978
1 153155 197042
1 176954 135359
1 115117 124391
2 99426
1 52151 195891
1 11016 5821
1 87339 66612
1 114511 88900
1 65360 60802
1 69414 40741
1 349 120120
1 78307 157569
1 29520 186393
1 53816 102116
1 10983 102507
1 82704 155524
1 145887 12498
1 63784 17724
1 33644 102256
1 27371 125194
2 167353
1 111645 145298
1 196065 118689
1 196170 196026
1 21822 133102
1 59725 197831
1 154565 11665
1 90782 101304
1 3791 124066
1 54253 148812
1 80035 88857
1 26913 59477
1 158487 9996
1 122706 96794
2 127331
1 57088 82693
1 159061 180614
1 145938 161383
1 121338 26526
2 130153
1 106470 74056
2 91658
1 58921 190903
1 21284 602
1 120848 137405
1 103269 38704
1 83115 141181
1 62136 134014
1 53754 111349
1 16443 72500
1 181905 72439
2 80849
1 121237 156365
1 32251 62915
1 158507 81814
1 69776 82073
1 27204 95322
1 44003 116469
1 45871 151240
1 152432 15472
1 85731 166923
1 198085 108279
1 1955 179017
1 16509 89320
1 130643 44123
2 135804
1 175566 189909
1 157687 173354
1 22869 125992
1 164500 199476
1 27419 179522
1 170775 34624
1 193323 20331
1 65821 14319
1 186267 7005
1 35686 63513
1 188618 174426
1 8240 77060
1 186655 40269
2 115990
1 89449 131520
2 59708
1 68061 73303
1 181421 117058
1 86124 130366
2 119728
1 11745 184631
2 49900
1 87426 139319
1 73514 127052
1 183546 116762
1 90432 51456
1 27438 174292
1 81707 176994
1 59840 5199
1 179373 168177
1 197704 154671
1 30261 24398
1 22996 83632
1 67839 21174
1 19109 641
1 111597 93570
1 172455 10016
1 101479 77660
1 7088 145655
1 155248 125444
2 76475
1 177082 115466
1 196248 84197
1 166162 134412
1 54002 162217
1 128015 168641
1 10633 127640
1 67547 58627
1 71837 186269
1 58631 115032
1 76816 110703
1 69002 159757
1 60672 22230
1 25598 133905
1 156958 2594
1 4761 109076
1 2003 87016
2 179049
2 87900
1 57855 93878
2 76536
1 143044 90684
1 56267 73712
1 7755 95082
1 173397 115659
1 192692 159757
1 14591 168539
2 22924
1 189305 189719
1 41074 82807
1 186454 96242
1 185213 120022
1 47420 94048
1 144088 110487
1 131376 4648
1 7299 2140
1 83738 157194
1 160453 68176
1 192034 148085
1 138796 137477
2 62153
1 49478 32583
1 167196 165578
1 80191 171745
1 73494 49522
1 119293 97663
1 49565 140796
1 132100 144668
1 59508 156208
1 81304 63908
1 69350 7934
1 2903 52591
1 144060 164566
1 171478 17343
1 188671 77258
1 11968 63933
1 20719 153895
1 37291 179311
1 138948 96081
1 102524 150205
1 60580 198046
1 10173 99429
1 120421 177204
1 54524 197820
1 31493 38374
1 102183 57831
1 35046 161867
1 64294 152665
1 197391 97185
1 147064 78607
1 121887 170145
1 65553 119497
1 126931 163875
1 128946 68427
1 93820 103860
1 182859 38547
1 164473 146549
1 74702 93724
1 185787 113335
1 165588 30803
1 12986 42005
1 195060 165337
1 49843 116178
1 51106 146938
1 62884 149043
1 89350 8555
1 24265 119390
1 137565 98698
1 13912 14196
1 71828 85201
1 143099 154667
1 49058 10651
1 84365 149616
1 102055 195036
2 109207
1 190942 135683
1 13871 103820
1 144477 7544
1 72632 29123
1 28142 187715
1 141056 90612
1 90488 84600
1 184923 117
1 28370 78621
1 5571 45622
1 49219 36808
1 182710 2042
1 45623 87228
1 68946 100568
1 97282 109312
1 191534 4593
1 111384 81665
1 21884 54195
1 50252 81002
1 9756 69071
1 27017 24450
1 73219 159799
1 79631 189254
1 153357 68443
1 72367 62664
2 72031
2 1525
2 160134
1 26369 76273
1 20356 89102
2 126139
1 170608 191566
1 118038 39406
1 122221 19605
1 32089 86069
1 62250 123718
1 158071 192956
2 39270
1 168086 126349
2 129765
1 16493 38121
1 73417 130802
1 87306 104086
1 192132 153947
1 154644 103943
1 103716 44312
1 142381 99986
1 162330 12657
1 33629 161044
1 52115 134142
1 112973 8396
1 122835 131232
1 116481 96122
1 55695 54330
1 162650 97144
1 11536 48181
2 15692
1 53757 101893
1 125233 70428
1 15345 11689
1 13547 177885
1 107702 75286
1 152819 18476
1 148110 194664
1 153628 104873
2 67859
2 99874
1 156407 153608
2 77837
1 6468 169975
1 29176 38670
1 182629 1600
1 153705 22794
1 119779 169954
1 87713 90491
1 126005 175133
1 94716 116870
1 4847 72604
1 130714 8591
2 170392
1 138766 103383
1 5510 160656
1 25416 34374
1 177763 118817
1 135091 179316
1 91135 104739
1 170786 155995
1 36149 109717
1 70339 6308
1 64223 38713
1 194427 198242
2 106964
1 6661 106757
1 101715 98918
1 132937 180871
1 68039 193371
1 19527 39925
2 108974
2 11894
2 14443
1 35794 158138
1 7684 43398
1 54262 5654
2 128302
1 65077 54125
2 112069
1 128220 41693
1 172520 157662
1 18335 118264
1 64739 164313
1 51152 37655
1 93616 139613
1 12673 38731
1 155825 122119
2 114606
1 88919 9750
1 38754 88286
1 14717 48542
1 24919 139257
1 42452 51218
1 31713 117092
1 126525 45951
1 9607 19875
1 141029 140596
1 174693 60656
1 28965 104123
1 136680 13847
1 167519 177564
1 16077 119957
1 142806 134223
1 69398 163633
1 15822 89856
1 100301 123354
1 10020 197449
1 111549 113474
1 64880 25899
1 68910 2554
1 188377 136526
1 132128 156367
1 156792 28986
1 136842 178276
1 82609 65430
1 156564 112401
1 12493 94240
1 34643 136763
1 45084 98796
1 151940 63989
2 94091
1 141070 115340
2 28926
1 154417 138474
1 133339 13787
1 11288 2651
1 149183 195258
1 108696 83656
1 194840 187114
1 5876 2586
1 182389 196007
1 19690 38747
1 142006 160207
1 161524 2255
1 146092 33122
1 3714 137937
2 158322
1 47430 28657
1 117142 22986
1 137419 182415
1 23841 165883
1 161851 136275
2 10484
1 117791 117842
1 194538 132357
1 30603 159037
1 196781 74109
1 192192 1523
1 164269 192185
1 183353 190355
1 53690 172033
1 50415 4095
2 58968
1 98912 155995
1 18536 39585
1 20974 72238
1 22427 163037
1 183642 151566
1 122066 178400
1 37619 135826
2 124545
1 12288 118883
1 60831 46943
1 49594 101388
2 165978
1 124294 108258
2 71799
2 86449
1 3417 38157
1 123275 48116
1 66189 71480
1 24408 92413
1 153710 23163
2 8008
1 174862 47984
1 16163 154136
1 167456 154562
1 102029 100377
1 94830 145805
1 113476 36491
1 145216 147695
1 170033 47163
1 72285 79417
1 184449 90842
1 15464 124327
2 99042
1 9537 70906
2 41841
1 23455 46697
1 175084 183336
1 21162 90908
1 62140 9719
1 54696 8830
1 79447 78017
1 166325 14137
1 10786 56003
1 52986 193205
1 141460 61684
1 134477 81565
1 43895 65309
1 129162 192592
1 143714 2038
1 121714 122405
1 155893 107139
1 170244 130276
1 144534 35118
1 125081 4226
1 53162 125284
1 133702 3676
1 194198 166837
1 176493 87990
1 169656 94951
1 126755 191413
1 64032 129819
1 111560 161178
1 134228 142435
1 165666 60929
1 169667 37347
1 173948 137114
1 92937 74918
1 95999 183206
1 25379 80707
1 6542 10421
2 172788
1 33905 171175
1 131320 81976
2 131157
1 105856 84958
1 157880 38354
1 103095 87671
1 105454 95358
1 62817 30536
1 187045 166613
1 32979 106961
1 175209 82419
1 120342 180458
1 118931 93202
1 44455 139103
2 60193
1 83136 150638
2 27344
1 32949 108037
1 22125 104371
1 59611 110286
1 147289 165766
1 93309 81476
1 143421 60241
1 40749 83098
2 183816
1 100441 178686
1 61629 138884
1 55298 199305
2 194770
1 135494 49154
1 41944 67167
1 171017 161216
1 57000 118053
1 89079 133320
2 104855
2 7052
1 145767 43199
2 60374
1 2607 16899
1 78443 112292
1 75493 189368
1 114529 29933
2 59796
1 39435 153933
1 57980 140218
2 49210
1 157190 147776
1 103785 49746
1 145157 22728
1 23958 160537
2 34321
1 133921 192899
1 121941 39602
1 77590 141669
1 160700 143379
1 117048 64620
1 172270 142271
1 32001 165216
1 116337 96929
2 157596
1 103988 198070
1 143602 38818
1 164478 24046
2 115593
2 54658
1 29674 124626
1 85535 151645
1 57975 189484
1 112133 31421
1 7480 4600
1 37230 22016
1 149060 54459
1 195482 143266
2 46018
1 194300 48732
1 114436 199235
1 18799 142107
1 169265 41888
1 80669 130953
1 95756 108501
1 79494 101986
1 24697 105373
1 2527 68392
1 15600 25550
1 17448 143837
2 145732
1 108474 190416
1 181299 117909
1 121608 76490
1 194846 42003
1 82645 91824
1 158029 146229
1 768 183448
2 176461
1 117826 62080
1 162789 70525
1 64963 123681
1 66618 19751
1 71478 53953
2 26852
1 97713 197115
2 147046
1 117967 8063
1 1586 173508
1 44147 22501
1 175728 116287
1 82967 61739
1 32512 78971
1 140033 82115
1 142298 153784
1 32010 77189
1 21230 46707
1 189114 115626
1 99620 140542
1 31076 188103
1 190226 67427
1 168708 137547
1 78142 169590
1 118806 119418
1 197334 17209
2 55418
1 51520 111724
1 24005 15494
1 78813 129846
1 104286 66090
1 137392 181638
1 31441 159179
1 54287 163078
1 64031 125273
1 5653 51127
1 143601 95474
1 1914 189803
1 147352 20604
1 172020 23040
1 135492 134014
1 97869 46302
2 36802
1 141025 159750
1 38050 165306
1 126412 95211
2 28343
1 137536 64086
1 195899 98363
1 40582 70409
1 25022 1726
1 47378 111123
1 142034 139368
1 41226 43900
1 197186 100948
1 66492 37416
1 164871 87853
1 9276 61456
1 12740 198663
1 1786 175421
1 104896 171456
1 86178 43590
1 156963 160856
1 114041 4427
1 92275 119053
1 76726 104369
1 177103 19835
1 86301 32287
1 91436 188211
1 80290 195961
1 84624 169754
1 18237 33308
1 104909 166212
1 105354 85211
1 36799 174992
1 176996 69688
1 41159 12678
1 11777 197989
1 71689 78192
1 69711 144252
2 163428
1 60500 179280
1 149666 118449
1 20737 37747
1 155583 178623
1 35804 156468
1 90073 186701
1 18755 90038
1 834 41160
1 25684 35167
1 42563 76422
2 122028
1 153546 8186
1 63149 83167
1 102626 64882
2 169336
1 42938 36578
1 166855 68846
1 199694 127012
1 15004 185022
1 136459 2817
1 151809 180686
2 67640
1 22448 150000
1 87438 197856
1 100230 143473
1 111087 167667
1 137960 139858
1 61683 159970
1 43260 98666
1 167720 24181
1 116729 98702
2 166387
1 154165 120576
1 36588 35208
1 88863 106042
1 93491 45549
1 135366 13554
1 113998 102827
2 26332
1 8179 93758
1 116850 44141
1 190655 143510
1 45631 31641
1 199963 167892
1 90854 54546
1 26997 123515
1 140156 45910
1 194269 10485
1 44459 199405
1 199299 60840
1 124691 148134
1 74220 172502
1 199011 146125
1 152501 166906
1 139762 96369
1 46604 134689
2 52004
1 9311 138668
1 76086 130362
1 127231 14809
1 71910 143097
1 102972 40219
1 86627 58879
1 103390 115007
1 177414 157858
1 67036 172875
1 98360 151883
1 163187 179393
1 62896 150162
2 42051
1 35851 168877
1 75463 120490
1 83191 50870
1 100756 145444
1 147017 170962
1 57741 1249
2 50194
1 163090 53141
1 4182 176810
1 52344 162400
1 144555 26511
1 46734 27179
1 39525 196218
1 10182 97527
1 137599 6084
2 152035
1 54082 63880
1 145422 175058
1 20362 81955
1 14977 131145
1 127854 127615
1 149832 114718
1 101384 130643
1 152513 186922
1 76328 194524
1 144354 169503
1 199980 70235
1 137017 37734
2 6430
1 61185 121955
1 52209 132494
1 64190 73418
1 69542 180977
1 12729 37795
1 186265 107321
1 179997 39655
1 138111 33973
1 101221 129553
1 60575 154923
2 134133
1 32120 198739
1 161703 95483
1 166250 163523
2 155781
2 182202
1 179997 5481
1 14823 46418
2 113815
1 164565 63622
1 106573 23209
1 173819 112135
1 86423 80773
1 63413 94621
1 45583 163738
1 76328 26926
1 128927 138312
2 116608
2 173634
1 194533 82242
1 40484 159588
1 13680 109924
1 313 130379
1 176149 68165
1 104674 147273
1 7521 168394
1 189204 176828
1 163399 24188
1 36633 31756
1 76947 91936
1 90865 161127
1 177773 81179
1 101930 113660
1 101777 149957
1 76990 79862
1 18637 138700
1 97517 91131
1 196156 172555
1 64923 127332
1 62145 33322
1 5548 137854
1 67015 23417
1 86302 106433
1 187255 10760
1 108519 76944
1 40506 59210
2 128591
2 104567
1 89834 186409
1 117774 195198
1 122605 45920
1 198699 9879
1 905 63052
1 78122 151005
1 131588 107156
1 162237 101856
1 33745 152732
1 1386 26631
1 58600 2241
1 50948 149796
1 121380 72085
1 197288 78233
1 79265 57692
1 28470 32619
1 162582 88583
1 100306 189988
1 180529 191600
1 191515 184686
1 61233 104470
1 77034 198765
1 186696 68697
1 57165 54174
1 48945 187193
1 77061 103022
1 85711 14796
1 48381 115676
1 134919 48125
1 66189 54993
1 146847 36812
1 174896 142719
2 175832
2 115899
1 180666 45147
1 144116 163828
2 88340
1 120509 42427
1 186866 199612
1 159758 160306
1 99917 189463
1 194178 1200
1 157958 100704
1 183398 170375
2 50276
1 111210 111593
1 55723 98807
1 21500 111484
1 166879 89301
2 74962
1 91475 128944
1 8055 149779
1 118693 194623
1 39487 119410
1 165684 112372
2 158527
1 156623 187029
1 132533 155653
1 168893 91769
1 152231 190421
1 169382 113068
1 44529 51777
1 129155 28557
1 195166 189958
1 106990 182928
1 116766 117609
1 115707 30385
1 47040 89043
2 143638
1 56066 76467
1 55125 36766
1 81831 187134
1 198493 66305
1 59187 112445
1 55073 122201
1 73244 53278
1 139213 56646
1 168851 29532
1 159021 192332
1 57247 94842
1 43179 38703
1 28347 79043
1 178442 88077
1 15217 16192
2 37922
2 141421
1 196986 127050
1 66788 94785
1 85681 140806
1 93406 184731
1 61469 184030
1 177934 66976
1 61988 76010
1 61694 8847
1 59804 60688
1 25533 118205
1 159939 34528
1 75062 92495
1 106491 160693
1 79700 124792
1 70090 166857
1 99157 83445
1 47506 63384
1 100333 146502
1 148685 151609
1 171870 174382
1 145420 98169
1 133781 136238
1 125233 18234
1 182535 153918
1 159722 25163
1 178124 93068
1 121648 121671
1 117308 149945
1 29568 151987
1 16584 80144
1 146328 23763
1 118491 82697
1 196916 22221
1 66033 88638
1 53898 123522
1 78455 33709
1 58052 30953
1 7781 54894
1 161725 36460
1 164760 174966
1 85886 163656
1 51187 197131
1 1594 199584
1 49208 105801
1 84552 29025
1 111394 107158
1 47328 95581
1 171333 124002
1 20952 26273
1 55337 185890
1 89312 141976
1 34019 197134
1 95739 178212
1 75702 65752
1 26431 6970
1 164521 141614
1 99600 133503
1 145130 73970
1 122457 130401
1 80162 199289
1 6412 116280
1 48473 113794
1 158619 27613
1 4492 45688
1 108342 70154
1 122956 93546
1 19974 8627
1 123738 59146
1 2986 189476
1 6592 166308
1 139889 125276
1 145715 146591
1 72600 177001
1 142951 143865
1 142149 116164
1 75122 121855
1 77508 2607
1 165093 123084
1 117824 30093
1 2790 55171
1 31429 164098
1 137554 30798
1 117621 142092
1 119954 81944
1 28552 139552
1 128764 120969
1 62857 90825
1 115117 166721
1 144909 84925
1 195300 187608
1 4150 102657
1 113121 75156
1 171943 199679
1 168958 173035
1 50825 101285
1 182029 192122
1 184511 118656
1 161332 133702
1 23397 169242
1 99141 105394
1 100623 165265
1 108321 112192
1 165184 47417
1 187535 126668
1 107048 6643
1 109976 155655
1 191139 16270
1 159398 115056
1 154031 124126
1 198429 70296
1 2668 17371
1 91385 97559
1 172762 44413
1 27433 35529
1 159822 20437
1 160938 11150
1 145845 73582
1 109864 171649
1 71374 72740
1 29202 130680
1 35298 197380
1 196732 121853
1 32773 185893
1 77881 165643
1 57106 15686
1 54137 130443
1 167267 193001
1 36833 108368
1 179535 183472
1 133801 70672
1 181288 61813
1 180474 195109
1 162164 5743
1 104584 80900
1 169002 61571
1 53869 172349
1 29808 186535
1 59783 29427
1 73492 55997
1 157267 45084
1 172809 161391
1 203 29308
1 29412 103111
1 104957 13534
1 21270 194321
1 192556 90963
1 50410 147891
1 156844 96687
1 73602 126924
1 155961 12033
1 183438 130380
1 80664 56658
1 152973 153044
1 136945 150497
1 142856 177167
1 70443 285
1 167756 170191
1 57801 177571
1 2343 67115
1 54981 177593
1 176998 116632
1 23147 194186
1 47373 51591
1 34040 178596
1 35735 181118
1 4467 61232
1 194992 80378
1 16139 198064
1 109808 152708
1 101618 60223
1 135641 10770
1 168698 35268
1 103507 106336
1 121837 36279
1 99942 25359
1 32626 94552
1 182777 127102
1 174237 113645
1 187017 166503
1 190231 134523
1 87597 156412
1 188655 93000
1 55241 192194
1 22655 167759
1 194000 83118
1 139523 143556
1 89342 170174
1 180918 41866
1 168789 195097
1 157679 66801
1 8087 171306
1 106555 1333
1 98245 39674
1 30587 125747
1 112022 25485
1 74175 2862
1 167354 7231
1 188900 110082
1 118993 113054
1 178027 125159
1 128678 18122
1 179611 161385
1 60081 52683
1 87833 127399
1 26764 161011
1 69765 130377
1 186484 52981
1 78104 76294
1 102595 58052
1 2875 50390
1 121964 121072
1 7722 162803
1 193080 17533
1 81994 109782
1 12991 181573
1 114568 36464
1 54186 147984
1 47731 123431
1 107112 104818
1 94234 41810
1 36334 146021
1 185833 134007
1 41267 125351
1 4545 157380
1 128619 145557
1 129944 119500
1 41282 163720
1 97616 118339
1 63645 18928
1 91354 195836
1 26509 188784
1 125900 134049
1 92756 126521
1 112129 110132
1 37916 135018
1 57010 131653
1 44276 87335
1 146259 75507
1 55501 151224
1 61743 62951
1 77620 157668
1 182343 98254
1 178258 117838
1 86184 106582
1 53474 118544
1 148491 184875
1 75953 10582
1 181553 140212
1 78555 108540
1 14591 174024
1 52036 23787
1 101080 84086
1 141013 148145
1 136441 192500
1 94649 27168
1 61402 153574
1 178392 151657
1 193986 108883
1 158866 115193
1 14890 57315
1 107326 152339
1 36053 109597
1 178660 198319
1 116335 3935
1 128697 141394
1 99877 189405
1 60634 25454
1 134084 43102
1 117643 153852
1 165525 162036
1 110897 56600
1 66488 134331
1 179469 135645
1 149312 95829
1 54459 11138
1 137806 5796
1 103083 83315
1 118193 10120
1 105438 59571
1 188861 18331
1 103652 97522
1 107945 147817
1 127316 106922
1 23279 69045
1 193996 64127
1 148831 167657
1 94315 193687
1 192067 122268
1 102860 52599
1 28665 87946
1 86213 171871
1 108941 61135
1 62559 55592
1 76438 161381
1 195799 107995
1 137811 5855
1 13525 8276
1 1669 56614
1 96363 134168
1 59215 82098
1 37714 104307
1 84621 27660
1 105312 140246
1 119986 136962
1 33805 159151
1 125414 142187
1 141543 165962
1 80542 142493
1 56403 167528
1 92476 128748
1 58182 18270
1 155881 9189
1 198980 44272
1 71921 26122
1 84759 18798
1 120479 158351
1 2195 4879
1 134809 48085
1 163144 116683
1 23166 33765
1 72648 41406
1 118846 136880
1 11163 64251
1 103481 191814
1 96191 8045
1 37787 95445
1 18661 169652
1 100215 53667
1 64104 29183
1 26915 46798
1 42960 176038
1 78228 97474
1 183367 167051
1 39482 199867
1 149595 101232
1 151965 155581
1 36532 118235
1 70969 20561
1 179479 107496
1 23255 3714
1 161179 125230
1 119404 5911
1 193258 190614
1 148534 120274
1 177467 95864
1 186517 114729
1 161422 99511
1 194088 126980
1 49000 50911
1 104169 64376
1 39952 185213
1 2185 140034
1 117131 85502
1 34639 17990
1 153620 185803
1 99246 89032
1 106270 196900
1 32358 111531
1 55566 69947
1 32542 199466
1 24947 164179
1 70654 118037
1 62408 125146
1 12690 89037
1 110637 67204
1 100892 139586
1 47265 147432
1 59642 125675
1 180483 52127
1 46521 155590
1 76042 178075
1 167993 136786
1 20482 116998
1 110018 84169
1 157129 114011
1 33509 63139
1 3337 132489
1 197015 158152
1 191927 120710
1 163786 51733
1 161293 47665
1 4942 118994
1 124548 102443
1 93351 50801
1 145877 19575
1 123950 83978
1 167408 24593
1 33901 66134
1 47549 62028
1 47479 122601
1 142162 95919
1 160965 14900
1 179509 63569
1 130711 79675
1 67091 93299
1 50505 25427
1 26305 189086
1 182068 152352
1 84210 29566
1 24904 139084
1 96121 122301
1 132455 105162
1 12096 161124
1 54788 153485
1 64200 179950
1 157821 106115
1 74403 30446
1 185845 73687
1 141423 136739
1 62518 126438
1 45588 88346
1 96518 6017
1 125249 118660
1 161672 136035
1 108131 175063
1 10517 171508
1 127142 194858
1 166875 113470
1 127216 162508
1 184181 302
1 28699 68325
1 20492 147471
1 115570 97616
1 29870 35458
1 28078 38328
1 114668 167681
1 63730 56305
1 151609 88277
1 60484 46298
1 76737 2965
1 84814 97008
1 38983 146464
1 160342 106549
1 19522 174238
1 185081 17217
1 159673 185651
1 46061 103528
1 180125 150468
1 143928 36622
1 105831 11886
1 134699 42311
1 70706 80003
1 47140 111475
1 59291 17864
1 162884 1176
1 8023 95916
1 20717 182208
1 61909 152458
1 82367 75862
1 146260 30561
1 118227 11132
1 122887 157010
1 72504 111152
1 106919 145371
1 109741 180447
1 80792 184403
1 122783 23432
1 37247 196582
1 52964 59221
1 105379 9618
1 197815 166774
1 110147 43361
1 55798 31360
1 103479 189992
1 102106 63429
1 77706 163904
1 175990 146484
1 72663 109444
1 141682 48371
1 146530 107340
1 173512 27579
1 52985 132009
1 111360 168628
1 74956 12320
1 143272 171281
1 116873 27370
1 342 112429
1 48380 41004
1 44194 165735
1 6181 121011
1 148895 159867
1 173659 76915
1 39065 178914
1 38113 94849
1 96916 117675
1 187079 2447
1 109123 169946
1 106627 97127
1 144454 87682
1 117199 56106
1 189289 58782
1 198278 75850
1 185817 64436
1 161146 33412
1 45097 145837
1 157400 139555
1 49541 16047
1 15872 194738
1 10741 161084
1 64478 29249
1 106582 88912
1 82509 113308
1 166484 28789
1 145453 14982
1 134059 91370
1 120514 94972
1 176542 125492
1 124945 61800
1 14264 144516
1 148214 91875
1 194115 124362
1 28040 59184
1 102534 37081
1 88495 3253
1 82051 39101
1 63301 111804
1 24496 21976
1 102572 25962
1 114228 29571
1 80367 7742
1 77989 28324
1 179485 41293
1 159361 79628
1 171490 196669
1 49387 14164
1 8935 7103
1 134567 88503
1 109867 48081
1 188760 19250
1 138402 53492
1 74681 151450
1 78798 123753
1 132697 17597
1 13341 8242
1 43803 99965
1 199746 112071
1 69869 197033
1 197783 12695
1 193992 19101
1 195569 196737
1 130793 38236
1 163461 45841
1 137551 185899
1 199355 189439
1 198452 3057
1 19473 35302
1 527 70349
1 175986 9346
1 88138 84279
1 107030 74540
1 22401 62426
1 80861 129689
1 83451 156208
1 103463 97040
1 173229 93855
1 113079 161835
1 53675 77972
1 35208 187729
1 177585 37791
1 149807 15219
1 116562 196430
1 158834 122052
1 59135 167757
1 56744 25213
1 58491 8764
1 18450 130576
1 139997 118866
1 44792 78635
1 35271 160946
1 197320 14577
1 21542 152203
1 8619 111797
1 82281 189301
1 16617 107319
1 181190 95241
1 111360 83554
1 69610 14978
1 23935 21318
1 195263 144210
1 172904 170387
1 117732 172358
1 37510 101462
1 2217 40093
1 59468 176055
1 85705 160613
1 11055 117874
1 45931 72984
1 50694 6229
1 53659 117494
1 124895 101435
1 56517 22052
1 101284 160327
1 39603 36291
1 176431 144612
1 52744 36372
1 12971 93819
1 32957 199692
1 73516 136629
1 182491 53812
1 107152 107891
1 75256 8515
1 29014 116875
1 119158 108926
1 140606 193476
1 76665 157775
1 97827 135764
1 65320 62885
1 69333 7129
1 188391 186188
1 139899 67541
1 100371 47692
1 163560 33455
1 189630 47047
1 63035 93094
1 7980 182926
1 40188 32152
1 74510 123652
1 11381 19059
1 22461 156086
1 183118 188858
1 63162 27257
1 42284 13691
1 8677 193094
1 115147 7823
1 38908 155090
1 169882 15891
1 154453 130994
1 184983 421
1 89310 136430
1 184876 67042
1 182099 20387
1 110793 82718
1 190657 20766
1 124994 179427
1 13818 177207
1 50347 124975
1 192856 126379
1 96306 137192
1 75637 1214
1 196349 172578
1 31467 14031
1 38724 178772
1 49225 193916
1 29169 36374
1 15510 73977
1 54965 104158
1 167434 70828
1 191534 16572
1 106762 45451
1 125879 144404
1 154019 75193
1 187087 50970
1 74633 60317
1 178733 149139
1 140048 150533
1 86051 171594
1 136812 101050
1 45426 62417
1 144741 172388
1 191020 152442
1 109470 169504
1 181841 81685
1 190919 122272
1 111331 132972
1 43808 155779
1 136971 62843
1 109360 174005
1 95409 120885
1 68166 23240
1 2838 30004
1 180974 174995
1 13301 81279
1 130550 126860
1 8282 73346
1 156131 173665
1 10627 160649
1 17454 106332
1 69109 138238
1 152132 60663
1 100256 49508
1 191549 17660
1 164471 148243
1 176539 27681
1 130953 73462
1 138502 143651
1 55204 49730
1 29959 9185
1 102828 106233
1 196547 37883
1 74679 113246
1 44793 26092
1 97963 81402
1 179710 23076
1 199003 5776
1 148151 76266
1 29214 12125
1 131351 153200
1 58545 107283
1 179099 2039
1 184208 108822
1 156739 108646
1 88719 174006
1 99474 190311
1 165823 130543
1 169481 48449
1 83006 112287
1 154336 93948
1 90078 150087
1 27845 66097
1 10106 151364
1 77913 66543
1 111764 195215
1 97575 80470
1 52403 90482
1 63399 16495
1 73853 28620
1 45043 38858
1 183824 79368
1 157193 77403
1 156518 164890
1 80193 162518
1 198633 56187
1 44943 16969
1 105235 33766
1 30076 141241
1 59018 51474
1 175649 8449
1 67963 155441
1 73893 104551
1 105589 118249
1 121144 61696
1 89160 94994
1 52047 72582
1 100062 159024
1 33954 109815
1 38041 136370
1 2211 108593
1 74415 129643
1 64384 144203
1 40578 164560
1 147739 54454
1 14404 49074
1 182921 26645
1 117577 164605
1 36809 67674
1 197678 107696
1 46022 48930
1 21609 191902
1 147471 68818
1 35761 62822
1 5909 27378
1 167569 81391
1 31718 125578
1 95816 181415
1 28777 15867
1 189924 67453
1 192794 168608
1 197151 124188
1 10823 137509
1 127032 26665
1 115210 122663
1 22806 118655
1 52041 31629
1 62745 42538
1 27819 55206
1 123970 738
1 131548 30405
1 94150 57929
1 114820 42969
1 30957 6951
1 88003 25488
1 1520 166948
1 187505 27693
1 108883 162503
1 43284 143144
1 24896 173870
1 17378 1030
1 72421 58382
1 185016 20986
1 133392 1708
1 11419 184699
1 17992 194459
1 9966 176230
1 134062 122743
1 2547 120663
1 43669 80482
1 49094 70338
1 141598 24639
1 51223 163031
1 46424 187756
1 23464 28822
1 31704 26564
1 12935 48944
1 144724 185364
1 164301 172320
1 52484 157405
1 21142 183240
1 8059 128266
1 115202 20303
1 148035 125107
1 55468 115962
1 174840 190802
1 96554 192010
1 185511 8580
1 40006 184982
1 68391 180099
1 67131 58024
1 18680 97507
1 103090 151644
1 81882 195466
1 127358 170679
1 164847 158004
1 177429 92934
1 54484 79527
1 107537 127480
1 156540 17267
1 77927 172605
1 101903 92141
1 112999 69471
1 114754 41580
1 62260 50976
1 139384 197316
1 183876 36885
1 117272 130626
1 147291 91139
1 13679 91880
1 14596 101240
1 159240 50155
1 191440 82412
1 66826 153066
1 182163 67736
1 16274 96560
1 56476 90901
1 133265 171180
1 36020 111993
1 72935 4911
1 6426 19055
1 171841 18919
1 136829 166614
1 125616 56090
1 129785 153563
1 82059 120550
1 177046 190298
1 51591 69176
1 183487 113394
1 106005 35402
1 74560 189095
1 40379 58401
1 7554 150460
1 5558 157383
1 136586 105489
1 47631 144197
1 145071 50170
1 91836 69283
1 118940 94625
1 159801 115492
1 126278 95
1 179111 83580
1 35118 115797
1 101989 143124
1 15386 199568
1 66093 107649
1 123663 169309
1 21489 38016
1 138259 62249
1 35063 184757
1 35553 164702
1 131057 77221
1 44397 97850
1 52256 199922
1 62810 111664
1 131691 126677
1 59640 65220
1 27579 44193
1 83971 43298
1 199705 8567
1 155800 106687
1 128523 37125
1 105914 192179
1 5804 65859
1 155269 37717
1 135050 14512
1 152817 182168
1 49733 62536
1 155594 37350
1 110758 38730
1 1518 81275
1 126972 173480
1 179912 55044
1 53053 50895
1 133196 50296
1 177948 85401
1 141234 91958
1 131750 170511
1 102519 50080
1 171747 104995
1 108241 152247
1 82282 115054
1 121458 32184
1 40260 75815
1 124159 95798
1 55236 17444
1 93970 171448
1 197286 29396
1 8942 147030
1 120999 152380
1 65858 42831
1 152676 193009
1 15328 43757
1 75127 86807
1 65407 30300
1 155726 85720
1 132975 24967
1 176204 174120
1 133019 87156
1 120165 198071
1 11844 147746
1 108916 4855
1 154044 160545
1 43680 112080
1 135074 46514
1 185712 140961
1 167197 58847
1 99435 134776
1 87834 140765
1 24820 46932
1 11274 56352
1 66277 24410
1 28630 129149
1 30122 178646
1 38885 105671
1 178784 6515
1 108369 92963
1 148654 113085
1 26982 4974
1 110371 29013
1 181531 153168
1 59665 145525
1 111252 30753
1 36265 173095
1 153368 15293
1 80983 51136
1 141903 58402
1 34081 93281
1 64448 22738
1 97787 92335
1 17928 4006
1 140909 88210
1 66974 6256
1 95144 185452
1 80006 14933
1 71718 195419
1 26131 165865
1 25600 66802
1 76321 193612
1 132180 66036
1 46482 110981
1 139160 100049
1 133640 93789
1 176441 48292
1 63779 55805
1 33848 149037
1 104828 5771
1 124549 151883
1 55778 19650
1 167965 166845
1 166484 135824
1 72609 72282
1 117440 130997
1 140088 88782
1 26682 175129
1 99046 69463
1 129087 87853
1 158958 133696
1 65579 14086
1 14949 99292
1 154488 55031
1 100119 86534
1 124537 58733
1 142367 54743
1 136407 142543
1 199426 73256
1 187466 3670
1 52044 125706
1 24475 100970
1 182510 10947
1 197400 76671
1 179543 70154
1 152024 20974
1 166609 182405
1 113521 27543
1 7325 7105
1 187767 162422
1 133138 57523
1 123511 125444
1 70772 131054
1 136499 89105
1 165137 42725
1 9183 84064
1 195168 138210
1 50843 26946
1 177308 116935
1 199283 126070
1 128285 34627
1 106261 174975
1 18297 192536
1 87378 199815
1 11226 715
1 183447 38196
1 801 109612
1 19373 65417
1 185914 131016
1 174766 1472
1 139456 29804
1 5898 46437
1 14420 21276
1 194234 114868
1 196089 193874
1 55299 80246
1 39410 99388
1 77870 97561
1 135582 111152
1 38278 189391
1 154836 57714
1 163986 161577
1 106490 2409
1 157588 70515
1 197611 861
1 31426 10450
1 61066 54644
1 75204 156765
1 20064 71150
1 175022 171833
1 23933 170590
1 128767 63288
1 117581 41899
1 23706 176755
1 2873 125254
1 198020 77797
1 120577 90670
1 193886 198027
1 166615 143329
1 34724 145019
1 7615 83108
1 177382 23937
1 38244 166838
1 43269 86912
1 84605 101329
1 152369 49095
1 176417 3233
1 20449 182963
1 69287 29128
1 127187 64005
1 158018 24659
1 34309 121284
1 94555 181622
1 84404 119956
1 153200 47118
1 68437 184599
1 60524 184534
1 189201 69701
1 195528 158058
1 152389 154311
1 3042 13564
1 39545 16537
1 73884 194773
1 169311 173919
1 142391 182285
1 85199 146695
1 156847 103116
1 199425 144545
1 128345 167107
1 88012 65340
1 26363 41830
1 94558 190209
1 120556 140075
1 23100 172116
1 167341 133640
1 162683 6825
1 98247 50665
1 37310 96036
1 90790 52208
1 34866 119733
1 131509 156017
1 115527 113138
1 167098 77100
1 42672 150262
1 148212 163981
1 48286 133177
1 182834 45794
1 198777 146993
1 96183 66139
1 51231 147880
1 50188 173256
1 53664 23966
1 171877 37710
1 132730 51042
1 148664 101675
1 199826 199596
1 96793 1323
1 178227 51069
1 193242 169066
1 171082 34746
1 118050 167820
1 1569 81093
1 14989 164793
1 109468 129821
1 164867 98974
1 76274 109816
1 8028 75105
1 108589 127007
1 98547 77476
1 199011 182474
1 147337 161533
1 134070 184828
1 110428 179188
1 143050 53280
1 25352 113661
1 167303 74789
1 30301 80247
1 168271 115415
1 62146 190821
1 194688 16191
1 126986 32044
1 64684 44285
1 14165 110541
1 107352 160419
1 18793 74147
1 92147 101652
1 136721 170272
1 49304 130270
1 17077 44676
1 79494 88020
1 195067 164190
1 60062 183600
1 102749 55943
1 134302 37992
1 177419 47516
1 189277 155214
1 45123 72444
1 30983 160750
1 64751 138050
1 71193 137058
1 159296 165699
1 158432 5369
1 188872 20618
1 44654 74825
1 167964 44563
1 126941 126672
1 96107 83013
1 161672 78354
1 187609 134453
1 85511 109295
1 3679 44184
1 158122 102019
1 10407 110023
1 83641 61827
1 133603 165625
1 70954 191189
1 115183 35772
1 48227 81328
1 194919 165492
1 95921 39477
1 100298 85592
1 116872 48332
1 173968 47018
1 44477 29123
1 115977 90423
1 168514 131620
1 145079 92751
1 118049 190869
1 132845 171269
1 91195 43572
1 54760 89513
1 16769 14835
1 11758 9093
1 79155 29681
1 5925 99350
1 29529 21466
1 80310 107340
1 119103 21825
1 675 101253
1 14197 61436
1 36837 162565
1 85830 51007
1 90698 117049
1 185080 41916
1 114253 182126
1 23365 49274
1 189047 14476
1 155992 71028
1 199221 74775
1 171722 34805
1 49851 53288
1 56925 63089
1 37016 170024
1 136442 175270
1 86555 172621
1 138152 10100
1 19558 65113
1 24205 180217
1 120592 23312
1 19880 146928
1 32896 43769
1 40206 44812
1 193094 163800
1 69733 17809
1 131709 130026
1 22622 183411
1 800 195105
1 145143 119793
1 19497 143266
1 8240 103923
1 109360 115516
1 121741 19491
1 164739 195817
1 120461 192969
1 81153 98379
1 102121 140842
1 164604 177376
1 177232 40739
1 136975 15814
1 143200 59137
1 151741 164598
1 35752 186019
1 43980 4347
1 141725 22611
1 69088 97522
1 26139 56097
1 35291 33736
1 180637 112513
1 62708 187823
1 183231 12775
1 2198 73441
1 82611 4833
1 184571 181529
1 36801 140981
1 30922 139086
1 75715 38972
1 27630 121587
1 17376 61949
1 25655 115564
1 135432 191501
1 54645 56594
1 133297 159655
1 127635 35689
1 193616 65927
1 24049 118049
1 71451 64524
1 79430 97547
1 27709 61838
1 87349 96605
1 13466 86332
1 172525 50472
1 134085 135930
1 183366 62488
1 18750 175738
1 108506 135725
1 67376 145626
1 95457 126712
1 13547 81981
1 117840 73049
1 63710 66476
1 9779 16504
1 122201 38063
1 88393 189313
1 8961 193192
1 9953 128996
1 73811 54576
1 140210 15756
1 9501 61236
1 28991 30750
1 51258 61585
1 110956 92150
1 92109 148143
1 38171 85214
1 2241 51483
1 101643 12687
1 135807 143273
1 172082 140459
1 197616 42120
1 137944 46395
1 197301 5159
1 105911 138725
1 117283 173767
1 1361 18289
1 156420 186017
1 118033 85693
1 71307 140667
1 73893 107710
1 112151 1606
1 75419 6778
1 141226 181754
1 65467 111938
1 155114 12597
1 179428 156340
1 84953 1040
1 41194 158704
1 186258 6979
1 111279 167386
1 8004 115963
1 23616 78736
1 11698 114362
1 140338 66925
1 101802 112303
1 123646 166143
1 1093 45334
1 142106 40836
1 73504 179025
1 168536 183467
1 69785 26760
1 51843 28617
1 91916 160766
1 191927 107737
1 122319 106485
1 129218 27385
1 177708 113540
1 32185 196321
1 92639 30965
1 170588 742
1 85391 100325
1 12398 198383
1 133392 24023
1 111630 154102
1 122265 82137
1 101915 63234
1 20098 187482
1 55814 67491
1 55809 45194
1 118840 38063
1 165478 92404
1 15847 14907
1 87764 159192
1 80563 141724
1 160258 62925
1 108295 101663
1 94706 143509
1 197805 120967
1 54896 149826
1 153841 19719
1 14734 197705
1 159994 65471
1 141790 30692
1 116518 85242
1 135280 190189
1 144484 21927
1 110605 46392
1 45718 144472
1 34356 157617
1 99751 90809
1 65556 79095
1 20777 2386
1 89099 183672
1 156788 6079
1 172765 112590
1 91835 105966
1 21367 86169
1 103088 79513
1 186597 191133
1 137689 49414
1 166545 20638
1 57331 86972
1 20094 69562
1 2376 49351
1 171140 55430
1 114764 5807
1 170446 74669
1 150588 3765
1 183633 113925
1 83834 59471
1 64526 10419
1 177379 133476
1 182411 20481
1 139250 36554
1 13198 54653
1 29977 195262
1 139483 981
1 40222 64229
1 47599 11057
1 126387 65218
1 77180 171856
1 8282 157880
1 162341 164006
1 126072 91457
1 76221 2676
1 62647 66030
1 139453 65449
1 138145 111457
1 119940 83642
1 131258 19272
1 86163 90493
1 25886 173660
1 104327 148810
1 87132 132185
1 103832 143701
1 22738 98943
1 81043 34374
1 22281 69962
1 190612 93274
1 67027 174062
1 180231 9150
1 107171 102485
1 97888 165609
1 50349 41628
1 182808 92923
1 78207 13964
1 17322 70100
1 90783 60694
1 163469 27446
1 51173 62929
1 193075 151134
1 170458 31095
1 64642 15840
1 17362 142750
1 95186 24706
1 96903 11187
1 32679 125338
1 51767 140220
1 73712 7275
1 143168 97935
1 13568 156476
1 505 50702
1 109068 53498
1 97620 132197
1 35237 194576
1 97777 73093
1 164854 89989
1 83653 82978
1 50241 122902
1 50988 196779
1 130774 108117
1 72779 159626
1 42773 12288
1 79018 145627
1 27301 61477
1 6417 102192
1 100468 128502
1 79649 92997
1 127793 121896
1 191413 119681
1 19654 101905
1 173753 105965
1 71323 31425
1 51210 140792
1 136392 121441
1 163536 198059
1 601 155403
1 96344 57833
1 178312 171497
1 85877 151914
1 189879 140049
1 100696 80377
1 105708 14368
1 79086 90923
1 98960 78805
1 107131 27169
1 124970 1520
1 59060 87041
1 106968 35915
1 132002 91633
1 186638 92088
1 101940 164244
1 170452 56988
1 158757 83913
1 14906 2380
1 155535 46177
1 19037 107238
1 36430 191071
1 133151 79026
1 113625 180342
1 107875 158073
1 45725 69951
1 156295 4773
1 70555 107896
1 59430 30106
1 70916 13188
1 102989 90708
1 113170 188959
1 114364 94785
1 103914 101794
1 151777 184033
1 110896 52343
1 152144 160285
1 144746 63069
1 66311 59428
1 190488 126687
1 69920 177740
1 106963 186833
1 5142 119912
1 14245 92172
1 197116 180582
1 91048 89258
1 28603 192939
1 91362 68420
1 75020 37937
1 182111 68459
1 68278 113761
1 122000 179813
1 165641 171308
1 75876 43114
1 194714 55663
1 134053 199710
1 157568 188743
1 66069 96848
1 147471 71922
1 46026 7539
1 81172 96039
1 61318 97307
1 133905 33527
1 92890 140283
1 144250 4645
1 71677 197214
1 129009 84483
1 148712 112995
1 25597 151501
1 122485 56829
1 170833 8906
1 148984 78443
1 64699 87329
1 39068 33652
1 102826 171962
1 181314 8614
1 49764 59222
1 199191 195215
1 154759 144304
1 106228 129212
1 190400 111508
1 121019 154033
1 101897 61055
1 106543 131753
1 21479 115576
1 102996 12239
1 1187 61870
1 150023 132285
1 37704 85523
1 132448 120500
1 49054 44280
1 95750 56220
1 115237 24682
1 189330 28606
1 90837 148172
1 134951 97662
1 70036 190838
1 59601 47773
1 153591 176717
1 177053 51567
1 106686 126500
1 183865 100248
1 96522 79762
1 190860 190542
1 163745 191252
1 85079 175562
1 83684 199717
1 160845 34639
1 75663 184155
1 13167 191263
1 186290 141509
1 30956 111098
1 32687 49155
1 28216 47002
1 153460 89382
1 21675 132588
1 36089 53961
1 66588 103120
1 59004 89902
1 48702 168212
1 90108 160220
1 147003 126764
1 66484 165112
1 172751 58997
1 148378 180322
1 17959 169259
1 63064 197267
1 172602 185576
1 110088 57012
1 133351 93920
1 2742 14529
1 784 27161
1 14289 198559
1 95286 1967
1 196339 32826
1 96022 75912
1 114834 68323
1 173571 105747
1 186310 103593
1 79493 101703
1 97534 115062
1 80369 120986
1 38013 34732
1 84937 130304
1 142105 71488
1 32598 1638
1 32437 194710
1 144836 29102
1 167742 68639
1 56062 28396
1 105061 11503
1 183179 196449
1 54043 69218
1 153768 66487
1 45074 13617
1 84134 43517
1 196786 140303
1 171013 30884
1 79642 54602
1 161746 116218
1 125784 95456
1 23358 143589
1 178667 114846
1 157376 51427
1 190008 15679
1 180141 85633
1 120458 82436
1 122773 87833
1 88271 106768
1 118752 62224
1 133136 194694
1 139946 149583
1 8367 16486
1 59932 183873
1 100198 170020
1 3596 205
1 27326 57290
1 113238 74518
1 183503 185488
1 41339 191664
1 198903 145978
1 172985 91492
1 180828 433
1 166380 155238
1 54694 147493
1 87013 104341
1 72631 39715
1 8521 162933
1 136237 122482
1 35565 172584
1 29787 78899
1 125551 22643
1 111107 34296
1 11734 43439
1 93144 191589
1 78829 5196
1 104434 191429
1 122781 77262
1 137554 81327
1 52745 48449
1 89431 175066
1 41199 90112
1 6848 27197
1 107196 134054
1 170788 170347
1 10032 80211
1 197295 159470
1 95475 25186
1 11615 177506
1 153079 197288
1 27647 131283
1 42703 131057
1 37026 170394
1 84430 135798
1 96931 154037
1 37795 70818
1 123867 148454
1 104309 166151
1 37923 19726
1 55355 43739
1 123788 117066
1 167005 14136
1 20699 105933
1 44433 71187
1 82954 183422
1 63856 51643
1 45564 55572
1 169495 59541
1 198975 172912
1 191174 73750
1 65672 115067
1 32371 71297
1 100074 71297
1 53359 126435
1 36248 154765
1 103420 120076
1 128156 196486
1 199277 87824
1 43735 74888
1 155520 16637
1 39803 76358
1 171257 166302
1 2438 139232
1 192768 156465
1 118593 118592
1 87420 76900
1 10169 195834
1 192688 98902
1 114876 198052
1 26837 179532
1 43222 63795
1 43321 162673
1 70541 132503
1 61720 41683
1 57755 33880
1 70328 199962
1 26219 6193
1 154506 169738
1 152983 142765
1 64831 2748
1 157216 168705
1 19048 1945
1 94702 132969
1 92050 190680
1 60169 4870
1 88864 60409
1 122455 109110
1 176745 132098
1 157911 115765
1 20564 5240
1 97695 129396
1 10738 95968
1 125458 7160
1 166876 197175
1 176037 65717
1 19726 156848
1 100371 124587
1 2627 104237
1 138846 75264
1 92561 179393
1 59016 2783
1 112647 165348
1 185553 187728
1 59332 26934
1 191410 153113
1 43931 156536
1 56154 3861
1 126053 100552
1 129960 145426
1 146982 66717
1 153769 158319
1 112932 15107
1 28692 160950
1 157380 141144
1 36482 191928
1 142310 42119
1 31026 81320
1 195138 54275
1 44157 172409
1 65795 123526
1 99222 85434
1 153764 141900
1 48901 78577
1 88009 21322
1 198437 185527
1 53537 53428
1 62939 31124
1 109497 39534
1 55961 35483
1 123619 182994
1 192275 14408
1 159304 33891
1 198335 142103
1 36361 158415
1 49299 88040
1 15133 107755
1 55099 16081
1 46183 141866
1 186201 83074
1 127767 14110
1 140672 10464
1 43907 52147
1 110707 63387
1 59846 151209
1 5851 132817
1 81368 119506
1 140166 194664
1 136943 102604
1 93287 85607
1 10069 56768
1 51595 186197
1 101643 122778
1 115864 178772
1 107869 75978
1 58123 73792
1 101446 47548
1 71603 188227
1 194822 15700
1 12777 55228
1 138754 136108
1 55633 75473
1 46556 125969
1 90518 81168
1 84628 78716
1 173794 117325
1 7902 75790
1 116444 15352
1 10371 1230
1 103526 134973
1 46781 155622
1 91094 109729
1 53454 186651
1 68916 85915
1 8802 144653
1 144436 7471
1 156709 92911
1 66421 134033
1 106150 4487
1 94586 51769
1 71533 99881
1 166311 23747
1 194010 164528
1 57535 76426
1 34431 89982
1 147037 139844
1 1343 31284
1 19761 119583
1 4584 166644
1 12092 142813
1 98893 33559
1 4237 55405
1 43496 159593
1 180925 2251
1 95727 106348
1 151657 189978
1 63221 5324
1 816 17472
1 137539 60639
1 192748 92481
1 92279 23585
1 178101 198175
1 117084 185966
1 179027 166642
1 166795 91711
1 72130 164739
1 152129 41321
1 194860 11949
1 48770 162516
1 75042 123703
1 5742 160248
1 34076 169196
1 73697 66973
1 181107 141564
1 118672 6739
1 44187 105944
1 118241 126064
1 174501 138632
1 126475 186378
1 174389 125584
1 142127 160628
1 3776 155460
1 160502 193853
1 193673 79656
1 120939 172838
1 171292 50123
1 169947 54626
1 190091 51814
1 156011 144468
1 35625 185520
1 181178 156676
1 168196 146692
1 26231 56803
1 47719 66231
1 130116 91393
1 90383 156659
1 70989 112587
1 62124 16792
1 191714 81929
1 198172 61524
1 54236 110807
1 168099 112513
1 56814 93156
1 176302 54272
1 160714 38696
1 64265 131795
1 167991 57834
1 56927 33663
1 138736 10866
1 139825 162594
1 30208 120970
1 186009 102930
1 52507 27323
1 156287 99576
1 154879 149190
1 99484 67308
1 136396 179425
1 50927 98641
1 139488 32692
1 104445 172530
1 155703 101139
1 56397 179357
1 75457 56445
1 87843 174592
1 54405 60436
1 12668 182659
1 34806 195167
1 118666 56166
1 176212 62
1 191217 115611
1 146821 12204
1 135490 77413
1 125235 67195
1 104375 168049
1 91048 149003
1 97903 141813
1 44585 95307
1 24043 78471
1 173840 172724
1 135881 136704
1 35373 187715
1 86848 112145
1 31134 7158
1 159388 36326
1 128045 102346
1 55802 151289
1 155882 27187
1 70662 66041
1 100106 8604
1 142388 8219
1 36223 198752
1 23230 67264
1 62808 186505
1 193181 72392
1 88795 181192
1 9353 155958
1 165472 159477
1 175412 98245
1 125745 107400
1 124677 160330
1 158240 188376
1 44114 193803
1 189992 56083
1 162528 52383
1 51335 139005
1 191966 5062
1 36699 2477
1 150880 61515
1 71612 83525
1 124377 163928
1 78042 179569
1 30939 56410
1 17239 173091
1 49938 140118
1 127270 120205
1 71294 113802
1 109476 195359
1 17648 142984
1 190070 5763
1 168264 45071
1 82533 31254
1 116589 81131
1 105462 42728
1 119694 83983
1 174350 143478
1 146007 12144
1 104389 80999
1 72822 184100
1 168456 20549
1 51984 82876
1 95605 125629
1 4798 163551
1 66097 162329
1 49101 196776
1 117005 20668
1 65717 9281
1 198681 64159
1 57369 28929
1 78600 129866
1 30207 49411
1 59141 126614
1 5073 120839
1 59093 199010
1 100692 73357
1 83438 182739
1 188967 166640
1 184214 165391
1 14399 54656
1 131456 82684
1 85793 130468
1 58724 44214
1 2273 106030
1 139677 83279
1 112025 72064
1 154823 120843
1 155117 106463
1 30105 43419
1 15293 177429
1 130369 28377
1 109611 35020
1 124926 46468
1 138511 191528
1 166594 7101
1 15096 117477
1 7240 100353
1 47716 59954
1 97843 35305
1 86274 462
1 28712 192416
1 164519 142624
1 33133 93731
1 134350 167515
1 19139 39806
1 11861 72403
1 53441 101317
1 149684 31706
1 130738 155345
1 116416 138527
1 150960 96829
1 46944 140615
1 64449 60640
1 171342 69837
1 173874 182221
1 100305 2455
1 172338 101512
1 29433 75674
1 116146 171466
1 176731 40880
1 51514 164343
1 105679 80376
1 61133 187102
1 73319 102573
1 135617 183730
1 58225 131018
1 109145 189832
1 368 138013
1 101220 102225
1 66134 19882
1 103322 107289
1 171526 79619
1 48180 99584
1 106888 170405
1 17932 58231
1 168332 161685
1 181622 97598
1 6500 128892
1 48478 97180
1 18364 191039
1 79715 61407
1 198620 171107
1 160819 20054
1 18208 73184
1 166376 21452
1 136822 118211
1 43362 53830
1 168984 28681
1 73253 160256
1 192716 65978
1 152117 34659
1 60377 109251
1 8240 113802
1 72587 39767
1 181740 13303
1 130026 169992
1 99729 66320
1 17911 49313
1 122232 350
1 190183 25030
1 138309 98952
1 51108 157711
1 144386 63308
1 93377 29666
1 134014 41279
1 167420 122383
1 292 62534
1 77306 183089
1 43295 70997
1 8638 161026
1 37549 138982
1 42154 20222
1 23682 169532
1 71611 70268
1 169056 5786
1 198783 125129
1 58228 43710
1 94873 140935
1 195443 8291
1 189751 1028
1 76981 194039
1 39185 109918
1 54610 96856
1 71462 137047
1 13115 125909
1 54515 124340
1 57691 54243
1 94069 45531
1 133230 98525
1 166879 190317
1 42529 188480
1 128414 59296
1 940 16103
1 2124 196193
1 118124 192771
1 184819 31658
1 84356 35998
1 135684 186527
1 193270 112273
1 153878 100589
1 118077 82051
1 54947 128741
1 20589 57060
1 134720 74454
1 134350 73513
1 26205 199339
1 80373 77705
1 154749 55748
1 105509 169144
1 1527 9559
1 101349 111267
1 134765 128265
1 9250 117997
1 163147 24008
1 106376 183464
1 105026 154284
1 191067 71062
1 70726 4302
1 171164 14882
1 144838 187560
1 137689 151001
1 101739 79470
1 148436 7725
1 168404 51180
1 154007 169836
1 134288 157281
1 90647 93117
1 96860 42075
1 57544 134876
1 164510 64403
1 103232 113303
1 157410 108107
1 86224 88072
1 62100 105318
1 110110 15508
1 11966 193928
1 170567 188261
1 3907 183087
1 59444 155620
1 154779 143760
1 36475 162745
1 124560 30709
1 57273 7751
1 21434 179863
1 29357 145826
1 75255 179703
1 98775 161300
1 19822 99522
1 106129 25871
1 126596 196454
1 80301 96308
1 151135 74734
1 167825 165252
1 157979 74277
1 199183 141861
1 24713 148457
1 107208 107609
1 183919 103245
1 1411 10234
1 50237 154101
1 119433 119417
1 195724 35117
1 159684 149848
1 194397 87050
1 21528 118501
1 175568 5124
1 136257 133624
1 178210 156627
1 24174 30064
1 8555 11720
1 94556 19114
1 12632 29678
1 145015 37442
1 33061 25633
1 150894 87822
1 179998 181678
1 183765 196055
1 97239 36332
1 170303 94234
1 41576 107802
1 22492 46464
1 161902 131450
1 177809 189401
1 16959 138733
1 121622 76255
1 91181 190096
1 91348 166889
1 140798 83991
1 54591 120749
1 192874 199079
1 34673 194234
1 158613 80505
1 44872 37685
1 158862 88300
1 108673 25748
1 15944 4842
1 27670 30296
1 162007 143360
1 77461 35727
1 50670 164599
1 66241 166666
1 156759 50870
1 144558 98075
1 179444 183772
1 35288 42130
1 114485 3737
1 63300 187064
1 151642 178062
1 118170 24651
1 196202 108710
1 149377 47996
1 62962 165939
1 130492 7527
1 155843 66700
1 151685 198610
1 164967 5030
1 46888 42153
1 184611 91569
1 17890 144439
1 46898 72822
1 189370 190760
1 58111 82863
1 64159 10494
1 70372 188518
1 159427 108177
1 141986 113105
1 126071 44171
1 34145 81068
1 12936 109731
1 124329 166168
1 121754 21850
1 75809 178868
1 184898 122419
1 17991 142842
1 3368 43447
1 114671 4700
1 77790 11560
1 68480 161375
1 158843 6149
1 166956 102328
1 163324 116095
1 138608 101733
1 150620 83321
1 32588 114957
1 65970 66630
1 184707 35035
1 131979 18910
1 136405 81112
1 177224 145442
1 33724 199816
1 110009 86097
1 189413 22726
1 2363 1035
1 11760 59043
1 180943 105349
1 80938 197372
1 37948 168780
1 126410 111258
1 82535 10814
1 92074 52815
1 137840 49606
1 49159 70030
1 77648 78551
1 49723 57802
1 199728 125612
1 96697 5715
1 151884 41470
1 137802 112301
1 78665 165639
1 121735 176818
1 8724 39861
1 118038 33258
1 25276 74289
1 41513 199977
1 118288 133650
1 182068 86953
1 195516 18076
1 11694 84712
1 98337 47357
1 63691 89603
1 180276 142218
1 9400 105683
1 100442 49718
1 42775 54088
1 172673 31060
1 197244 184965
1 35200 171663
1 123816 36347
1 17842 109094
1 8261 174793
1 17936 184364
1 171170 117651
1 74638 159487
1 81008 15329
1 124023 86728
1 114557 113850
1 141836 140724
1 2735 43969
1 15642 182065
1 69188 183568
1 98650 56556
1 167113 160723
1 119309 23625
1 137432 186854
1 80728 62499
1 135702 115058
1 94494 24837
1 158060 1925
1 91164 183081
1 135749 70705
1 15498 182832
1 57416 41831
1 31215 7330
1 169239 83092
1 52548 150567
1 170505 116603
1 73612 106437
1 24292 87316
1 44147 162844
1 109469 127652
1 33254 189600
1 4755 114141
1 191666 95701
1 179273 14968
1 83936 20688
1 159972 41489
1 67024 30060
1 171237 168451
1 53589 68235
1 24104 197956
1 197328 8143
1 5085 145923
1 143824 96921
1 84806 102656
1 41064 187200
1 103792 113196
1 192338 103636
1 95094 88385
1 197700 71444
1 35059 19299
1 43281 158573
1 128583 175736
1 9539 150198
1 198477 197509
1 99830 57065
1 16154 132234
1 63799 115939
1 88377 24351
1 196573 168030
1 16998 91280
1 43878 42797
1 60489 140214
1 75158 107000
1 22581 131222
1 46029 7354
1 89696 6079
1 43880 195640
1 5668 78175
1 97434 144900
1 9077 136677
1 23051 158450
1 42853 21725
1 90480 62169
1 73302 43528
1 189355 195084
1 23550 66235
1 63525 140058
1 33760 127418
1 156714 87172
1 47625 114965
1 52100 2430
1 22921 5762
1 15324 78377
1 48052 73660
1 172494 49999
1 176216 125916
1 148682 91551
1 67968 87157
1 171699 150442
1 165673 110965
1 68914 11485
1 76484 125177
1 157915 161088
1 131885 144113
1 4804 85104
1 178026 110581
1 150562 70745
1 85670 39399
1 125733 34424
1 12846 160905
1 74133 170958
1 156013 33441
1 46382 93799
1 29476 170955
1 102457 134989
1 118957 28190
1 124075 120776
1 124145 100035
1 152834 155416
1 43879 7058
1 11678 33268
1 124751 95406
1 98334 175108
1 69743 7267
1 8828 19932
1 70924 110142
1 139625 65531
1 26027 10668
1 52268 61572
1 63369 188758
1 188152 127420
1 89369 158396
1 38285 164996
1 58749 140624
1 51794 34584
1 142535 117013
1 33199 68999
1 146930 194681
1 38320 34356
1 179099 141808
1 84759 61902
1 106500 171089
1 15746 13964
1 173131 45365
1 180862 54764
1 4455 120974
1 25899 94509
1 868 126150
1 59729 172490
1 4128 38872
1 196929 53240
1 1734 75827
1 188912 104483
1 39945 119373
1 99152 143460
1 59683 46661
1 53616 44038
1 96719 194108
1 145175 108667
1 16901 84341
1 2971 186137
1 186998 98668
1 60167 164313
1 28423 184308
1 153710 14546
1 197138 154132
1 75209 161074
1 173657 73379
1 100824 42494
1 126349 24994
1 13239 101451
1 42623 185818
1 101695 162428
1 74661 131319
1 127520 131965
1 117137 26915
1 106108 1153
1 36909 100711
1 186374 196856
1 80378 169726
1 159388 181204
1 70666 89659
1 87585 91388
1 140667 170845
1 58335 181329
1 23542 31857
1 39260 160672
1 146343 5224
1 70587 167464
1 197182 43192
1 135253 43085
1 136231 187768
1 155288 155868
1 19909 74999
1 671 21186
1 12085 49181
1 97811 79303
1 119041 4229
1 9922 136911
1 94115 139226
1 158141 45075
1 77947 67504
1 85943 173852
1 178579 122213
1 77724 5441
1 38482 174393
1 176431 155746
1 77118 152875
1 90023 153380
1 81463 109844
1 58507 12846
1 24688 54728
1 117708 151588
1 139503 104235
1 94051 29219
1 63240 87185
1 146475 189438
1 193750 31834
1 49025 148471
1 103226 128332
1 141978 47360
1 155032 63921
1 88933 87859
1 55695 131060
1 92769 108496
1 167032 74423
1 138177 99638
1 159650 168759
1 109438 183844
1 105164 175012
1 108028 135024
1 25699 188986
1 139168 21960
1 189757 16676
1 93873 103913
1 85334 187410
1 50094 150493
1 66442 91097
1 90159 187898
1 4370 24011
1 188863 167447
1 139395 81047
1 181241 22608
1 48708 43491
1 152929 66749
1 7504 179880
1 14213 14318
1 160364 158414
1 27413 23722
1 21673 1032
1 62079 190122
1 85405 45297
1 55567 97296
1 4062 10472
1 169029 3885
1 5183 199081
1 150584 88498
1 41359 24045
1 149419 118325
1 195342 37699
1 75694 176167
1 81330 179823
1 23863 166292
1 129051 131523
1 51904 136412
1 98130 136317
1 78948 132145
1 95752 186848
1 82293 83729
1 116364 130518
1 122656 65476
1 718 183941
1 165828 76825
1 144915 89647
1 135120 117213
1 81592 36560
1 179100 173020
1 25195 69106
1 143177 12700
1 24295 9172
1 120667 117078
1 123760 186043
1 84503 109303
1 192911 164312
1 130009 191767
1 22414 89371
1 85432 56569
1 137654 91991
1 189148 178628
1 74696 5591
1 193567 95167
1 90682 197504
1 183011 123090
1 111860 94888
1 124787 53692
1 44426 120438
1 167518 165264
1 21050 30779
1 117456 129268
1 185769 22288
1 17970 173660
1 95259 115184
1 117123 8323
1 177329 148120
1 195383 17386
1 140966 94045
1 58576 95829
1 131211 103373
1 55292 183683
1 50306 50378
1 88814 140845
1 30650 61731
1 186943 94337
1 10282 6196
1 98439 72480
1 124752 42880
1 85048 96726
1 182058 31180
1 89467 37721
1 74613 49151
1 158222 101636
1 98149 98296
1 124380 99541
1 15525 194286
1 170333 18341
1 17232 103439
1 42865 56166
1 114416 66258
1 34488 107362
1 29494 168158
1 33333 19571
1 108602 132960
1 60771 31358
1 69108 175912
1 31767 165172
1 31611 185476
1 10135 128395
1 152188 106528
1 55546 7544
1 31294 7772
1 30465 58160
1 146325 117423
1 54452 40033
1 192292 110395
1 164481 65388
1 163351 84530
1 161233 70308
1 111968 95529
1 18156 154316
1 147825 169018
1 110672 60236
1 187130 30560
1 21836 116340
1 29157 143693
1 108258 33782
1 113615 99342
1 194845 100318
1 173768 87266
1 58288 2580
1 189261 125847
1 138000 179732
1 139845 161191
1 161236 167084
1 29882 94418
1 156170 11703
1 60057 92156
1 45020 26905
1 141100 103433
1 195940 145210
1 112406 176311
1 119245 3591
1 158544 59580
1 175595 20390
1 106402 37729
1 62620 45880
1 75877 48541
1 98207 182677
1 127799 116277
1 15028 152068
1 58879 153363
1 139510 102521
1 160995 14118
1 152181 179346
1 89223 97978
1 190168 111700
1 83656 7895
1 168242 25954
1 114616 103327
1 75618 151999
1 143259 167139
1 197488 52549
1 45858 58182
1 110629 66598
1 51687 147669
1 3947 51041
1 14889 158821
1 82727 37960
1 143433 131502
1 179731 97713
1 75012 104488
1 89759 67641
1 137523 171237
1 47433 180992
1 142272 104238
1 6715 86882
1 161131 9632
1 141989 126515
1 57149 32392
1 153627 196990
1 184395 108414
1 199217 83902
1 135406 86591
1 93717 168733
1 16513 133326
1 55789 194412
1 183259 55629
1 136817 124706
1 188878 4695
1 130506 136026
1 153953 69601
1 236 74183
1 34442 192785
1 117426 143162
1 58798 119901
1 84792 97110
1 107036 15848
1 10109 199954
1 62279 35737
1 72760 9328
1 116100 73470
1 28859 70460
1 3204 101408
1 121735 33671
1 7699 18727
1 81390 8229
1 105233 102128
1 146415 75558
1 66991 104109
1 91855 36113
1 157421 158013
1 183732 56230
1 79954 50507
1 158791 176724
1 104044 21292
1 75401 182072
1 188810 10548
1 142965 188760
1 179895 31386
1 100887 150624
1 110968 139404
1 138412 144924
1 90824 61588
1 13372 144246
1 85971 177708
1 65396 99057
1 187697 39134
1 152135 118246
1 80229 2528
1 185991 53757
1 142613 103983
1 179903 19759
1 130826 133802
1 173524 175610
1 179819 16049
1 81371 145573
1 31094 86463
1 701 197878
1 39680 131140
1 195210 624
1 198126 166534
1 117786 9490
1 199347 101754
1 91178 53005
1 68492 123934
1 26678 28677
1 90361 45786
1 189778 193739
1 40702 110935
1 153359 77336
1 160025 157279
1 197579 182157
1 79749 139446
1 180568 157802
1 113391 33080
1 26705 87821
1 145784 105332
1 132984 152748
1 164780 6792
1 102676 147157
1 129664 2302
1 48331 193636
1 155090 3302
1 101179 160709
1 182684 179828
1 197278 167468
1 193529 136796
1 103582 172626
1 55837 172588
1 15413 1393
1 129615 12009
1 33929 38787
1 161193 62190
1 192007 29751
1 8338 61249
1 76926 150132
1 118009 154679
1 1918 20817
1 21014 88714
1 182897 76181
1 105629 105208
1 36409 67436
1 66435 194655
1 83852 38122
1 196405 167062
1 193996 143299
1 78230 158350
1 161643 52362
1 125624 192106
1 149437 30826
1 34461 73564
1 119007 175907
1 81391 42305
1 84807 8966
1 84286 26814
1 146924 152882
1 124985 197787
1 101785 47505
1 142063 199328
1 111693 163918
1 68999 144302
1 166422 151960
1 91773 188896
1 99182 61084
1 150174 24034
1 14100 189310
1 64071 114833
1 130159 160282
1 71578 49108
1 96927 24121
1 119681 122874
1 159589 71894
1 183784 2326
1 109942 31954
1 149044 67863
1 48538 170933
1 151561 50219
1 77002 38760
1 135291 176597
1 166730 39983
1 69139 188045
1 141380 1387
1 50694 44120
1 60198 40528
1 23090 4393
1 6397 139363
1 857 49655
1 108499 98615
1 55585 162719
1 4550 71465
1 21836 134524
1 116266 148697
1 9972 180165
1 149472 109866
1 114570 166311
1 107575 147005
1 125775 2467
1 10243 24361
1 109395 47338
1 73213 20351
1 134190 75767
1 90458 3196
1 37052 175148
1 180526 195342
1 15773 144816
1 164931 131276
1 26605 101256
1 172405 73072
1 122623 87285
1 42129 103767
1 89184 140493
1 157998 145788
1 145098 4381
1 67467 161264
1 45158 114302
1 194475 131357
1 65031 183734
1 79405 187644
1 36324 66898
1 109999 184787
1 86420 3969
1 62628 153716
1 98768 170675
1 46836 82355
1 26660 96306
1 137748 111655
1 44022 176768
1 50727 37605
1 164476 80882
1 128980 71096
1 23287 126221
1 97512 179299
1 145269 56479
1 185902 122266
1 168199 6623
1 191053 146302
1 125310 77449
1 174306 160921
1 139756 129139
1 119134 120410
1 193689 155316
1 183009 86354
1 17988 187191
1 140632 150127
1 4764 18203
1 91668 83768
1 185214 19469
1 188460 134025
1 86000 111465
1 61269 81807
1 14109 135502
1 121984 85959
1 82451 52160
1 108659 132659
1 127163 61826
1 184683 50077
1 196504 18676
1 176497 123536
1 74370 142378
1 199931 178068
1 178275 26830
1 79301 25385
1 22642 91576
1 110320 12550
1 109104 4556
1 53211 191123
1 128416 1620
1 153856 4133
1 27787 113566
1 100625 44025
1 139123 53655
1 92628 134708
1 159575 48297
1 102267 108377
1 109479 65042
1 39943 57802
1 65033 142341
1 169759 95043
1 189837 45510
1 72876 148948
1 136492 54017
1 61047 43870
1 88711 98923
1 58822 16913
1 151517 60316
1 18868 140965
1 76941 187243
1 176143 149398
1 191246 132427
1 190007 87076
1 10285 70950
1 98420 124810
1 38534 126968
1 196632 191358
1 40837 41966
1 132374 5737
1 175389 18815
1 55522 17128
1 44041 179658
1 54473 129859
1 4802 40881
1 169811 157165
1 172481 174133
1 153047 94716
1 66999 197651
1 162206 188138
1 78922 195614
1 132411 72268
1 79121 187933
1 109290 93521
1 147538 48359
1 65512 123326
1 34043 46654
1 167570 185577
1 148447 192105
1 108418 39667
1 173362 50773
1 136550 129290
1 124231 59821
1 45601 20254
1 5065 94903
1 11303 55267
1 16759 153586
1 21907 8520
1 174436 154926
1 186508 51958
1 143790 185964
1 121305 47819
1 199998 161590
1 150337 70552
1 163521 48321
1 96615 97241
1 77669 40832
1 130917 85492
1 164439 190027
1 111079 55092
1 127611 127730
1 58186 62727
1 89132 59675
1 70517 140597
1 70453 55971
1 106679 168355
1 15056 95346
1 160098 162440
1 137822 163552
1 119463 52014
1 176295 142920
1 27186 44460
1 95635 146219
1 172873 14690
1 149992 133576
1 183968 151798
1 177094 56185
1 134591 156109
1 65696 114384
1 75479 62541
1 40957 5234
1 97 20433
1 3311 4275
1 31929 92844
1 107090 3891
1 21754 154467
1 140040 168953
1 36507 154661
1 160115 173902
1 101961 44686
1 89715 11291
1 179589 113371
1 74914 123142
1 184127 7727
1 66061 6025
1 192499 137606
1 4212 89941
1 198341 172856
1 77892 185575
1 175832 134705
1 193364 108008
1 189172 6447
1 79197 61001
1 193496 99388
1 48254 136543
1 178269 125614
1 112176 150525
1 96908 141852
1 27590 73488
1 190977 163747
1 109929 114175
1 192769 183001
1 55634 149763
1 44696 180559
1 99847 64324
1 1207 24781
1 88730 178742
1 197389 20041
1 130207 189042
1 183971 124521
1 45100 48920
1 41917 55483
1 132503 7332
1 132271 50162
1 11820 143887
1 177278 105570
1 199725 149993
1 146167 192381
1 94286 120565
1 10004 33936
1 155312 179460
1 187533 48441
1 191965 156117
1 71035 90091
1 180739 97899
1 142452 156068
1 155957 43056
1 119906 170797
1 132128 187402
1 168102 152978
1 89610 123516
1 156780 132260
1 155409 151360
1 73423 8492
1 119713 166049
1 135536 16689
1 108214 197022
1 100498 101229
1 52180 107901
1 70136 55819
1 36100 194605
1 53313 163557
1 193937 198304
1 160132 30715
1 34690 109735
1 135911 14711
1 11545 80078
1 39749 140192
1 173645 97722
1 106305 18268
1 84739 10242
1 74660 138475
1 182163 164171
1 101182 93344
1 94521 82983
1 109435 176610
1 85913 66799
1 65348 55139
1 144632 33246
1 50329 153375
1 177463 66545
1 8876 2264
1 17105 128446
1 169985 5648
1 189208 126801
1 151939 54983
1 29164 196109
1 55145 40822
1 153917 26177
1 56138 122508
1 67586 164746
1 17853 12392
1 35641 182505
1 11765 82711
1 86689 158245
1 125275 100431
1 16757 59810
1 100461 172
1 107562 132802
1 39702 133546
1 133547 33404
1 147727 138531
1 150612 22460
1 175734 10378
1 131757 5947
1 45229 109607
1 51688 82142
1 108533 167893
1 179933 150035
1 93706 4025
1 82309 99114
1 94849 111876
1 50997 79985
1 92640 88940
1 174364 177108
1 13118 140199
1 14910 9204
1 131036 44905
1 195507 49542
1 70467 152990
1 6363 30446
1 188767 98538
1 55459 196572
1 192091 199328
1 60093 66278
1 127613 4545
1 82844 76711
1 159556 89398
1 104174 193815
1 83391 54224
1 52638 118636
1 129969 83839
1 193481 151600
1 174115 10192
1 145280 92387
1 26185 134444
1 766 62356
1 107673 33805
1 99115 1851
1 133479 172674
1 12561 157273
1 9605 193318
1 105822 111315
1 10266 179805
1 193946 28619
1 25794 86544
1 27177 106048
1 104869 88873
1 160516 185192
1 56475 197394
1 95668 46348
1 53375 152170
1 43792 49572
1 61969 26120
1 79288 185267
1 74194 157747
1 154385 47588
1 4379 116834
1 163138 20198
1 56253 91633
1 40815 72453
1 192799 112099
1 17781 150986
1 6612 146719
1 176231 188437
1 3836 97061
1 33863 28920
1 12701 27281
1 112007 29398
1 147458 68882
1 151745 96189
1 43475 122795
1 182644 154688
1 179509 178795
1 131074 120281
1 114341 68713
1 33574 184766
1 166544 181955
1 93818 123073
1 11957 74007
1 33769 168814
1 44286 76354
1 191793 134687
1 72348 189976
1 31260 43427
1 170849 37220
1 109055 26831
1 147874 11234
1 180212 183588
1 191438 79226
1 85012 107747
1 81033 15678
1 160823 35372
1 76172 40550
1 5424 48862
1 156929 161546
1 13123 98219
1 85466 167009
1 158249 24122
1 180786 18937
1 125895 116418
1 131880 153207
1 59114 145188
1 72888 102416
1 3847 30792
1 178331 136647
1 104753 7996
1 89185 115176
1 108762 30858
1 21836 6405
1 154638 33240
1 170159 77296
1 10285 111428
1 168519 110650
1 31849 153088
1 145050 69354
1 37824 101163
1 40462 137408
1 52538 172657
1 19852 177260
1 93862 78309
1 124502 180553
1 113169 105309
1 16421 79455
1 187207 717
1 57607 3480
1 72461 47207
1 125111 45889
1 146143 124274
1 57598 28036
1 93671 149673
1 50121 88357
1 135742 147735
1 105740 48762
1 156455 101296
1 152086 177199
1 79816 89202
1 71158 79226
1 55339 159164
1 105934 105946
1 123253 5295
1 136373 4311
1 69094 171523
1 136913 167989
1 98257 123820
1 125813 111289
1 106396 137326
1 77369 100640
1 104443 192765
1 138520 3932
1 39720 99672
1 167759 120465
1 22759 153895
1 171699 173136
1 109945 131476
1 39955 57363
1 91101 136167
1 53518 7737
1 191758 26405
1 100598 33219
1 159034 125354
1 95654 182927
1 180544 16902
1 85537 199379
1 19949 130709
1 38445 112797
1 70903 133218
1 78638 12490
1 35385 169789
1 104134 138564
1 109361 33882
1 108204 91200
1 11575 31917
1 104203 169079
1 37824 85636
1 163485 2788
1 158803 57253
1 196041 131391
1 198987 135273
1 146490 40440
1 2445 49047
1 138752 131254
1 196874 91268
1 182059 23889
1 14839 174059
1 184934 1102
1 106764 181640
1 10897 133594
1 170811 119802
1 177251 150857
1 64307 153497
1 149055 91920
1 173652 14804
1 131348 154433
1 118004 127759
1 173370 180485
1 116818 123004
1 159819 97055
1 126042 141880
1 192127 197856
1 194905 59497
1 79499 186534
1 83138 116181
1 161979 197081
1 157217 25349
1 142542 14311
1 189726 38363
1 77523 73983
1 136565 151344
1 94273 161164
1 103540 18033
1 130395 193716
1 26102 178299
1 71109 2576
1 86686 9398
1 147681 112301
1 181527 62831
1 179694 25155
1 34698 101882
1 866 5109
1 48992 59846
1 92677 87177
1 31482 176066
1 3089 69289
1 192494 107695
1 126600 73498
1 85827 119814
1 101973 131643
1 169263 130445
1 21478 198145
1 30992 189237
1 44873 99377
1 24873 185590
1 40326 124510
1 4638 25390
1 183036 149669
1 126706 14326
1 160319 79270
1 158463 152454
1 28657 89413
1 77686 24331
1 85407 33889
1 25497 191879
1 137758 3411
1 195063 188521
1 111143 8809
1 99046 12077
1 52207 4452
1 155142 156469
1 130379 176112
1 85044 84841
1 177795 102562
1 37581 113292
1 46708 53368
1 27941 167328
1 71020 68300
1 73223 123579
1 198592 144794
1 163566 181994
1 31920 95219
1 90628 92167
1 178111 93569
1 25306 148886
1 41676 122493
1 143143 156261
1 17653 38446
1 32325 95971
1 46638 181925
1 130026 85504
1 192605 49333
1 165667 38983
1 105977 47158
1 59543 147128
1 116578 92285
1 55609 14185
1 90627 174357
1 6350 142751
1 78118 8833
1 35297 34857
1 177047 126070
1 59780 152380
1 99517 59731
1 114825 63381
1 44598 67427
1 85952 17611
1 191217 71894
1 10419 82099
1 113872 63163
1 113439 192889
1 189438 16897
1 125364 169788
1 65101 29103
1 154319 100458
1 50261 29217
1 178550 24797
1 19529 127493
1 124053 27317
1 154075 177814
1 74104 83830
1 25297 167191
1 193161 91172
1 164904 5587
1 1163 89757
1 143593 16531
1 40790 99062
1 141323 98912
1 54933 180314
1 91272 54714
1 117245 115039
1 178755 178649
1 193680 4074
1 120281 24611
1 31762 51269
1 138693 149102
1 112970 19390
1 170489 83256
1 51771 68099
1 111291 80803
1 105444 183291
1 70141 52917
1 12278 169064
1 179969 69648
1 166741 39035
1 54316 43502
1 37010 67318
1 149352 32608
1 136998 143624
1 2175 108744
1 28914 88422
1 119989 190740
1 98678 36070
1 94758 381
1 74767 20960
1 118049 73728
1 86774 75720
1 157892 134427
1 53749 73606
1 155864 198282
1 159916 29463
1 119535 185091
1 83972 184232
1 150588 49968
1 160818 57328
1 140467 110700
1 195310 88399
1 72290 79936
1 79797 119525
1 30671 154207
1 167037 10740
1 4370 93216
1 189816 157305
1 81652 134203
1 96077 88136
1 107145 117510
1 128401 87143
1 64331 89265
1 98188 100716
1 46456 33023
1 164906 154586
1 151214 153926
1 138239 35768
1 176580 12330
1 71039 61683
1 64108 45334
1 39741 132726
1 30406 187772
1 122980 33224
1 82887 86798
1 14260 18918
1 67787 19068
1 73534 181345
1 83127 73839
1 69793 12154
1 110355 77254
1 11270 100540
1 161447 96592
1 124698 57306
1 52948 55882
1 145292 9737
1 108661 45850
1 73863 74463
1 179254 145548
1 166768 5292
1 126516 63052
1 197474 18777
1 149398 148067
1 47529 53696
1 116396 17846
1 40061 123787
1 182662 83325
1 7360 48336
1 158166 88192
1 105402 48939
1 18633 162455
1 67540 138974
1 22115 145955
1 100562 91238
1 183513 142407
1 189141 56286
1 134580 121708
1 54097 172568
1 91427 130613
1 73291 141177
1 40032 30014
1 189846 82326
1 68744 174491
1 84367 44749
1 97716 87823
1 46870 26406
1 54300 27659
1 25422 115178
1 116589 184424
1 182487 78275
1 99240 190183
1 150155 119701
1 69885 153255
1 83831 178139
1 68329 83304
1 36124 178758
1 175054 1471
1 67557 54803
1 23185 106649
1 5546 72299
1 111736 134261
1 196517 47040
1 93379 51164
1 105779 176549
1 180107 61986
1 185102 173294
1 20698 8802
1 186826 33993
1 164362 2358
1 40526 73627
1 191649 89269
1 60115 41950
1 160235 42929
1 197410 48507
1 26457 194608
1 50186 193507
1 53466 91881
1 26912 143155
1 125944 155586
1 11963 190984
1 8949 4873
1 158191 7648
1 170087 168753
1 112713 188466
1 73360 22415
1 79116 181583
1 183553 94228
1 148458 37626
1 58545 197195
1 182917 157252
1 77273 129110
1 65191 37868
1 186963 146661
1 14143 197622
1 191218 76791
1 20830 970
1 60388 113877
1 171826 26896
1 165895 178764
1 174722 113929
1 79241 138026
1 77418 104880
1 114691 98620
1 128855 83153
1 134807 172486
1 88390 55209
1 182664 168451
1 187257 173375
1 192089 153823
1 47354 196290
1 85162 126386
1 88468 125092
1 158224 65726
1 2638 129142
1 171891 122859
1 96811 119301
1 72684 186049
1 14943 136692
1 87838 10215
1 134739 110939
1 115925 44058
1 60892 46367
1 120478 170993
1 67575 113362
1 182695 178512
1 187912 177230
1 195863 42410
1 52884 171725
1 104751 43771
1 30653 16715
1 57058 65093
1 16061 1118
1 15025 150410
1 33253 195541
1 68747 122635
1 147670 96592
1 32036 143935
1 48896 35104
1 45716 130774
1 21979 129503
1 116786 139888
1 187491 166802
1 33201 130200
1 110168 51517
1 132219 179078
1 135989 29830
1 196300 87828
1 118575 175181
1 131281 84799
1 199986 109002
1 65153 41121
1 24728 160169
1 58107 171117
1 20010 42915
1 106529 24556
1 145627 54558
1 25396 86774
1 71297 132422
1 126193 157236
1 108822 187308
1 84971 128533
1 121583 37087
1 129514 132430
1 182395 161801
1 40707 128854
1 10943 128396
1 104376 122721
1 37904 144541
1 3602 104476
1 129234 189344
1 177213 92393
1 20592 161733
1 13348 115356
1 115611 181731
1 42574 105462
1 5831 195411
1 161656 57697
1 22754 91727
1 174131 175788
1 48855 136138
1 42623 73736
1 165252 18
1 62057 132098
1 149560 167012
1 198818 52355
1 120560 57488
1 8033 53254
1 113361 28366
1 121275 100056
1 31593 117536
1 157952 194773
1 119522 104617
1 128408 51617
1 51720 15948
1 52127 180901
1 23805 47433
1 59390 6988
1 109561 94612
1 154186 112574
1 4614 149943
1 98466 199579
1 135611 178666
1 154820 65146
1 79736 40113
1 107759 13347
1 161059 80757
1 99903 198411
1 129057 16678
1 95685 133199
1 88983 171409
1 23462 17331
1 22947 168317
1 164215 20572
1 80853 132875
1 64214 42123
1 119219 118797
1 176650 99676
1 26860 82215
1 162078 110271
1 194075 47076
1 107066 9589
1 101376 41051
1 156228 10766
1 50682 181827
1 20471 127521
1 8969 147219
1 42497 34892
1 37441 66782
1 56802 85742
1 3154 141614
1 171010 91362
1 192887 105823
1 185747 176958
1 39739 146493
1 23015 136971
1 117556 111201
1 94164 5190
1 103161 13961
1 13702 199767
1 53607 16567
1 140068 73744
1 95635 85324
1 55975 135210
1 41489 53541
1 115319 172347
1 139750 163381
1 26504 30651
1 45385 98467
1 177587 148536
1 168288 96870
1 88728 140119
1 152697 69023
1 125876 33741
1 104902 155447
1 47742 193310
1 28446 38138
1 129351 102100
1 78704 197491
1 100753 96899
1 191882 30664
1 133103 72635
1 103882 47832
1 98079 9614
1 36259 27475
1 12197 179972
1 95059 163482
1 2728 83547
1 137699 94999
1 19026 118468
1 178911 89182
1 169442 151770
1 19479 148677
1 130197 102693
1 92567 84353
1 98486 115792
1 83107 70338
1 86273 185318
1 192950 77648
1 60799 119442
1 92347 12390
1 27102 87896
1 184459 118351
1 175696 70223
1 102697 19904
1 148006 124193
1 10428 41077
1 88941 177093
1 80012 36047
1 156232 8699
1 145791 56620
1 14670 105800
1 193301 74376
1 168358 19828
1 184417 74836
1 187105 105153
1 45258 186389
1 152024 150189
1 54530 79615
1 126087 167082
1 61957 143890
1 65513 181789
1 53844 35508
1 67668 85717
1 164659 162896
1 131926 118669
1 188194 46062
1 142865 144293
1 169688 101140
1 81685 192668
1 175493 122524
1 174268 176849
1 136264 145111
1 94794 172027
1 143214 9697
1 41669 157030
1 14573 132293
1 105681 172528
1 142497 131476
1 64849 109507
1 162182 12096
1 58618 190292
1 180918 139455
1 193144 22557
1 53795 121437
1 119814 112279
1 4120 27425
1 100296 173243
1 46444 71972
1 58221 133561
1 21768 133678
1 177730 109113
1 25306 69906
1 158937 142353
1 137753 63948
1 92379 5831
1 110203 167704
1 30185 146440
1 57075 118933
1 73722 30377
1 64368 181468
1 156849 98781
1 197523 45466
1 105854 94455
1 190064 28853
1 88311 60769
1 108423 59357
1 94839 167516
1 196356 34736
1 32310 24058
1 185013 9620
1 144234 65369
1 68235 65296
1 110621 13537
1 103763 107178
1 163664 60033
1 101301 112007
1 77839 198310
1 116782 159744
1 12437 10172
1 128714 47296
1 135714 173993
1 158117 155558
1 58011 6791
1 81443 180504
1 41762 194721
1 59437 100580
1 190838 36336
1 158637 153630
1 50701 75031
1 71117 125238
1 181360 190749
1 135787 141400
1 64663 180521
1 128032 146633
1 129669 165060
1 73587 67135
1 147494 171146
1 62232 73665
1 169510 161073
1 163246 185664
1 53076 163135
1 50744 81141
1 58680 68102
1 46555 128764
1 104306 46241
1 104792 104111
1 99092 137012
1 76746 144007
1 67073 189024
1 164963 195567
1 125511 49669
1 175651 118314
1 81657 149308
1 108570 194151
1 161809 114260
1 120991 177378
1 196933 172620
1 100304 199870
1 149992 172945
1 48331 94945
1 25283 26489
1 196269 35855
1 69684 182783
1 15882 87946
1 77766 151873
1 24941 164393
1 100306 132920
1 104914 196088
1 197717 125815
1 22817 22927
1 98643 132006
1 105196 35382
1 116716 72447
1 40811 147256
1 94716 58442
1 124598 182661
1 174520 62421
1 191876 10190
1 42246 151991
1 118371 177819
1 129309 147589
1 11063 89904
1 734 166293
1 23799 6305
1 197042 162610
1 152421 112178
1 72868 129952
1 67662 25266
1 1601 82514
1 126082 135577
1 130798 26216
1 99796 39009
1 49161 134894
1 106645 55650
1 116356 89490
1 94476 185202
1 48382 132836
1 24441 76667
1 154403 90963
1 38668 29
1 3142 34855
1 69792 136262
1 131325 54458
1 26365 720
1 176572 36219
1 130893 124956
1 65781 90405
1 174877 80364
1 106927 3772
1 56215 169477
1 164901 39560
1 132862 20997
1 122274 92118
1 9835 96642
1 98778 86636
1 145607 88101
1 19339 43980
1 103177 196997
1 125269 27372
1 64624 74632
1 116886 161843
1 158339 190902
1 188234 89207
1 153352 174238
1 21217 84790
1 20611 126894
1 14434 103891
1 165105 99918
1 127552 161426
1 196677 152702
1 178746 142614
1 192417 79472
1 60793 31066
1 186071 34919
1 110116 77549
1 191265 124816
1 22854 66482
1 110238 12833
1 138340 63191
1 159823 98352
1 14936 91669
1 66322 11606
1 163378 74153
1 174877 33028
1 142864 75410
1 166398 196966
1 65788 178058
1 168850 69942
1 100550 77832
1 45891 67234
1 139299 75958
1 142214 71202
1 9221 61296
1 91924 127572
1 158267 47101
1 87144 24793
1 198794 130386
1 82682 3060
1 17869 156611
1 12666 94432
1 152459 27660
1 135567 81138
1 36887 97024
1 198289 177584
1 1324 142224
1 83909 34608
1 37384 164159
1 147672 32629
1 35785 84452
1 167390 18375
1 43783 128417
1 118092 187601
1 63730 139939
1 29683 5504
1 172076 140121
1 93119 167257
1 133416 3449
1 18288 165594
1 157059 195504
1 188184 124949
1 94370 88232
1 129044 101641
1 77326 184640
1 10063 37378
1 8972 124872
1 194932 68339
1 187777 87099
1 124851 30225
1 28165 181888
1 140343 112050
1 8197 9251
1 116454 107687
1 136287 55056
1 127257 136279
1 181368 61649
1 161053 171357
1 16673 77514
1 126826 95523
1 60522 93553
1 109730 199296
1 33862 74706
1 176718 120078
1 146784 187906
1 105172 65552
1 117949 72995
1 87612 199427
1 130771 54873
1 21669 155331
1 77032 184395
1 163138 138592
1 198383 143133
1 24601 112449
1 117535 69804
1 160189 189304
1 160278 66826
1 96907 124391
1 100909 173179
1 85411 77651
1 45660 14192
1 145129 139846
1 57488 100994
1 35324 65066
1 63371 29874
1 125044 102307
1 89660 42272
1 127714 48941
1 112031 166474
1 14148 142199
1 71703 88518
1 182598 30272
1 192969 84162
1 104576 172079
1 28027 161339
1 137965 85047
1 21038 64507
1 137064 57964
1 112697 147607
1 86061 17568
1 140071 175528
1 176269 156353
1 193938 172552
1 155378 95607
1 155200 92689
1 181653 166586
1 30846 178386
1 167485 73713
1 112891 67410
1 29242 196625
1 66663 6665
1 134242 33908
1 166605 69084
1 160074 108920
1 59245 16216
1 70663 125979
1 83550 183473
1 62247 156885
1 63138 82107
1 168938 143733
1 172235 121514
1 19846 169471
1 169358 28550
1 69850 198021
1 163429 128434
1 14705 152836
1 72298 159391
1 29755 162561
1 89713 52362
1 111495 67877
1 24230 165822
1 20100 10709
1 424 46150
1 81273 32598
1 139557 153521
1 59138 94112
1 119159 20620
1 45261 180032
1 94910 177564
1 125141 65459
1 123134 113498
1 87837 184256
1 71099 86003
1 185263 90903
1 50771 116479
1 15127 165928
1 18139 180864
1 67291 97030
1 107838 187678
1 71100 14076
1 33042 86434
1 124338 43630
1 178172 144753
1 71139 124788
1 9670 177226
1 175973 162228
1 168958 12162
1 149110 147070
1 7058 132414
1 6520 151469
1 198826 163633
1 159089 38587
1 81861 112344
1 145091 18724
1 34007 182579
1 61672 23871
1 43106 35525
1 173233 55897
1 182867 71759
1 97152 138772
2 168919
3
