200000
1 95357 143108
2 54822
1 187016 104376
1 167805 46381
1 160082 76238
1 20457 153749
2 115478
1 55441 134762
1 194544 24235
1 123653 173453
1 160064 52819
1 10187 191125
1 66782 112416
1 4975 66485
1 55388 168007
1 101848 69261
2 166860
1 71869 152292
1 97977 188350
1 88301 173698
1 39514 19387
1 97117 50132
1 109153 154370
1 76052 116357
1 194422 140738
1 130976 15271
2 27738
1 37238 79568
1 65549 8520
1 45356 169775
1 57308 122445
1 57815 114114
1 4711 131812
2 44987
1 179607 149620
1 141279 137052
1 155665 54154
1 54060 106136
1 32774 132405
1 68818 158404
1 126826 133437
1 71996 97099
1 115322 184291
1 110239 122755
1 96792 137117
1 40956 38545
1 187937 86162
1 24857 160511
2 113424
1 132 5948
1 181580 187287
1 66163 61225
1 24269 138748
1 2053 29853
1 163268 125809
1 36920 65354
1 37550 143672
1 72389 124947
1 182862 110966
2 15940
1 190386 152996
1 7036 189570
1 4935 72626
1 164623 31072
1 109048 109807
1 148118 34223
1 33115 104972
1 39306 72330
1 126856 199142
2 187879
1 173254 159731
1 177488 34029
1 135201 25284
1 40743 14424
1 75202 3960
2 193937
1 194300 16917
1 97810 90049
1 22497 57294
1 100194 150315
1 76547 179238
1 78999 139741
1 14492 39256
1 39483 103389
1 104466 91931
1 172263 72899
1 88146 12705
1 96194 95640
2 154219
1 139678 62204
1 8044 80237
1 123616 19978
1 122081 7618
1 46104 103971
1 74058 15565
1 71945 166332
1 149821 31169
1 176570 170688
1 33244 163908
1 169752 198930
2 91283
1 60915 98510
1 186767 99155
1 126116 175971
1 189955 88528
1 34447 63636
1 56842 162745
1 5444 5939
2 109961
1 131406 170339
2 176271
1 176681 167805
1 94531 145911
1 43614 38802
1 95988 175777
1 13459 168541
1 112006 190345
1 189871 48471
1 97167 185725
1 191163 53888
1 178271 35223
1 100966 6716
1 121759 131836
1 152825 19503
2 166569
1 44118 25175
1 7638 109095
2 51347
1 67177 65573
1 78925 198742
1 90927 3130
1 29939 109900
1 111777 83390
1 152216 190649
1 96963 179640
1 93506 153106
1 120255 143494
1 156455 45024
2 133443
1 51382 11428
1 118690 4445
1 195386 35773
1 62903 193172
1 11274 68887
1 101743 86089
1 82820 34484
1 144333 173263
1 190512 186414
1 123908 103176
1 61975 30006
1 82413 82369
1 178915 150030
1 103878 102735
1 141624 85252
2 117362
1 153883 71186
1 150384 148781
1 182442 156063
1 175848 2896
2 113007
1 170852 63246
1 110486 5950
1 81701 132264
1 197867 32469
1 155722 72694
1 88072 156494
1 132316 126609
1 142984 6692
1 136152 36739
1 113127 31274
1 26215 61222
1 101288 71433
1 105050 145280
1 155180 100666
1 88168 4509
1 112656 182852
1 142059 70190
1 186247 141815
2 103192
1 100888 139833
1 50285 132990
1 47724 192091
1 53477 65923
1 108414 31504
1 142768 87642
1 120641 28159
1 31877 185608
1 148105 155125
1 132277 179543
1 121033 8509
1 19011 109019
1 96716 79230
1 174337 64741
1 74161 176853
1 12203 166149
1 101355 2355
1 35784 54596
1 28793 74617
1 43199 154464
1 31650 123153
1 41080 150794
2 3636
1 113938 49268
1 120597 109245
2 172053
1 81698 16786
1 7285 81774
1 142914 128825
1 178241 22871
1 35978 172877
2 48375
1 15446 106019
1 199677 181328
1 62444 175442
1 41163 50584
1 11825 72494
1 141602 38852
1 61878 118369
1 132074 191057
2 53896
1 179664 81068
1 49891 12042
1 79877 197772
2 28162
1 81109 140431
1 6226 86597
1 102737 89659
1 111269 116716
1 85868 135543
1 89673 161816
1 152161 39018
1 187570 8527
1 198948 41493
1 6304 85106
1 76375 99115
1 126842 198077
2 182541
1 170573 19689
2 88131
1 88650 71112
1 135965 73121
1 48694 112648
1 88002 53476
1 188425 93882
1 63079 98855
1 81050 66110
1 171210 19948
1 135708 160930
1 107498 69818
1 12601 128602
1 177538 118902
1 187757 182531
1 152008 132992
1 82725 11929
1 37030 59153
1 94744 24566
1 145782 30034
1 50597 35406
1 3460 176127
1 23470 80103
1 27199 140669
1 160564 39325
2 81025
1 41953 156596
1 1781 193088
1 151590 82305
1 12405 182356
1 84736 31395
1 3237 748
1 67123 129007
1 113989 31755
1 146286 45543
1 158770 24199
1 24963 76692
2 175043
1 197076 154025
1 151228 24809
1 26173 116527
1 88410 89990
1 121325 107971
1 98479 106894
1 163072 1379
1 125477 30493
1 25263 179938
1 56523 42904
1 114157 130335
1 47826 69062
1 113032 42176
1 158344 12017
1 198462 76341
1 99923 103225
1 82332 176235
2 193329
1 107878 40605
1 189035 32431
1 136088 31938
1 10547 1319
1 95229 77422
1 146654 180350
1 52382 154564
1 27976 154973
1 55773 23620
1 156186 65711
1 117620 77794
2 96682
1 44134 154924
1 174955 70292
1 25428 109917
1 144937 191321
1 4460 118501
1 153520 139767
1 87845 181098
1 140832 88074
2 136391
1 173635 113773
1 40643 50561
1 73505 6811
1 90947 136845
1 78160 95871
1 72854 190407
1 28849 20469
1 21889 109834
1 88278 128668
1 30685 2700
2 28835
1 47627 90586
1 158752 69475
1 155099 55228
1 2272 142381
1 70951 175695
1 21125 183480
1 43053 88494
1 140174 79099
1 154906 40052
1 166610 29641
1 46062 135489
1 8701 93100
1 88465 199600
1 113357 768
1 177205 117782
1 73997 73681
1 134509 3647
1 29968 43256
1 75020 136676
1 6129 77683
2 142465
2 2792
1 15236 118549
1 39733 49802
1 20556 179536
1 126057 129123
1 50152 199095
1 143526 139556
1 163019 92892
2 86945
1 162296 175836
1 136814 160745
1 187978 135506
1 150901 21091
1 149293 82766
1 100164 168452
1 136918 145721
1 183249 132111
1 148056 143647
1 171885 121745
2 21158
1 11740 116506
2 60463
1 172452 6832
2 21758
1 121765 123782
1 81118 105611
1 57897 83428
1 127671 183884
1 138196 30814
1 175070 64575
1 161263 47006
1 183034 42130
1 160071 72504
1 127310 117988
2 137386
1 58205 100243
1 66169 119588
1 158272 83415
2 139867
1 137589 10951
1 86657 63263
1 12054 193719
1 184744 198087
1 82447 19993
1 131128 41715
2 90475
2 38109
1 14135 132366
1 82779 99238
1 126397 46908
1 167748 90480
1 66333 30583
1 61801 82142
1 52026 134565
1 182194 37767
1 114400 59269
1 163699 12754
1 27291 123949
1 117483 175440
1 44763 27968
1 112125 64602
1 117126 180339
2 12462
2 130942
1 64513 128777
1 97793 94427
1 116204 25918
2 192559
1 34728 194742
1 142916 53957
1 53901 172703
1 110699 123938
1 149684 139936
1 170605 66905
1 178743 191976
2 121797
1 182806 110828
1 368 167726
1 84363 59590
1 31981 107367
1 160529 15086
1 85268 19181
1 185414 131234
1 44406 198325
1 21269 21070
1 93766 56296
1 63409 28585
1 17719 47330
1 78996 61457
1 165080 36141
1 17786 137194
1 108783 164219
1 35416 98996
1 48917 155042
1 150882 94443
1 38162 99675
1 69308 26980
1 123257 75645
1 136384 188582
1 95302 125942
1 119153 135622
1 12981 173643
1 161853 23366
1 12006 81873
1 96697 118831
1 17071 143915
1 31512 95980
1 7424 35206
1 6892 139114
1 48510 39058
1 49889 172782
1 45913 17154
1 34551 44727
1 44271 198279
2 174016
1 51796 75238
1 198413 192474
1 47061 90117
1 34387 59182
1 89 97939
1 194921 182952
1 10566 41394
1 93723 82168
1 166169 32126
1 54436 189642
1 13857 48545
1 57924 120706
1 48759 51770
1 93792 16826
2 149247
1 138754 132890
1 125863 78052
1 61220 50226
1 22029 59728
1 146801 16860
1 112804 63210
2 81266
1 170268 118922
2 112731
1 98299 184468
1 48932 19359
1 5548 192745
1 190178 93625
1 22176 118523
1 6082 150957
1 170307 24829
1 84771 169199
1 195428 21365
1 73672 16567
1 127435 30967
2 134229
1 139619 45208
1 86613 81037
1 92949 162525
1 133560 70091
1 71879 180413
1 92543 58879
1 153811 94214
1 85842 87082
1 161273 199755
1 112535 7003
1 38936 47942
1 112264 90283
1 165807 155693
1 597 86711
1 101525 83795
2 82301
1 145502 129845
1 63693 105000
1 60863 180687
1 70511 120967
1 124093 74221
1 98524 148015
1 178864 39330
1 184717 83698
1 197025 95240
1 21015 103231
1 106859 194426
1 4386 162428
1 134165 194576
1 112358 118434
1 41002 38746
1 3627 57624
1 56346 169824
1 42817 148115
1 161174 166104
1 111294 158830
1 119078 167719
1 144312 59461
1 152910 47709
1 188674 191191
1 92322 91563
1 70379 117212
1 48742 30631
1 153972 83620
2 102633
1 177241 175248
1 61593 133156
1 166089 62754
1 158295 131598
1 109304 132338
1 29778 176706
1 57685 29105
1 164565 65557
1 3714 108783
1 180253 187121
1 45099 112729
1 119962 119222
1 166304 88247
1 54314 109266
1 167866 27685
1 142481 30815
1 60524 142738
1 98748 89278
1 35880 61558
1 79927 80689
1 78453 24472
1 111789 189181
1 115214 53824
1 23583 151552
1 62910 110456
1 102951 100496
1 123577 139273
1 121517 88854
1 107645 5940
1 75242 51178
1 197610 199023
1 146653 7023
1 101918 104034
2 100747
1 174336 83541
1 90969 3515
1 43549 75583
1 34783 70129
1 9466 192291
1 135204 168682
1 67467 145588
1 10278 34584
1 29451 145138
1 104798 91167
1 186683 117251
1 7845 162576
1 69151 68369
1 42694 70693
1 4790 110374
1 22500 36861
1 120633 123527
1 166222 10841
1 18070 44174
1 77344 73047
2 24494
1 182225 153244
1 97519 105229
1 36964 194826
1 12324 121513
1 47384 147405
1 197463 139358
1 139553 117639
1 135991 98279
1 88298 115247
1 187769 98784
1 37838 167728
1 69502 7931
1 72663 123909
1 122086 159040
1 50806 143890
1 198132 166729
1 184067 160005
1 59107 169021
1 145462 182445
1 199880 182092
1 74150 94491
1 115433 198252
1 49345 20087
1 82013 73682
1 36491 6565
1 128612 149940
2 198939
1 133550 186185
1 49498 143699
1 167815 29622
1 168088 163999
1 124969 174360
1 85877 35249
1 147072 127732
2 147492
1 183112 112524
1 65964 179202
1 156990 76958
1 137502 20724
1 52780 146070
1 54104 101059
1 34847 80603
1 8809 15348
1 15316 83100
1 102776 71852
1 2202 56133
1 181378 150851
1 59627 32580
1 32467 91814
1 189959 56190
1 161286 142067
1 95826 35212
1 179777 57999
1 64688 28347
1 167275 138379
1 55647 26627
1 15345 62327
1 120149 143815
1 13497 81542
1 124890 119693
1 100772 167971
1 35304 99967
1 67338 35539
1 199233 132898
1 52914 147148
1 10448 16917
1 57744 197716
1 95428 114445
1 172290 39582
1 41512 16015
1 196237 89762
1 46599 164271
1 38100 63355
1 159295 2183
1 196954 128645
1 13988 30907
1 121209 142775
1 27800 184491
1 52387 135551
1 106345 52089
1 78552 186332
1 21418 33405
1 55271 134784
1 86036 36742
1 99881 182054
2 103391
1 144272 125882
1 158679 69532
1 104844 89723
1 111726 28374
1 69438 54661
2 66001
1 65756 6681
1 76129 42188
1 148547 177457
1 70911 170675
2 55170
1 111676 171344
1 54796 133678
1 2948 42414
1 93948 145710
1 83116 67167
1 127372 191164
1 16108 139312
1 171799 122079
1 71708 125968
1 134609 173543
1 13746 8176
2 18786
1 192686 122558
1 84933 90304
1 38934 174243
1 122700 88716
1 148715 86168
1 185536 95278
1 11496 68639
1 104182 82483
1 98331 46724
1 98143 17767
1 45768 134425
1 169287 113199
1 58113 78896
1 126094 109609
1 29571 160025
1 85925 95046
1 59475 95005
1 143820 27879
1 115034 57019
1 95754 76343
1 41725 58530
1 33453 32457
1 70209 147439
1 74628 18802
1 65950 4137
1 31258 101096
1 125601 23289
1 67956 175004
1 197447 45230
1 149710 29141
1 155032 24177
1 74321 89166
1 99713 179141
1 185240 10897
1 123381 112003
1 74853 106260
1 102982 122835
1 2526 148692
1 85695 150190
1 54476 39984
1 62340 10130
1 106390 111752
1 187629 133126
1 40122 93462
1 161888 74896
1 146893 157261
1 143405 136564
1 134836 183664
1 63023 133614
1 145635 86133
1 129440 115506
2 111252
1 103032 23420
1 105760 116682
1 128617 137306
2 99870
1 117029 3085
1 109049 28370
1 191166 137479
1 31287 188593
2 148182
1 123906 195788
2 30149
1 174271 114236
1 89104 112582
1 91764 148117
2 17369
1 19083 173217
2 145794
2 190289
1 82307 64857
1 171660 79787
1 123277 79627
1 157087 139758
1 150380 199518
1 23178 130037
1 153530 19199
1 123946 135473
1 35137 97768
1 6690 144684
1 195378 170813
1 47156 23423
1 104612 176491
1 190939 36241
1 68369 27139
1 38763 135698
1 3662 147220
1 140012 80759
1 182603 151881
1 171635 119415
1 128779 93954
1 111747 104070
1 82149 37685
2 163683
1 161990 118331
1 72822 164416
1 66607 173817
1 147878 164166
1 7916 134096
1 88734 78905
1 32878 17588
1 8416 134106
1 115604 135828
1 160316 101687
1 136067 109465
1 33234 56210
1 144897 16098
1 195337 1205
1 100950 86014
1 115087 42645
1 117413 158378
1 93202 182694
1 126088 127180
1 17919 170814
1 20268 173424
2 71995
1 149910 170156
1 45508 185951
2 102466
1 58956 194054
1 199653 162867
1 33137 123917
1 90674 145938
1 7913 148814
1 142617 48903
1 49406 139091
1 112375 14325
1 71880 125973
1 183179 180848
1 106149 123221
1 128981 130818
1 50364 108032
1 147119 63965
1 166322 79044
1 93547 64226
1 16109 120172
1 137391 8594
1 76809 197443
1 80397 91539
1 44183 121959
1 19430 113127
1 95133 100203
1 174977 125992
1 57675 183283
1 136487 106823
1 134266 151691
1 106626 122566
2 171179
1 53685 79798
1 150613 90558
2 32532
1 124326 112227
1 119121 157194
1 183998 80457
1 30182 81734
1 171160 48238
1 118380 188508
1 155792 105495
1 175743 29129
1 50748 7237
1 44332 142826
1 20709 37070
1 63818 152759
1 161992 1727
1 69016 30148
1 95630 20849
1 157016 178042
2 139463
2 173773
1 54162 84980
1 181302 185627
1 164243 162706
1 60295 180428
1 173324 18269
2 8457
1 77125 162645
2 174632
2 121763
1 111426 112294
1 42377 108284
1 154728 38143
1 24732 79766
1 139476 46900
1 151687 145541
1 8136 27091
2 180123
1 161973 166072
2 123608
1 103557 94100
1 111276 118601
1 163650 112474
1 97718 92832
2 2403
1 177155 155906
1 8532 164136
1 149685 114424
1 3976 114520
1 106554 80255
1 1036 134976
1 71516 97882
1 81040 101297
1 94710 184643
2 38381
1 86500 95478
1 34551 89858
2 39119
1 91360 51173
1 57408 74292
1 32024 17398
1 97773 132045
1 132701 163308
1 74098 197540
1 58017 49119
1 151568 94767
1 183861 102137
1 159087 50154
1 142246 149745
1 135703 149558
1 49496 169480
1 23471 40050
1 135392 116033
1 42805 5208
1 4518 74597
1 29437 41882
1 73660 193014
1 76846 194941
1 134073 90803
2 16250
1 48587 95066
1 41586 50782
2 3045
1 32551 195975
1 38603 79927
1 85908 105817
1 51129 190545
1 27596 84628
1 132694 68757
1 127728 66991
1 187942 166896
1 68543 57473
1 114756 31837
1 190041 104034
2 65345
2 184973
1 113731 171384
1 142622 50586
2 16654
2 184888
1 105445 26924
1 26104 162125
1 144270 139412
1 91573 170348
2 112142
1 102554 114441
1 54118 87118
1 150998 46695
1 52138 165066
2 153438
2 124779
1 148583 71253
2 90613
2 154373
1 180067 66066
1 30184 123180
1 167615 119054
1 6407 89271
1 186624 176431
1 172007 116245
1 130858 35210
1 109254 193419
2 71083
1 31577 61569
1 136402 192024
1 136422 112689
1 133080 198820
1 2341 155462
1 94815 53922
2 101866
1 32751 161982
1 42751 127478
1 118701 151632
1 32875 101107
1 183611 88782
1 96200 77360
1 73346 86252
1 61526 148062
2 108768
1 81718 29154
1 199800 73702
1 95554 23389
1 29663 121104
2 65439
2 43538
1 16644 19192
1 96922 133111
1 70221 53771
1 67905 69926
1 14169 188982
1 174172 97412
1 128368 185180
1 5508 27194
1 82231 65786
1 186981 169459
1 75941 115464
1 56596 184278
1 91460 63117
1 197421 1925
1 148779 41282
1 198065 88727
1 165562 151018
1 182943 28562
1 83991 166513
1 85777 181419
1 57767 30084
1 70809 72897
1 105168 113584
1 9692 18775
1 120749 55230
1 184494 183890
1 66834 126990
1 177775 77619
1 51457 188403
1 3621 5270
1 172269 69390
1 36635 187051
1 134510 99950
1 162170 41204
1 162308 90022
1 64806 65534
1 90257 624
1 121242 80356
1 90705 21954
1 129991 130433
1 175068 146735
1 91177 197685
1 3230 142913
1 190891 26779
1 167829 169812
1 27966 80072
1 110732 91253
1 137845 78279
1 161942 55867
1 60579 13652
1 132302 92260
1 52856 72087
1 59341 106420
1 130904 127011
1 151404 116555
1 38013 157678
1 184700 9286
1 157071 100562
1 8642 12120
1 26369 5891
1 36600 192809
1 47 114899
1 56257 24110
1 72886 124004
1 76139 88201
1 43091 168684
1 172843 123875
1 57023 48814
1 8532 162760
1 148106 68855
1 176793 128258
1 27382 119319
1 87748 16378
1 19671 120802
1 131830 198348
1 97768 51942
1 76001 173608
1 89904 105326
1 67267 107249
1 45846 90999
1 68325 177808
1 106049 41010
1 199828 6553
1 100532 12539
1 137374 71394
1 78184 84952
1 39375 28768
1 88171 197684
1 140717 75587
1 78713 96860
1 190322 34323
1 25369 186235
1 46985 116428
1 49914 194386
1 80780 178615
1 85901 120763
1 181244 138057
1 42469 163295
1 96896 122176
1 157326 170165
1 179106 166908
1 21099 123773
1 50888 68444
1 184147 157053
1 68399 4570
1 176749 167994
1 32814 131047
1 3018 90169
1 168232 44938
1 28931 89911
1 1362 146166
1 90900 117543
1 97255 35051
1 115512 28587
1 135721 108880
1 164293 81045
1 111322 108621
1 18890 126432
1 13690 44974
1 108391 10793
1 11330 65141
1 20396 198578
1 41825 146496
1 134645 150553
1 186614 69212
1 38341 122069
1 140366 79593
1 140514 43762
1 109087 83439
1 50097 154254
1 80517 123839
1 74706 4948
1 14076 131150
1 166461 152055
1 94238 96270
1 136989 15473
1 155742 24462
1 31405 155261
1 132932 128597
1 75986 51795
1 109227 44537
1 188792 161188
1 5944 190149
1 117552 187989
1 54813 109196
1 57096 100992
1 4429 101255
1 151148 135783
1 116225 77686
1 146941 128187
1 90732 54837
1 117296 31245
1 29306 185117
1 189801 151443
1 104655 179806
1 158103 126367
1 151614 137114
1 163155 166683
1 184712 161668
1 52084 76936
1 145878 176890
1 106486 166072
1 141753 188639
1 120779 45897
1 62369 198013
1 190913 31012
1 92443 152858
1 158741 140981
1 189008 133785
1 60566 166892
1 34810 176659
1 29758 119221
1 10856 93366
1 112014 14963
1 102005 64413
1 57896 83651
1 140613 123953
1 58994 99183
1 77313 157632
1 85224 177585
1 93140 174235
1 109697 86569
1 184037 49589
1 174150 78369
1 45718 178810
1 15406 15232
1 158717 194285
1 10815 116684
1 43490 130309
1 100833 108005
1 83641 189449
1 15556 62398
1 161697 145642
1 82804 141853
1 80989 153825
1 139514 120918
1 76753 28809
1 122869 56644
1 195072 35391
1 97274 122184
1 189573 32696
1 18345 134790
1 16015 52643
1 146192 349
1 64353 67519
1 57349 31590
1 117386 27327
1 42686 160752
1 198177 64540
1 137268 124602
1 46148 72570
1 118393 146417
1 65809 113406
1 97046 45099
1 76005 47279
1 177705 8740
1 183253 20300
1 114045 191928
1 95338 53933
1 126827 52128
1 24352 45981
1 129265 36529
1 122401 154039
1 43792 36306
1 158078 195519
1 33707 137022
1 171631 183939
1 160990 14906
1 102669 73459
1 63195 12439
1 112716 33917
1 174156 169131
1 195389 37293
1 56100 177868
1 62404 31491
1 158215 173581
1 33174 125526
1 72605 64893
1 36342 40489
1 176370 71388
1 82160 91852
1 177808 35552
1 174934 101109
1 40415 69481
1 157499 189598
1 148861 896
1 153773 51362
1 55834 67094
1 79735 175315
1 153558 172858
1 27734 141854
1 59869 172636
1 103226 156898
1 166978 22017
1 61824 120846
1 134938 79878
1 116527 192058
1 129372 115673
1 199985 93703
1 198903 27893
1 89747 158841
1 182451 51422
1 3007 45525
1 98507 148573
1 76729 133879
1 14857 152764
1 31191 62646
1 3300 147012
1 175429 163450
1 126359 11702
1 195257 58333
1 25282 105096
1 175155 130177
1 197318 68706
1 154552 145905
1 2715 198040
1 144335 70780
1 168757 92840
1 155708 134414
1 98647 106487
1 133948 40016
1 116087 84745
1 137473 66881
1 110932 144511
1 111215 3989
1 141524 20820
1 29911 158158
1 68513 103321
1 93043 189082
1 180422 107888
1 148706 107372
1 196677 193544
1 36133 145693
1 67387 180568
1 154906 17285
1 171639 166110
1 143672 194710
1 168535 14680
1 55050 85369
1 137445 2563
1 189232 2796
1 98673 47187
1 148371 129882
1 122608 126899
1 76584 192251
1 52756 16894
1 188840 189999
1 55084 148414
1 169550 167638
1 12542 80100
1 115858 36915
1 119522 520
1 86116 52993
1 80290 70178
1 119852 107861
1 124880 27465
1 152576 52277
1 79847 168938
1 167333 6392
1 139750 18508
1 111562 142047
1 185961 173699
1 100099 196274
1 131272 159922
1 46018 115551
1 47989 34245
1 71964 7951
1 209 50862
1 148538 110986
1 5647 31135
1 72797 141326
1 126156 127112
1 34646 27562
1 148974 169491
1 107077 114912
1 10171 150173
1 17297 10939
1 76732 94198
1 179432 114286
1 78994 87131
1 124153 19054
1 18136 131315
1 126063 210
1 193979 183432
1 41904 169128
1 123862 3719
1 119637 91290
1 139858 145658
1 132139 181506
1 152956 154820
1 107050 102411
1 126695 112990
1 150453 145993
1 104133 104144
1 139666 101210
1 60161 184435
1 31723 134333
1 91872 62501
1 69765 172978
1 114008 154957
1 45055 62420
1 124464 120017
1 56270 167923
1 145112 155221
1 126007 30070
1 196683 186998
1 38414 157808
1 126691 48134
1 29869 65472
1 176061 162185
1 103800 71982
1 52750 143856
1 74895 78595
1 59908 75477
1 52500 10921
1 140640 97783
1 145247 103813
1 197715 118391
1 85822 135121
1 177048 23442
1 162802 159165
1 18 102497
1 61095 47751
1 15014 159630
1 109939 23449
1 185883 28249
1 161233 43043
1 125615 179915
1 71710 148665
1 125180 65657
1 99541 142767
1 34444 141116
1 149512 87347
1 117625 18287
1 51487 158955
1 139466 18857
1 167188 184975
1 53641 157372
1 6190 153928
1 130729 42863
1 50429 103434
1 159511 174520
1 130582 144944
1 37278 956
1 41233 92502
1 157697 158474
1 34752 57083
1 54355 145429
1 129457 115798
1 144666 173874
1 154343 23481
1 89764 168786
1 35028 35365
1 77673 119169
1 88922 78956
1 38690 118111
1 119876 77965
1 17065 181469
1 29183 197581
1 16339 180731
1 138269 80914
1 48266 1024
1 127564 70341
1 111086 68026
1 170131 165607
1 68333 52792
1 36814 149363
1 75104 192325
1 61803 113525
1 12777 132582
1 165221 9194
1 164684 63190
1 65791 107354
1 71050 21249
1 153348 66034
1 114884 36223
1 181053 87205
1 121231 132435
1 59571 77189
1 115219 34339
1 180135 195549
1 123242 154552
1 138830 73810
1 138550 173945
1 45777 71353
1 177986 153828
1 119109 3579
1 167708 132750
1 76840 32232
1 145522 44892
1 152860 104344
1 54251 162305
1 140328 104456
1 69896 145402
1 78699 36532
1 39228 59335
1 117474 28848
1 75145 21740
1 56478 11725
1 90460 134503
1 199230 88873
1 72874 191795
1 34676 188566
1 30924 97725
1 141685 95407
1 45079 84838
1 41537 168758
1 146047 105338
1 6101 168434
1 141102 35438
1 177197 87497
1 186465 61792
1 121727 58009
1 153091 1290
1 153525 76508
1 182348 15431
1 193066 70396
1 16219 17739
1 39528 51123
1 154514 8797
1 161439 40871
1 90163 181847
1 18473 96389
1 168505 928
1 18109 58268
1 190712 44583
1 92081 50300
1 5432 184228
1 75509 192655
1 35407 152203
1 39884 97207
1 52029 94929
1 59213 77546
1 169101 166627
1 126041 8650
1 54761 167396
1 100382 37257
1 79869 119910
1 147277 167931
1 23376 157099
1 80856 37885
1 144607 62813
1 46127 90885
1 35067 146380
1 95099 64138
1 126821 52519
1 26971 153879
1 140840 120573
1 31838 122283
1 73846 7989
1 99265 57748
1 59206 79115
1 178154 5772
1 122413 48268
1 108005 64146
1 83132 27157
1 80990 111309
1 38298 12808
1 33375 104669
1 53153 80143
1 108298 147075
1 33086 136662
1 79258 73588
1 15556 85826
1 122390 142008
1 155920 98935
1 163286 187208
1 181859 46793
1 184379 20648
1 62460 88961
1 114089 115074
1 63477 91220
1 161286 151428
1 75297 181920
1 115704 106363
1 12387 37927
1 58906 85233
1 139792 131087
1 135232 197572
1 69065 97818
1 12269 121608
1 53138 121826
1 27090 122974
1 193080 137688
1 13000 181397
1 65377 63421
1 21200 18817
1 38964 107297
1 16970 180827
1 69228 122460
1 114995 167512
1 82104 62602
1 140451 146508
1 43478 16523
1 47943 28289
1 120559 105275
1 124315 15699
1 153781 182765
1 193323 164751
1 16699 137582
1 186122 161484
1 15701 19320
1 140115 104137
1 75568 19572
1 197984 30985
1 136052 48117
1 146376 123947
1 25112 145074
1 179933 71821
1 71621 42562
1 117413 142178
1 91311 37406
1 182999 140178
1 101744 123794
1 34394 96338
1 10086 157060
1 117497 143557
1 153998 22634
1 111018 27218
1 107298 73093
1 11137 87750
1 178544 3043
1 8687 52140
1 23420 92053
1 143487 73131
1 11671 95340
1 25555 46368
1 62400 50938
1 99547 168636
1 93179 134535
1 163542 54367
1 151664 101266
1 161101 100918
1 154822 175818
1 14733 50066
1 64769 57164
1 90917 5386
1 74392 61086
1 163295 16275
1 162330 44331
1 19651 60766
1 118339 63105
1 89097 42865
1 188890 105673
1 156381 98313
1 25039 82438
1 136025 137263
1 1682 83536
1 27326 32217
1 110901 80785
1 125556 166339
1 83909 81920
1 146947 136142
1 71845 3934
1 175826 143705
1 141933 133486
1 71199 197150
1 49602 94585
1 46462 121423
1 99958 90753
1 131414 114290
1 98850 31109
1 157337 197049
1 85570 29301
1 119107 107237
1 137233 171895
1 27798 142045
1 18214 165339
1 42517 159050
1 69902 64794
1 157182 167733
1 56938 182997
1 29516 54884
1 11403 1355
1 44140 23922
1 158859 91739
1 46782 53805
1 189422 8444
1 28559 87605
1 26746 158715
1 198934 76690
1 67860 195380
1 40749 155286
1 131165 61139
1 6801 8948
1 18891 187211
1 133980 146080
1 194635 9431
1 75969 16743
1 31062 67184
1 167177 143121
1 18322 5327
1 144973 94965
1 54571 94629
1 188339 48476
1 27698 41176
1 54829 44505
1 38646 84735
1 15791 49000
1 103137 35104
1 153968 90886
1 101269 66857
1 100964 56272
1 185351 137069
1 106488 68512
1 120859 30688
1 93582 75364
1 143873 37269
1 171450 54399
1 198672 31543
1 111613 101733
1 133217 58437
1 58689 140273
1 156141 86866
1 16789 43402
1 99946 158908
1 60010 141687
1 39971 34924
1 17550 164671
1 170070 126543
1 189607 96645
1 190739 192147
1 82611 83043
1 57746 57381
1 66686 46597
1 114837 144873
1 51941 123464
1 26239 91642
1 150538 173587
1 65907 175523
1 135447 16437
1 34545 146654
1 187831 39808
1 25517 61132
1 95569 13413
1 90865 199349
1 161927 67472
1 161589 182529
1 125743 4807
1 176636 26742
1 51857 40446
1 81458 90484
1 98338 199933
1 173508 130862
1 174399 98613
1 151295 15275
1 133740 148511
1 111149 25341
1 56270 102999
1 147115 102528
1 50470 166072
1 151439 120406
1 149584 35193
1 72249 178721
1 63676 196871
1 4792 25153
1 52459 83107
1 13408 197392
1 30957 154301
1 57129 177627
1 138905 179089
1 106954 149090
1 83342 24579
1 187414 170962
1 95208 87222
1 112406 81346
1 120837 174642
1 125608 155947
1 45818 175478
1 61400 15020
1 142928 93723
1 143101 123518
1 118276 161770
1 196310 68660
1 111678 94783
1 107557 84663
1 77905 12639
1 16139 170496
1 66163 62934
1 133476 88533
1 176125 50837
1 165541 118664
1 40038 194443
1 2805 178413
1 90748 96065
1 22921 177562
1 191972 90299
1 48387 72165
1 127380 136141
1 92876 106330
1 44237 54588
1 177712 7163
1 128477 174101
1 71162 32892
1 160148 17426
1 78224 2366
1 64517 137451
1 61585 46859
1 33793 51385
1 177197 64465
1 196688 169746
1 28420 194915
1 163056 5728
1 191683 36782
1 67538 16900
1 120955 160760
1 176274 63146
1 26818 191647
1 1141 17965
1 120335 75855
1 110377 1262
1 56913 17284
1 78584 110256
1 51153 184066
1 119822 157878
1 149064 176530
1 181100 194463
1 168386 69695
1 73132 179522
1 140467 30032
1 42743 163141
1 112730 99527
1 127812 6019
1 177108 126235
1 38419 55583
1 80195 110641
1 16617 128674
1 129248 50785
1 103182 158684
1 196637 104871
1 185988 96057
1 131583 193383
1 98057 11106
1 95482 92006
1 71568 64279
1 90318 96453
1 79035 118218
1 182881 126975
1 4380 79487
1 2398 43110
1 120557 148961
1 53581 25754
1 1870 184551
1 2740 27851
1 61502 37096
1 108269 8688
1 14876 133755
1 5960 92103
1 26271 132563
1 122020 11791
1 18067 53849
1 151177 48835
1 34646 109707
1 48200 104792
1 23698 153108
1 38870 48313
1 21245 130925
1 11493 146754
1 53454 149620
1 38661 99195
1 49985 76171
1 176634 20310
1 24142 93427
1 181662 101803
1 134502 24808
1 54329 42419
1 128814 18559
1 102110 3587
1 150655 153982
1 4552 172426
1 148382 64700
1 113142 137804
1 56057 182138
1 182148 110689
1 74402 160193
1 23563 124841
1 2895 46909
1 7995 106513
1 118546 188825
1 5686 78667
1 74005 115483
1 58671 81162
1 175705 158018
1 14852 198780
1 153648 80861
1 185945 124236
1 156792 187055
1 192373 108695
1 161946 58689
1 6241 110062
1 184002 95815
1 15039 60556
1 184672 47287
1 185384 22297
1 127263 32357
1 139914 154591
1 114533 97059
1 161153 43916
1 12428 104792
1 5427 194408
1 194847 174752
1 76209 179543
1 4759 81123
1 97228 138770
1 172951 109625
1 114164 114530
1 12326 119677
1 100568 87646
1 198316 34671
1 20218 77606
1 20015 120976
1 57233 20447
1 131022 107769
1 137252 93936
1 25663 47163
1 169060 104957
1 137477 28861
1 35658 59299
1 21301 88786
1 19441 97909
1 72810 89818
1 184950 51829
1 109701 65051
1 96718 34645
1 71978 153312
1 97512 163695
1 27384 190481
1 90052 51906
1 20360 110355
1 88850 137392
1 191529 161379
1 78926 34292
1 68954 120878
1 164123 42024
1 9224 131955
1 20063 21495
1 133385 136924
1 171358 31903
1 62873 147866
1 71834 13290
1 183571 47295
1 115818 90541
1 49971 186016
1 179481 137346
1 6347 133612
1 188738 116866
1 20355 152583
1 13353 56645
1 41174 40234
1 64220 13918
1 66633 83967
1 187851 184209
1 141421 170872
1 132644 5207
1 195288 17328
1 176371 148437
1 179423 15238
1 37369 180888
1 49432 150070
1 140554 108885
1 192078 159417
1 31532 97759
1 184709 44575
1 82798 193064
1 63088 57258
1 13190 94844
1 67248 48237
1 26735 117435
1 199694 179173
1 31169 96919
1 64763 108120
1 21713 21710
1 14726 149740
1 40908 144680
1 36063 24778
1 26639 135348
1 47947 108660
1 17481 67071
1 50727 144739
1 190548 20245
1 142561 83237
1 65616 119867
1 186740 34357
1 63554 2861
1 79844 54108
1 193580 15893
1 94457 92487
1 110829 178828
1 34112 164266
1 68827 162709
1 184063 189396
1 172446 132374
1 166392 78868
1 54416 54297
1 170401 70348
1 158611 169475
1 70817 5459
1 106483 67604
1 127374 149967
1 47420 11039
1 51878 55187
1 190301 82890
1 177036 71095
1 122302 139337
1 148740 153014
1 74910 16982
1 111601 47117
1 7858 13877
1 75342 84369
1 141689 99175
1 170 40721
1 6628 175531
1 114088 64940
1 143781 198012
1 57143 26548
1 159382 198728
1 56078 188740
1 76749 107054
1 134442 21471
1 157628 55099
1 10572 68491
1 83982 105573
1 178285 70956
1 60608 51911
1 111557 182500
1 121661 67039
1 114364 189162
1 63038 68869
1 109806 174377
1 77216 42990
1 151141 30171
1 193415 74273
1 181266 134311
1 16370 195449
1 60301 33592
1 175456 12571
1 70286 46558
1 123234 130424
1 158251 24105
1 175873 186245
1 21844 73668
1 123347 81338
1 122637 179215
1 138969 89737
1 77546 15425
1 161244 174497
1 43664 186877
1 190855 123426
1 109675 77042
1 32711 191394
1 60267 184696
1 174753 182112
1 15619 174953
1 66003 155848
1 159971 111549
1 195950 6951
1 149557 159657
1 160371 115120
1 194326 154937
1 126957 140271
1 18518 65260
1 79183 6412
1 122802 197969
1 84367 154115
1 35089 53791
1 45185 192354
1 56316 14169
1 194615 2244
1 128803 27811
1 132888 56844
1 79117 26399
1 132351 44389
1 188446 94284
1 148886 93816
1 35406 160992
1 99827 58222
1 142184 173539
1 193139 190312
1 181698 84431
1 159958 138684
1 94459 175526
1 180378 12529
1 119802 171219
1 92250 55549
1 25445 85572
1 60329 191934
1 37472 11399
1 34218 29367
1 124616 169444
1 166195 135820
1 42671 114490
1 52770 88320
1 25 162013
1 100287 32365
1 24055 87855
1 108692 7556
1 126307 86909
1 193929 68423
1 13212 167196
1 166595 178885
1 133634 20741
1 165054 25940
1 160021 70573
1 197545 104916
1 89515 97321
1 177538 131938
1 124143 152321
1 120051 115355
1 67233 70226
1 22252 172563
1 1482 129962
1 84929 78421
1 86655 70046
1 41606 47900
1 182809 101102
1 99753 153426
1 78515 163741
1 143120 31176
1 62436 140234
1 100275 152117
1 137342 147027
1 13756 21107
1 6151 72236
1 53021 16120
1 18231 24955
1 64113 143441
1 197747 41079
1 214 133221
1 192840 78784
1 57034 102439
1 66090 55297
1 34437 81884
1 177774 41412
1 141590 32527
1 139141 89173
1 162049 172434
1 151611 66459
1 188440 34615
1 136687 119860
1 195864 95118
1 23573 56527
1 53638 175713
1 116905 48398
1 148426 171885
1 179702 11100
1 125900 2786
1 165383 51403
1 104781 134621
1 26923 18291
1 133192 14308
1 175 107143
1 171274 131939
1 133976 61433
1 192590 146982
1 48223 114703
1 191836 173975
1 146097 113350
1 54884 129081
1 9830 5927
1 183766 90212
1 182720 120809
1 44420 87939
1 11112 124550
1 196155 52107
1 23460 153633
1 26591 63038
1 130524 52375
1 191686 148640
1 75726 152291
1 189590 96696
1 24527 144951
1 166434 96521
1 120644 153177
1 142849 110226
1 73952 70267
1 176177 199748
1 184736 25887
1 165867 167363
1 15428 42922
1 24519 16288
1 180432 133254
1 47314 117012
1 136066 130109
1 173997 4032
1 144789 87187
1 148457 110372
1 194102 65700
1 121185 156765
1 120966 176255
1 191127 76132
1 133008 50946
1 67987 188995
1 36108 139894
1 195960 166426
1 31956 162669
1 52519 14226
1 77222 96858
1 40665 40672
1 142426 69873
1 64440 172860
1 95909 116032
1 4350 174307
1 144781 85453
1 108561 194955
1 54958 29360
1 56158 117926
1 124846 141170
1 77492 118107
1 168189 27047
1 100515 192511
1 61073 27337
1 160661 77978
1 67359 174614
1 63277 131608
1 5020 142828
1 137694 129421
1 126517 160290
1 129614 152877
1 47373 94826
1 167787 119115
1 86646 199716
1 47181 86034
1 33202 129605
1 11405 175170
1 52395 195113
1 28709 37420
1 50736 164277
1 104393 80495
1 174451 106929
1 75269 160884
1 199424 37605
1 176215 58664
1 185086 136754
1 176143 151738
1 125227 161203
1 164454 82389
1 71124 94932
1 34268 70302
1 74132 177586
1 92245 5040
1 173006 13300
1 110773 1559
1 63660 106346
1 31545 96971
1 16921 180260
1 198361 180974
1 14589 103636
1 62428 94152
1 170425 120871
1 105339 92866
1 29282 192417
1 22010 68512
1 181505 182007
1 61123 53443
1 60043 118578
1 142980 188127
1 59997 160961
1 88715 110905
1 199932 162526
1 86239 167204
1 71947 63910
1 140001 115261
1 102028 121202
1 194084 182692
1 104156 92218
1 84746 78460
1 121769 123883
1 84320 122853
1 171509 114246
1 189883 170425
1 125712 186427
1 184019 162949
1 136850 137607
1 39199 30474
1 31895 115724
1 22322 42867
1 6015 125999
1 78166 61784
1 115173 66166
1 80487 196467
1 74527 115169
1 74866 117921
1 84471 180041
1 39439 198364
1 89000 43320
1 131067 3192
1 76763 7624
1 163961 100700
1 53923 121087
1 76586 92865
1 31222 136617
1 40299 54320
1 24046 190839
1 46767 103288
1 70080 188440
1 190878 192430
1 28284 82646
1 163757 98665
1 198277 167539
1 146495 50557
1 24081 42501
1 172987 174967
1 174564 153870
1 135790 35162
1 22857 65951
1 35043 195480
1 153553 81583
1 198657 94867
1 142416 126391
1 159589 64725
1 65365 120657
1 57920 52685
1 187113 123920
1 109619 46348
1 163851 18210
1 8488 71744
1 80298 22437
1 196148 55600
1 42659 155911
1 65899 8696
1 55228 185121
1 170691 41989
1 105312 144277
1 7468 61204
1 82269 99366
1 153199 58983
1 46492 86551
1 122949 142408
1 159839 143240
1 94266 81026
1 118017 168270
1 188227 156892
1 70249 2065
1 172125 199833
1 10575 38506
1 116519 179821
1 47219 81916
1 192384 138049
1 186459 136659
1 74789 178602
1 20557 10684
1 17157 143589
1 90188 165477
1 117094 100374
1 108118 179573
1 53948 153730
1 151774 139885
1 145287 115595
1 181895 115264
1 6638 28523
1 161569 151407
1 61914 10355
1 171368 123305
1 26325 15812
1 157177 140706
1 108002 143758
1 37719 192754
1 148639 159113
1 46238 142448
1 119450 77297
1 187078 96399
1 54000 173062
1 65180 141945
1 58029 143235
1 22780 9834
1 99615 3869
1 50065 17935
1 107324 192256
1 43665 117727
1 119863 36102
1 38900 70265
1 125406 63480
1 78324 105215
1 76086 192073
1 44618 2418
1 137753 17167
1 11623 62031
1 188815 32068
1 156785 28969
1 143788 60733
1 25343 1288
1 155305 177449
1 10199 185793
1 18566 143629
1 139495 146198
1 51552 99518
1 46658 126672
1 153294 67232
1 149724 196699
1 61313 35806
1 52616 32930
1 57179 32105
1 116848 48236
1 52688 99061
1 15190 22902
1 116668 110320
1 50314 146065
1 190467 5381
1 166187 80893
1 197871 24722
1 191522 33607
1 33351 115430
1 30812 45216
1 122988 76350
1 160711 93183
1 74744 169279
1 184592 33977
1 26393 75063
1 54299 42654
1 182315 56144
1 165891 109270
1 74901 69398
1 77907 123005
1 29478 60587
1 183301 21500
1 31088 9927
1 70650 165480
1 142628 87540
1 12665 77920
1 98671 97225
1 148845 7970
1 118932 44582
1 184665 197293
1 68298 191153
1 171742 130717
1 31001 35727
1 51823 10243
1 29168 22309
1 74963 128004
1 84681 1297
1 163612 12853
1 125696 47779
1 27942 121716
1 22768 36065
1 23059 68104
1 12559 67002
1 49669 125500
1 92108 10889
1 26268 115320
1 66727 40654
1 20850 111074
1 43280 92456
1 128788 188725
1 137092 67607
1 82754 64479
1 196772 114031
1 9769 56544
1 46679 169952
1 155167 23456
1 165346 73125
1 93984 55761
1 37125 15113
1 125704 76357
1 18520 191778
1 114321 115410
1 153639 157383
1 113806 27172
1 141386 86933
1 193384 63074
1 28041 138401
1 34455 118661
1 84079 195263
1 38180 52533
1 169837 99828
1 114973 193702
1 6450 12855
1 150553 43185
1 50056 5294
1 16494 167414
1 76657 161511
1 155504 145970
1 169666 160468
1 84396 81116
1 174719 128076
1 11492 83589
1 185848 144254
1 1036 159599
1 49827 192184
1 148421 51757
1 72123 146712
1 103704 14845
1 197400 94865
1 38966 109539
1 59216 149409
1 123695 35270
1 7502 169233
1 138481 5840
1 60464 76269
1 68098 3008
1 40870 91589
1 105728 128915
1 72520 127653
1 1943 119828
1 126967 44561
1 35587 18239
1 123896 23812
1 95368 35229
1 79373 101353
1 43503 163932
1 148630 164697
1 52931 27630
1 4967 79703
1 134859 76836
1 158698 193674
1 34953 76875
1 52087 115194
1 74419 22854
1 135409 106637
1 78641 178284
1 78564 50563
1 123480 41252
1 8348 15215
1 95525 84223
1 96969 59832
1 182204 38358
1 6993 71248
1 158369 196069
1 198836 75187
1 164471 159783
1 83175 52642
1 164601 33586
1 169514 190369
1 99831 190868
1 130220 53616
1 110802 48623
1 161120 134214
1 55162 109843
1 928 127635
1 60518 167130
1 18818 150070
1 100884 192136
1 95737 63932
1 160131 171363
1 62830 105243
1 131118 106959
1 4831 95599
1 148810 11695
1 184760 30324
1 171650 146680
1 20079 55044
1 47922 132374
1 149989 166289
1 70306 10244
1 129595 78374
1 96900 45286
1 68786 94362
1 69808 70379
1 55174 174998
1 13215 155872
1 28556 125640
1 196389 83159
1 118539 144103
1 62644 48249
1 78296 73769
1 102733 168295
1 13365 63553
1 194376 147608
1 2283 145886
1 186568 67503
1 143461 64993
1 150391 74716
1 91856 176990
1 97416 129525
1 135857 152341
1 136174 3605
1 8519 34354
1 146967 112372
1 60258 141059
1 29230 56584
1 24642 184569
1 145936 25627
1 23859 64289
1 77902 13934
1 142696 83939
1 160803 77069
1 49815 54332
1 153527 19187
1 130772 149304
1 132948 97440
1 151921 24499
1 26279 53049
1 91222 159249
1 114811 71456
1 16348 129147
1 159089 179476
1 81007 193499
1 147075 4171
1 62499 149915
1 154746 56526
1 109526 104729
1 19885 125589
1 179144 55598
1 168828 57507
1 59831 15521
1 35212 30436
1 70079 176742
1 169284 150340
1 134513 118812
1 74120 198866
1 74865 40902
1 62261 119830
1 53653 61705
1 114269 163888
1 134652 71462
1 11077 112562
1 190508 185272
1 57180 94335
1 168112 34481
1 153853 81701
1 46128 47889
1 56551 57271
1 23570 188200
1 157883 103471
1 134416 179021
1 75895 69315
1 25114 144158
1 3378 16454
1 3951 50745
1 124376 116353
1 144567 16763
1 106343 56146
1 20579 52152
1 69545 74308
1 176776 52539
1 49907 34032
1 196088 90688
1 29470 176339
1 4706 108079
1 36230 111857
1 96236 85146
1 135872 71594
1 9423 54457
1 154528 114394
1 125106 198500
1 195114 94646
1 122762 55250
1 89495 172132
1 45426 16657
1 69196 66395
1 85894 135173
1 195478 75004
1 64197 191845
1 37226 137776
1 162919 163571
1 148955 9986
1 161980 196860
1 141851 129215
1 39814 21584
1 144566 129548
1 196568 140738
1 124940 157191
1 103856 19427
1 191119 147490
1 117649 91386
1 2301 144124
1 33637 28935
1 87902 64449
1 4561 170682
1 93312 37380
1 19546 101038
1 81266 63515
1 9656 34219
1 40704 85306
1 141753 20891
1 103149 31763
1 117080 144075
1 48502 100013
1 47582 77669
1 69189 122371
1 162168 134124
1 96499 103136
1 119130 30521
1 192067 190456
1 25620 8949
1 189083 108489
1 12146 173783
1 187717 79283
1 66009 101022
1 171046 3284
1 153887 148369
1 17917 143272
1 93099 139190
1 66463 97823
1 51470 69393
1 38322 140352
1 174176 167199
1 120423 65662
1 58079 15507
1 178428 156376
1 81476 129743
1 143794 70071
1 172007 13605
1 134090 102914
1 174422 15503
1 103942 76228
1 106480 111852
1 121310 190914
1 174664 104765
1 55361 157142
1 150903 53856
1 41998 9040
1 134400 459
1 195794 81038
1 138667 162572
1 135490 106778
1 34075 38656
1 22780 80900
1 72754 195985
1 65659 185345
1 194471 58420
1 47064 90179
1 105957 75682
1 64840 87321
1 92711 854
1 143314 164616
1 82321 144008
1 199056 132843
1 176529 89640
1 59881 169481
1 80566 58781
1 121998 183093
1 62545 163839
1 159794 31850
1 81930 24595
1 83022 155302
1 127877 49286
1 43604 10311
1 74101 122476
1 165554 173861
1 155840 37050
1 193611 86448
1 83541 81025
1 178994 108810
1 128138 72493
1 2855 186086
1 67449 12414
1 10774 168737
1 42844 144582
1 15884 28320
1 113319 52386
1 75516 120044
1 99751 115261
1 109554 11274
1 99993 61186
1 43350 78111
1 142604 43041
1 133476 153795
1 177210 61573
1 48682 110947
1 130019 170324
1 177795 47005
1 166059 196967
1 72658 183382
1 161334 39691
1 126338 115359
1 133314 124216
1 11004 111368
1 122181 126160
1 126185 86660
1 21063 52636
1 186410 82110
1 36226 7618
1 19477 40507
1 170040 152394
1 147505 86705
1 147924 76755
1 47604 196646
1 115076 31632
1 182908 100109
1 46486 66567
1 145099 42653
1 49490 137355
1 168648 166516
1 8791 164281
1 18739 75051
1 64953 146545
1 98599 93946
1 133338 3991
1 168149 134158
1 172999 91530
1 1599 131369
1 135126 131362
1 122163 88442
1 64061 81200
1 144458 98173
1 3701 190514
1 184033 36437
1 61519 189908
1 65878 22567
1 61782 113070
1 186758 64121
1 101351 55163
1 118725 148492
1 21773 22870
1 170525 193975
1 179040 155259
1 133260 168581
1 89056 175099
1 150904 193616
1 151693 23488
1 154037 188510
1 138954 23619
1 8570 9596
1 173554 18187
1 116063 70489
1 130745 192744
1 162715 28069
1 146503 28144
1 158139 171755
1 107794 5112
1 111206 109227
1 173691 26645
1 152335 150332
1 93034 123605
1 181819 196512
1 30380 196088
1 79477 136105
1 9741 26740
1 115087 109132
1 107634 172264
1 107803 47107
1 183289 94495
1 190761 72040
1 37843 1481
1 150339 83279
1 69665 143349
1 128934 178340
1 54798 136594
1 163010 104326
1 69805 60135
1 24436 27683
1 195347 159568
1 116930 15061
1 69814 15227
1 76696 125052
1 193159 63075
1 138306 25244
1 144205 59211
1 164586 60793
1 145219 196285
1 147667 148529
1 9843 120069
1 121685 8537
1 150931 10281
1 135963 99484
1 164768 12010
1 19738 158480
1 34937 191296
1 93140 11354
1 82750 94801
1 6861 192964
1 73449 44147
1 168651 170332
1 33837 59108
1 137556 41808
1 173965 61126
1 144100 136
1 137983 41695
1 89069 110851
1 62337 17297
1 57555 191093
1 75451 32278
1 78118 190624
1 160662 28735
1 166306 137649
1 7004 128174
1 65189 26909
1 65681 114769
1 54640 188796
1 5329 164705
1 195360 134694
1 176235 140826
1 187950 144908
1 117821 84541
1 61156 9433
1 137041 5827
1 192354 60169
1 127862 17443
1 66577 156425
1 163747 120519
1 126629 22353
1 4488 24266
1 100121 144766
1 122230 68725
1 86119 71987
1 97778 103995
1 187142 173490
1 29972 65011
1 185256 102582
1 6117 125269
1 77171 65683
1 173113 20279
1 63359 136401
1 2314 59720
1 94224 72645
1 148566 160078
1 49557 168498
1 38523 101276
1 152161 42591
1 75793 182295
1 152745 18105
1 142727 182122
1 151294 112748
1 87361 141127
1 49036 76668
1 92720 185248
1 166290 170601
1 153971 146597
1 93412 163844
1 93422 178879
1 92830 114764
1 74090 96397
1 136746 145484
1 103660 177630
1 121717 35449
1 158360 183663
1 30894 87495
1 55112 128806
1 190272 23244
1 196840 13391
1 139088 92441
1 180310 127125
1 93177 140756
1 187383 124100
1 142535 119450
1 93915 11198
1 78386 174420
1 102996 160827
1 124316 163736
1 70419 188230
1 128013 64963
1 39493 181684
1 157293 131348
1 68334 190438
1 26051 98507
1 27460 121090
1 19821 140674
1 70925 46382
1 129120 130699
1 162363 189645
1 78497 92108
1 89352 176766
1 122307 179223
1 175054 144146
1 181090 119565
1 3817 96589
1 57888 111925
1 47504 96095
1 125152 18648
1 3120 45732
1 159296 163808
1 5322 196890
1 186331 18801
1 107535 127777
1 45758 150343
1 147770 69241
1 95466 148305
1 111405 36599
1 78922 158668
1 162319 196680
1 66166 118308
1 169061 19434
1 126632 33992
1 98224 167080
1 193085 141644
1 190342 84182
1 21615 125699
1 191924 66061
1 138386 69149
1 159763 54247
1 180492 133694
1 137705 45886
1 79129 5025
1 33666 96096
1 158271 27820
1 9423 71126
1 84046 14868
1 108927 73111
1 119323 19634
1 123356 55559
1 172093 111591
1 78633 61429
1 145480 150637
1 129209 146708
1 169929 101118
1 70545 114872
1 125826 145323
1 164545 19220
1 45992 100084
1 143168 139379
1 146138 11054
1 181383 58164
1 101539 25749
1 108528 79498
1 47922 170030
1 104463 7092
1 79640 141153
1 135504 199609
1 161347 70357
1 9489 114279
1 75833 32973
1 179650 166476
1 96472 189187
1 170683 68277
1 156941 117827
1 147678 95782
1 122514 142730
1 139822 85018
1 2732 192543
1 80687 124541
1 82085 59505
1 128126 1446
1 110854 178930
1 130419 108122
1 28055 140147
1 131381 182206
1 69851 3393
1 33437 57051
1 116358 183552
1 52367 154263
1 99649 57669
1 48853 8306
1 118625 89016
1 170557 90752
1 30627 51819
1 177268 173862
1 137323 70133
1 86051 85015
1 48318 114323
1 7370 149775
1 185534 191552
1 176988 35472
1 23589 14547
1 103066 66844
1 176067 38104
1 14515 9588
1 179516 110003
1 45467 182607
1 69693 44593
1 128618 17757
1 174398 22896
1 7928 199358
1 29502 131505
1 143414 169661
1 173689 23035
1 199758 179665
1 149294 139315
1 164542 167638
1 63567 11257
1 145842 166537
1 18697 16006
1 63201 180162
1 100406 16707
1 19562 120373
1 54111 163116
1 13679 187243
1 75894 156774
1 86641 137596
1 22996 21406
1 142509 12689
1 7664 173282
1 173302 4697
1 24800 122244
1 79188 83465
1 197971 161837
1 32860 43352
1 52814 63615
1 67088 128633
1 48806 155823
1 96698 126619
1 193215 192674
1 126595 42848
1 129731 93510
1 40345 79770
1 742 174514
1 164418 168523
1 124185 171073
1 171003 53660
1 85515 5868
1 128149 16735
1 26471 197159
1 55312 9409
1 116747 128701
1 189881 27155
1 17350 178351
1 32769 138811
1 10964 161609
1 66207 111732
1 86941 70023
1 35496 96270
1 72556 114023
1 35116 145378
1 57068 192911
1 137748 152981
1 123561 160226
1 126457 16848
1 30404 181021
1 191431 72446
1 57848 168631
1 52563 164039
1 56652 27450
1 47929 180555
1 26264 73692
1 89274 19233
1 141820 90721
1 51221 100241
1 196125 133045
1 44516 37904
1 99235 135813
1 70201 95291
1 124400 115934
1 149369 152726
1 142946 16841
1 15608 42182
1 140236 83366
1 102742 89676
1 165809 3464
1 196505 154308
1 185729 176336
1 136204 186782
1 152599 139341
1 83480 61979
1 85747 150162
1 30048 167179
1 30836 173977
1 98914 160709
1 160793 113496
1 120076 82087
1 21241 62242
1 143003 186064
1 197376 92097
1 100218 70811
1 81900 136721
1 49434 128798
1 110728 17759
1 81166 7586
1 154920 160769
1 132841 24484
1 158884 108536
1 133467 177932
1 178136 85573
1 56392 56108
1 67676 3081
1 36138 106620
1 55809 170273
1 3497 83221
1 171149 170240
1 33784 75820
1 48567 56269
1 31219 139600
1 114021 157888
1 59319 105574
1 74917 116408
1 102465 24163
1 80169 157663
1 130698 82187
1 82055 93185
1 122530 130152
1 55601 73704
1 28747 10317
1 95857 190141
1 182489 156877
1 6761 104923
1 151495 53367
1 29384 118325
1 16284 76627
1 121936 24939
1 32063 80610
1 93766 96487
1 20375 13778
1 39738 82493
1 7335 7103
1 83833 155779
1 122600 192689
1 52560 101294
1 186024 91666
1 96195 35630
1 62115 101424
1 87052 72459
1 94880 150963
1 2201 28609
1 57549 18976
1 143680 191704
1 175518 9550
1 59973 120840
1 148835 43111
1 175759 131020
1 94249 49698
1 66854 98373
1 198035 32639
1 169776 168466
1 199928 29443
1 193133 22252
1 177151 91893
1 880 96327
1 51769 155290
1 169120 169383
1 181183 36525
1 115374 83712
1 134989 50593
1 94169 75666
1 24094 57947
1 85343 80004
1 125128 119274
1 190853 28990
1 125978 169673
1 176266 161804
1 186804 130455
1 105512 113136
1 3494 97558
1 3147 114056
1 28748 130402
1 13078 96353
1 10025 14835
1 18963 194267
1 107779 56981
1 22201 95230
1 138623 89637
1 22756 80667
1 13245 5328
1 52943 95527
1 54581 115592
1 35350 3284
1 12626 135880
1 197291 33265
1 138767 180745
1 39639 30532
1 173009 173764
1 143602 191718
1 170372 54377
1 147557 135839
1 147001 11552
1 39262 119298
1 147262 46591
1 61972 85387
1 79999 153356
1 87549 197047
1 25757 132788
1 55756 198819
1 135245 155788
1 140272 65576
1 121587 147079
1 168074 84150
1 32766 104375
1 183086 92527
1 72583 104969
1 3100 120326
1 157797 192571
1 196480 103449
1 73940 15967
1 9896 167435
1 145094 6934
1 96772 67302
1 183497 41541
1 58980 168240
1 79194 167644
1 194157 147788
1 19016 190152
1 3549 125459
1 179917 15605
1 40192 68403
1 93802 185865
1 154418 4743
1 186433 60638
1 100183 194488
1 195576 162559
1 198103 179156
1 122315 30373
1 57247 1708
1 150897 105907
1 127189 37235
1 179 166383
1 116251 142357
1 105672 101251
1 163335 42709
1 102454 77684
1 92193 199722
1 65317 100258
1 187549 51995
1 93829 163392
1 88474 58585
1 89506 138837
1 120283 54428
1 138949 153906
1 100933 194946
1 31117 55349
1 100633 87397
1 175503 40639
1 55218 69563
1 143595 111346
1 192258 172466
1 136047 23278
1 44809 26508
1 81649 158668
1 168086 92216
1 47655 193307
1 15363 71667
1 90250 192025
1 99114 174942
1 122284 125365
1 198637 100255
1 81622 104261
1 124646 130877
1 143654 149570
1 175978 153207
1 22247 84491
1 178372 179813
1 111154 170585
1 92080 2898
1 41157 85951
1 168533 67289
1 110625 77605
1 45448 190910
1 190505 142213
1 123582 20367
1 114617 4262
1 7312 192188
1 175235 101017
1 129269 107763
1 198065 169649
1 97595 10368
1 164982 101895
1 180742 116067
1 69878 183406
1 169805 191283
1 22553 130418
1 125074 52275
1 23531 142231
1 194786 16627
1 60918 129936
1 147085 144233
1 154018 161021
1 11174 75791
1 172941 15338
1 60605 169856
1 157990 102724
1 173084 139982
1 69968 61534
1 54912 34726
1 16564 29412
1 164441 66983
1 180646 155230
1 128005 146560
1 103163 88169
1 124232 168329
1 185962 199793
1 43152 72611
1 9378 60210
1 42279 145042
1 115563 122479
1 50232 104410
1 193728 25907
1 107910 54298
1 116075 135496
1 141162 181157
1 36003 43253
1 89613 64103
1 136931 51772
1 3365 76983
1 81867 8082
1 87860 376
1 103227 82849
1 56382 102965
1 31214 162876
1 14218 103165
1 102997 42594
1 140124 149564
1 58100 71158
1 28913 130587
1 129857 16956
1 13179 76441
1 149947 86743
1 53471 185962
1 72072 146241
1 157932 147728
1 80722 92300
1 46300 16824
1 91364 344
1 122641 154200
1 178560 134484
1 10313 61318
1 192963 38713
1 18850 127195
1 174332 87876
1 10837 198089
1 150985 115891
1 25453 136185
1 140852 6083
1 123143 70504
1 76365 99304
1 170960 72516
1 55497 120269
1 102330 51778
1 10202 67278
1 31231 55235
1 96015 19378
1 152602 102055
1 169646 114093
1 47618 182833
1 122639 190998
1 121130 144348
1 60988 49062
1 11062 42685
1 5959 196273
1 61119 150554
1 99947 18280
1 58762 125642
1 81191 107150
1 120260 115854
1 197655 164602
1 170497 83438
1 9747 52622
1 146678 20888
1 46989 181110
1 42612 50165
1 175078 178084
1 140327 195469
1 176465 68746
1 198607 87197
1 67883 90265
1 87485 105911
1 109849 98232
1 48977 46170
1 166244 38727
1 198707 68818
1 56786 105045
1 173391 97938
1 88261 75936
1 123413 160271
1 101848 150092
1 27312 71136
1 123832 167270
1 139461 37907
1 40768 122458
1 110512 65938
1 91673 61554
1 1403 122359
1 38608 80401
1 80415 38829
1 118328 20400
1 127806 197512
1 186243 408
1 105121 127910
1 86940 169503
1 48558 167430
1 102088 47143
1 197677 136168
1 33725 50324
1 65532 24039
1 75585 95373
1 153104 102163
1 161607 18486
1 198191 130067
1 87943 111339
1 79722 183290
1 140060 162561
1 193183 61863
1 164387 1145
1 194798 108066
1 67537 76932
1 161787 60660
1 196436 151742
1 86564 141575
1 7085 118181
1 7876 116736
1 184333 190618
1 25833 160345
1 3631 193243
1 120337 199170
1 134390 110078
1 45803 23545
1 78727 65073
1 108172 39016
1 164649 169008
1 69999 111679
1 45338 197064
1 104562 184722
1 145076 183754
1 74637 133621
1 13505 160210
1 154389 61846
1 71003 168058
1 63857 183194
1 160265 29338
1 61979 152572
1 133269 52162
1 182554 100002
1 140530 23801
1 180350 1345
1 174541 43895
1 53149 44979
1 88561 129440
1 65164 111511
1 134305 3587
1 175072 105705
1 197488 108692
1 146470 128929
1 161508 164773
1 30433 142928
1 101387 188586
1 11780 113785
1 182685 198510
1 85679 71534
1 188307 34513
1 105773 133420
1 177415 194564
1 77038 133433
1 39374 95943
1 172673 172219
1 56658 148129
1 180757 86747
1 173171 165536
1 159345 59866
1 140063 82771
1 186097 170931
1 182383 179461
1 126275 19826
1 110597 171004
1 16353 44564
1 34596 86513
1 112401 29729
1 35280 176657
1 79194 35334
1 90215 71796
1 169161 69366
1 184959 13724
1 65251 55619
1 125440 142705
1 52908 59640
1 58052 76668
1 181785 88825
1 164780 166690
1 86225 110750
1 56134 156130
1 127082 153869
1 77597 170512
1 122977 28119
1 28447 38100
1 189851 193620
1 55414 8798
1 43867 24257
1 188192 121963
1 47044 55898
1 183377 61374
1 176144 85555
1 150539 53463
1 154448 51036
1 12475 18168
1 104934 179126
1 47894 178201
1 98432 48528
1 118580 196968
1 85591 168454
1 159597 81285
1 49831 103258
1 41778 126974
1 192304 172563
1 183854 15112
1 47598 180310
1 44574 136830
1 132629 195076
1 48877 186845
1 115407 99860
1 98195 9856
1 149690 175345
1 197679 134424
1 130012 35669
1 176675 189167
1 178473 96038
1 153457 25054
1 14071 9681
1 77268 199692
1 144896 9893
1 35680 153641
1 175258 88946
1 49757 50090
1 87858 42146
1 188129 70534
1 24399 177815
1 115500 166258
1 115716 14471
1 160009 129113
1 82998 114772
1 26146 29726
1 178384 139440
1 145379 190742
1 57091 156847
1 3667 150144
1 97091 83053
1 155375 85959
1 93183 106275
1 124616 146298
1 172641 71301
1 51807 68682
1 27205 117535
1 189823 68357
1 168253 45552
1 173978 3154
1 155141 174342
1 60519 61357
1 117956 116762
1 96443 47524
1 78275 72174
1 56807 162513
1 128689 57701
1 54994 194330
1 107223 126563
1 123158 29478
1 199960 1318
1 82656 194657
1 26284 136739
1 1283 44787
1 114846 167077
1 171292 154492
1 112451 139426
1 160300 143956
1 175036 29791
1 140722 64897
1 23855 127174
1 143880 45625
1 133314 190149
1 157953 32985
1 87704 140265
1 111936 194597
1 65040 152508
1 3162 94851
1 149947 197916
1 10160 171442
1 21725 198813
1 92166 75087
1 23654 135712
1 122664 6538
1 97714 82804
1 108543 189605
1 114750 129133
1 24943 86766
1 141677 135299
1 55796 63485
1 136379 45550
1 106173 199345
1 126593 99327
1 33736 83559
1 53737 50561
1 29438 84603
1 56306 138960
1 53777 40259
1 192935 119289
1 128084 56456
1 107996 1875
1 13915 144840
1 101290 188509
1 85267 68969
1 185003 29017
1 185764 89983
1 6904 71209
1 84101 88512
1 27362 57192
1 94815 48454
1 167279 71434
1 68902 103814
1 84887 147831
1 72116 83535
1 159358 69092
1 50343 71239
1 28723 190259
1 179580 144289
1 167529 124686
1 109613 54562
1 15220 141631
1 186824 102293
1 47943 2962
1 90321 185099
1 178669 118382
1 153945 94680
1 59909 172975
1 129823 151819
1 87554 24713
1 126247 57005
1 79203 65561
1 12761 43453
1 113711 126349
1 181788 52393
1 150452 85110
1 19764 156304
1 90432 33835
1 48920 173175
1 87584 170721
1 195223 33098
1 142104 179849
1 139053 127381
1 121507 170793
1 177441 33025
1 192045 48766
1 50978 99603
1 65613 53201
1 33762 36962
1 35335 130264
1 125107 160089
1 150786 142671
1 64800 134061
1 185415 190743
1 66381 27487
1 71354 85199
1 30353 123061
1 176156 44465
1 33876 122036
1 14465 108207
1 99813 89570
1 111182 21390
1 84766 134970
1 66870 161219
1 71931 123312
1 10101 93260
1 162359 129767
1 132621 51216
1 78825 17263
1 7104 4986
1 110622 142275
1 35086 67923
1 43831 58947
1 39729 114399
1 192709 127151
1 162262 171002
1 107170 166180
1 3997 131954
1 28882 107354
1 97236 30503
1 64411 85533
1 122543 198241
1 29218 108683
1 72075 49522
1 36424 102479
1 40548 113613
1 177539 119325
1 106324 192870
1 105152 43309
1 153423 100810
1 105784 32060
1 7067 139584
1 29008 168704
1 176916 69282
1 116407 68331
1 136544 156150
1 160635 136354
1 85934 66192
1 144172 117247
1 25973 63596
1 176116 33989
1 158315 6343
1 114869 139299
1 10628 51518
1 42724 89003
1 137709 44587
1 79397 178836
1 131912 40443
1 140712 154158
1 19561 11668
1 130308 140452
1 101969 120486
1 40082 70583
1 180522 118544
1 169099 127673
1 93635 195638
1 131557 521
1 84877 96288
1 16683 45070
1 109654 162773
1 189275 161141
1 114949 120
1 80453 103215
1 132821 188515
1 14561 164453
1 117526 9538
1 3377 15934
1 84769 142578
1 176280 89108
1 176091 123866
1 20089 95602
1 6381 155401
1 82196 48082
1 25090 128209
1 89885 128725
1 188033 41699
1 110174 171267
1 32909 137067
1 174799 49796
1 74042 64366
1 68915 17823
1 2193 70819
1 184438 128881
1 80006 7439
1 191621 60913
1 179961 54564
1 32237 126691
1 102443 91995
1 117495 189657
1 185217 124112
1 120387 112434
1 79743 130142
1 164452 157004
1 41150 54716
1 154171 54349
1 153902 165846
1 50263 196242
1 42387 107055
1 37068 128757
1 198650 49719
1 145170 78405
1 165051 177320
1 72800 144001
1 71732 52007
1 81865 172759
1 8900 190743
1 14678 42075
1 26246 63232
1 7141 174218
1 48271 56481
1 80578 137792
1 62827 139923
1 127428 27191
1 151315 169695
1 124842 7682
1 24051 144353
1 116406 61385
1 140186 189790
1 140489 31175
1 189569 117666
1 92543 79618
1 120065 11678
1 125389 24201
1 9679 168128
1 82138 121139
1 149434 125844
1 3355 88022
1 149543 16027
1 195058 77574
1 144395 84394
1 45896 135439
1 63081 14405
1 113065 15157
1 137486 187644
1 57312 169643
1 36042 53190
1 82579 157970
1 102321 109276
1 197409 35572
1 23313 3799
1 197050 180672
1 2037 50893
1 168382 129863
1 189851 188776
1 23642 89334
1 34545 136969
1 48159 7254
1 45270 69532
1 174755 44865
1 133327 107196
1 180061 2983
1 176647 138
1 189180 51777
1 115148 184393
1 165129 13780
1 196422 175100
1 114813 118313
1 120762 165826
1 60644 58250
1 105726 26929
1 110834 161665
1 146174 162546
1 77286 110477
1 9200 27037
1 152989 187301
1 34388 196630
1 115449 158833
1 55984 152806
1 176051 44805
1 199113 158877
1 99709 191520
1 128292 21607
1 159836 137573
1 62463 137069
1 23428 29465
1 106634 35759
1 33461 35037
1 103146 122399
1 45845 91885
1 138801 33281
1 31439 66968
1 179543 99136
1 83499 80066
1 60156 93587
1 38703 23767
1 148577 42321
1 127349 156242
1 48420 188113
1 65101 49006
1 158332 3205
1 133398 181610
1 176821 53529
1 199256 111427
1 22189 113992
1 29604 121454
1 171983 133886
1 89903 660
1 119822 188468
1 52203 49937
1 172516 16328
1 190632 79855
1 54797 173788
1 14186 83616
1 50558 42416
1 112459 54266
1 170475 20995
1 53970 18038
1 193017 113127
1 33301 48939
1 26623 98723
1 112268 155399
1 132483 95118
1 189047 21711
1 146930 177065
1 69042 163352
1 162017 2237
1 87318 144965
1 69315 64374
1 20307 17987
1 21738 8127
1 84683 134082
1 55042 35102
1 104689 130037
1 7116 159953
1 100707 20045
1 57175 94890
1 964 188658
1 174148 68393
1 58718 35202
1 103867 52248
1 159607 36557
1 91944 120299
1 107058 154961
1 31547 27607
1 1896 142323
1 43808 165491
1 148423 154494
1 151355 171726
1 138602 135007
1 2598 171600
1 81402 187872
1 168366 198357
1 61253 113125
1 80972 63237
1 69853 8357
1 41953 180024
1 26866 103785
1 178676 84233
1 80563 26826
1 42095 130296
1 17058 128935
1 98839 143814
1 189174 128613
1 191820 102988
1 71350 151468
1 136193 93915
1 152403 71262
1 78332 134938
1 64902 109529
1 148689 11228
1 25258 3951
1 54299 100865
1 12636 27172
1 176252 79
1 77649 103530
1 34518 139409
1 49528 110233
1 148552 98543
1 122833 74353
1 69230 148046
1 110668 190099
1 186835 71851
1 172453 48509
1 95993 55475
1 150719 58694
1 198156 133797
1 8831 157273
1 52130 149291
1 49068 159030
1 198519 129526
1 42437 72103
1 137063 72536
1 70114 68351
1 49772 5478
1 107918 160536
1 156760 162254
1 196260 123789
1 181846 134902
1 121448 47350
1 97053 152215
1 145576 162403
1 85429 189913
1 143252 95132
1 172719 17903
1 132314 84311
1 101534 146676
1 180358 56441
1 76507 132103
1 101273 3602
1 165240 114660
1 33575 66387
1 192196 40644
1 39670 126802
1 193280 144246
1 106133 79553
1 151391 131839
1 28218 62698
1 84996 160879
1 108960 130350
1 130167 91396
1 133791 72702
1 37097 96388
1 86924 196186
1 71786 198549
1 41876 178570
1 58855 40288
1 76884 125082
1 71528 148071
1 88315 135130
1 42698 89891
1 118435 151893
1 131193 36897
1 148524 39953
1 113201 192863
1 73883 184903
1 34677 34083
1 158450 57252
1 3664 81435
1 14800 30721
1 74635 153211
1 121995 51550
1 132207 128146
1 170379 102181
1 74301 77487
1 123178 153117
1 44203 86643
1 160330 196204
1 83425 85432
1 114295 116177
1 97011 160161
1 27709 47329
1 115360 41346
1 57995 11841
1 21514 177075
1 155849 106533
1 83384 126511
1 15030 117256
1 9994 106803
1 166790 85931
1 147835 145812
1 79547 193298
1 8221 44448
1 131907 102140
1 181456 176825
1 177553 109346
1 110787 183662
1 125823 4722
1 76527 172955
1 66338 142477
1 56657 53891
1 93807 86463
1 46311 142764
1 191758 109438
1 124974 126394
1 86077 49510
1 16410 157263
1 42791 196978
1 2454 104034
1 50949 173502
1 98301 65950
1 80244 98940
1 145561 160829
1 63064 113332
1 92123 28006
1 28400 30400
1 164507 161283
1 90043 171911
1 146833 189735
1 100362 66873
1 35732 47711
1 49446 165388
1 36626 185367
1 22181 190453
1 185871 152303
1 168520 127530
1 138466 142238
1 7576 168854
1 5805 80199
1 53760 53213
1 99292 73369
1 158316 89809
1 30305 104492
1 137891 28277
1 142702 34138
1 128803 101233
1 119924 189147
1 197179 151766
1 19354 147812
1 171629 6675
1 102720 83329
1 8580 178295
1 176821 117553
1 135731 160553
1 21367 94594
1 31984 37542
1 50794 97134
1 74191 110010
1 189019 43509
1 73890 150528
1 53238 22972
1 28560 89694
1 1541 96997
1 45812 198715
1 132459 171375
1 126200 142340
1 179425 42319
1 63794 82527
1 145839 195344
1 52799 93358
1 122606 14248
1 27422 93702
1 33149 161884
1 191504 138353
1 134273 148887
1 168365 87266
1 130593 195397
1 65865 34295
1 175552 197749
1 171463 88949
1 121469 70319
1 109821 31871
1 127465 54674
1 197577 185752
1 146568 24562
1 152563 177242
1 110283 134833
1 36485 14711
1 191628 22620
1 54375 138287
1 43018 52936
1 156862 34769
1 61862 179758
1 70790 63990
1 180894 62595
1 1710 3834
1 47752 190300
1 24884 117502
1 113746 67713
1 166786 161691
1 165560 15247
1 30024 58728
1 23238 120148
1 91802 9839
1 125136 198245
1 164556 191595
1 7023 114882
1 29708 138630
1 26878 105070
1 184192 120081
1 84885 3272
1 30752 102020
1 156548 10350
1 59926 41527
1 109202 152916
1 146708 164512
1 183799 17120
1 82101 71183
1 100823 32969
1 139735 189479
1 134849 50415
1 94072 165599
1 157416 124221
1 98768 157497
1 10081 199165
1 186926 18945
1 143005 138363
1 88534 98697
1 30888 146270
1 145946 136163
1 58594 117443
1 75511 134751
1 105596 6492
1 156786 156038
1 15158 69320
1 72051 183575
1 3159 159219
1 29794 132225
1 60525 101679
1 150848 176161
1 18183 65044
1 120200 94910
1 185008 107157
1 193031 73026
1 24557 101731
1 22456 30137
1 179322 107527
1 129763 113935
1 97216 116411
1 76279 29638
1 146906 20105
1 79655 196023
1 27018 107944
1 71938 46410
1 32822 60562
1 30294 92664
1 90472 13226
1 134855 30655
1 2692 12749
1 100395 90918
1 116875 7542
1 134824 36403
1 198865 129815
1 167633 27690
1 86139 166774
1 87933 107911
1 3069 28997
1 168362 25726
1 102161 33478
1 132049 56882
1 151931 39197
1 1802 51508
1 71227 161527
1 188450 46974
1 198227 94427
1 57338 139375
1 133434 61710
1 184227 80007
1 101793 6828
1 128056 69734
1 187621 4164
1 192635 31361
1 112725 44980
1 112628 73126
1 41702 172549
1 85446 101809
1 31027 136329
1 26706 52622
1 58553 51187
1 41873 24817
1 17107 102583
1 74605 9811
1 121202 19171
1 157664 43247
1 194016 28924
1 138256 40572
1 112694 47581
1 187370 186988
1 2779 18188
1 1213 172005
1 39551 36574
1 73433 103743
1 89047 195469
1 22184 16446
1 188058 116951
1 95565 102993
1 165308 187226
1 4987 167819
1 96363 4205
1 88280 141665
1 20039 162689
1 142866 131684
1 118757 40121
1 3905 69823
1 162055 5383
1 26622 21492
1 138325 53960
1 83779 48467
1 162399 83681
1 105732 20028
1 29270 45914
1 166477 148054
1 182152 30075
1 76060 162447
1 5148 133733
1 106561 152341
1 47822 160243
1 191605 119253
1 143340 171153
1 46200 3828
1 31888 143068
1 153070 81739
1 169119 169403
1 149819 15718
1 171267 194430
1 185884 75071
1 154341 122485
1 62729 75384
1 4526 14994
1 14793 38935
1 12414 99650
1 123477 180357
1 139885 87688
1 174321 43657
1 156801 57948
1 22599 63617
1 66159 119684
1 165125 97761
1 74263 138608
1 157625 15152
1 162554 108122
1 60138 125761
1 71806 173215
1 49977 62574
1 127653 167320
1 113465 109658
1 65929 117436
1 84492 39783
1 170971 73722
1 124991 189750
1 669 21459
1 48551 138143
1 24669 81397
1 137340 68976
1 41011 113246
1 169589 170409
1 156990 82416
1 118693 84216
1 33819 154320
1 118166 172401
1 152166 134980
1 106532 18193
1 156341 126540
1 171420 90037
1 145297 181633
1 57174 54101
1 199351 152364
1 2959 80709
1 47632 16170
1 128842 119342
1 18220 8509
1 77032 174217
1 194949 13429
1 49862 41821
1 63986 87232
1 2007 66745
1 45609 83662
1 174467 46773
1 28025 183209
1 94015 174629
1 109831 114067
1 34606 53278
1 196809 123810
1 4151 131501
1 93760 8536
1 34471 52500
1 18682 80198
1 168841 180807
1 180040 119011
1 113732 176807
1 86268 100584
1 9717 16318
1 90662 32047
1 76109 164156
1 68047 77835
1 99757 113072
1 91509 76330
1 66239 67080
1 77961 119722
1 110040 142541
1 95399 1657
1 43596 100122
1 10645 20656
1 197201 14365
1 76415 58481
1 23703 146640
1 7024 165375
1 190439 23480
1 35156 144029
1 140858 130910
1 188397 55531
1 197148 96269
1 152467 175933
1 54402 138509
1 51120 9662
1 115561 51742
1 181052 56644
1 52336 177400
1 5557 73139
1 142902 30849
1 23073 43607
1 187384 109646
1 127048 179837
1 32933 25503
1 123628 97107
1 137987 49749
1 45836 173120
1 96710 60214
1 60313 64901
1 125614 43107
1 58294 169109
1 23650 140248
1 71990 36721
1 90635 152933
1 113105 7048
1 31794 22892
1 146024 182670
1 110045 80475
1 177018 87835
1 67239 79786
1 112231 140294
1 118111 48791
1 99620 57090
1 84514 90209
1 63166 104377
1 127932 59651
1 125139 87655
1 161339 88435
1 128526 59129
1 42773 79194
1 179618 126630
1 105661 48213
1 67338 47117
1 42624 17645
1 61056 27408
1 141286 164434
1 111803 158768
1 197318 113245
1 99884 169258
1 59753 198087
1 64059 135121
1 35938 5093
1 35007 95853
1 82221 181543
1 102140 68691
1 185799 176400
1 197152 140229
1 187342 152310
1 132864 151308
1 150361 89276
1 85712 195284
1 194393 25487
1 188256 83464
1 121584 109920
1 48286 70319
1 113938 74976
1 65672 155013
1 73627 148929
1 151153 80669
1 86063 118315
1 109047 10487
1 49368 72380
1 198787 41822
1 163165 67781
1 146690 184708
1 60575 161538
1 155042 82592
1 112568 17753
1 83920 31815
1 178262 142421
1 94576 22345
1 120597 191524
1 112221 114894
1 185436 86158
1 103458 13362
1 76410 135224
1 23097 181662
1 177601 16665
1 66755 141351
1 168226 19131
1 108744 35564
1 19338 94901
1 168944 78315
1 175356 194343
1 192577 152931
1 162479 150007
1 165787 159664
1 196714 14474
1 36978 176419
1 39135 96454
1 187082 85281
1 195461 66630
1 31480 128639
1 34873 29214
1 136791 78107
1 170198 22480
1 180489 36476
1 72274 35151
1 41776 51117
1 56732 84787
1 56109 161622
1 27252 39804
1 174231 198301
1 109194 18956
1 83710 13629
1 140763 174431
1 29537 39780
1 17096 102733
1 68013 27282
1 62008 148098
1 42745 170927
1 68848 102332
1 117119 20909
1 65072 167430
1 68700 128606
1 192016 17011
1 72970 27672
1 90076 18398
1 82844 51399
1 136108 11424
1 51706 160210
1 106952 87122
1 64991 9842
1 105531 34117
1 142480 107663
1 155766 139262
1 35103 144285
1 155560 91127
1 111776 110261
1 146907 171027
1 174314 177847
1 16017 72992
1 191632 112991
1 4895 197843
1 145249 146791
1 186377 117119
1 78238 133980
1 157023 199703
1 46971 24388
1 40791 57061
1 49433 42543
1 146796 199946
1 167362 22236
1 101942 18808
1 41957 72399
1 138571 128941
1 4051 172335
1 161750 90482
1 70713 79462
1 9205 189140
1 74016 78835
1 107480 177633
1 125154 149203
1 33943 1637
1 27375 81297
1 131539 2470
1 53440 125225
1 100881 192990
1 86170 37732
1 40595 104888
1 94150 67248
1 71225 189390
1 134030 120511
1 120151 91617
1 174652 105570
1 136215 66520
1 11599 138213
1 41041 146237
1 150334 103853
1 157352 127478
1 172081 79185
1 174887 166784
1 97212 79926
1 194781 47922
1 186334 90094
1 126198 107183
1 153210 338
1 146332 93612
1 39509 128030
1 193612 96932
1 161296 3212
1 60156 190105
1 199463 170165
1 50924 139661
1 8425 125796
1 143819 148992
1 98042 80508
1 164236 98283
1 193030 11853
1 54921 105853
1 122311 120369
1 155096 137749
1 99450 32428
1 55276 41664
1 108446 162756
1 114926 61684
1 133166 180317
1 24220 37517
1 35295 102169
1 103778 36551
1 2781 14704
1 95414 156668
1 76033 83851
1 98937 195743
1 146262 157030
1 132300 162680
1 124430 156773
1 90736 6178
1 14527 120502
1 133409 35074
1 24674 79785
1 156980 100106
1 16718 653
1 96752 36269
1 175857 33867
1 174954 113892
1 39504 117767
1 113060 141090
1 198080 128181
1 66342 23187
1 69604 88697
1 166878 59483
1 29289 119363
1 193718 37645
1 144191 22953
1 164852 42346
1 74201 65094
1 173271 43228
1 44456 24594
1 141039 24177
1 36819 179651
1 142652 30876
1 150971 40611
1 160202 100713
1 168301 111731
1 124556 163073
1 19944 156543
1 137912 5662
1 56656 127746
1 25762 50640
1 124467 87036
1 146332 178607
1 90875 18962
1 2126 13410
1 64243 90726
1 10769 166481
1 72831 184055
1 163408 51047
1 14677 47803
1 124002 44619
1 137857 23355
1 77218 25823
1 39897 90799
1 80529 45881
1 119997 92378
1 28589 173345
1 175250 60968
1 15954 8267
1 55103 138565
1 45649 163478
1 7273 27200
1 53710 11013
1 82155 190753
1 39327 7804
1 22104 25992
1 111971 191422
1 185076 116359
1 157728 166054
1 122608 95489
1 174049 90339
1 174438 199812
1 51982 115385
1 103894 52195
1 144781 126260
1 31327 81944
1 131608 15854
1 79040 151193
1 188191 96132
1 137871 17849
1 35553 113621
1 118330 1793
1 141382 123835
1 119422 194959
1 173887 126222
1 189477 66542
1 149664 52182
1 135813 29943
1 194174 54159
1 126261 165159
1 147973 54051
1 112977 186306
1 118108 148195
1 146417 191656
1 132411 79687
1 56101 133429
1 192076 12456
1 23796 58654
1 156161 146938
1 120087 21833
1 195254 14542
1 126704 155693
1 153095 24072
1 5520 138667
1 190643 39133
1 126696 155116
1 157234 160464
1 17550 12155
1 14868 152365
1 90291 121381
1 56411 84806
1 67939 31183
1 53466 5742
1 167806 171415
1 116558 175091
1 185334 6575
1 114941 68960
1 4745 42614
1 198925 130290
1 182783 77272
1 85607 175961
1 32295 146728
1 175373 41715
1 28494 11324
1 152184 95876
1 166336 70344
1 23222 4537
1 100995 196670
1 29826 58782
1 163600 55141
1 165221 152798
1 93076 152504
1 139148 53498
1 132135 145538
1 167467 94027
1 114252 126711
1 109906 167484
1 126570 187861
1 93133 194371
1 47304 49916
1 134401 91808
1 119310 111562
1 18244 9688
1 57851 78139
1 9085 142962
1 36514 447
1 148861 185074
1 196393 111709
1 150428 112853
1 122500 69320
1 143832 30669
1 135726 110079
1 189034 2430
1 98856 81706
1 50154 115513
1 128182 47987
1 174246 31864
1 112663 47458
1 131133 144282
1 192004 168252
1 121153 164192
1 161195 193054
1 155278 92392
1 41773 4373
1 109796 79209
1 55894 30208
1 163340 18414
1 175644 182697
1 146857 48791
1 97562 169376
1 161181 117005
1 159182 36698
1 42975 145349
1 29777 36041
1 68250 196793
1 72213 6844
1 43017 69345
1 36837 26488
1 196496 74872
1 102296 11736
1 76637 121069
1 64598 76707
1 199935 22568
1 109647 54828
1 151111 128575
1 124217 124974
1 66013 150519
1 125705 167591
1 54245 76799
1 5493 61877
1 158290 28715
1 199016 106224
1 55306 194477
1 40966 12935
1 27516 121882
1 162465 65247
1 80126 19739
1 28220 74599
1 170794 182193
1 26239 157440
1 128122 158701
1 38203 157004
1 160610 148399
1 6943 69909
1 51503 168606
1 153082 161376
1 25886 169320
1 91443 107218
1 35454 82748
1 25990 110723
1 16073 171525
1 24577 18656
1 114687 30505
1 53375 112647
1 52484 20161
1 30116 47197
1 143996 144090
1 83224 49651
1 45477 182828
1 10184 133017
1 146357 25946
1 46234 187586
1 128692 99114
1 39151 169817
1 117084 138630
1 150879 146338
1 171247 57075
1 127985 84309
1 55192 151632
1 81753 105400
1 189765 47186
1 184181 65852
1 151684 74750
1 76554 101209
1 61981 137384
1 148667 66413
1 61743 125482
1 137547 164689
1 63630 198120
1 159188 189117
1 57052 193026
1 21320 127390
1 165478 18906
1 67046 136374
1 52162 21000
1 142464 117940
1 130278 96794
1 97580 135636
1 17611 93009
1 104007 99705
1 62658 152921
1 64689 77192
1 157654 6216
1 30150 72711
1 113124 197849
1 22106 145079
1 3319 125482
1 179576 92655
1 120487 97203
1 114011 147770
1 10612 72713
1 5229 111218
1 70942 174867
1 52735 171613
1 127432 25419
1 89992 160648
1 30285 119096
1 149923 11554
1 37473 34282
1 119235 66523
1 172780 122294
1 139065 83262
1 9252 13364
1 186216 190795
1 170345 180022
1 188807 148505
1 101606 28298
1 61208 47850
1 114021 115763
1 176743 25168
1 151475 147939
1 147526 22656
1 153397 51324
1 194759 26612
1 141769 111369
1 82618 145158
1 102304 79799
1 156648 159626
1 91611 199384
1 169104 137644
1 80357 30235
1 164577 16587
1 164497 49284
1 41848 52565
1 101236 17075
1 83932 34020
1 154180 145490
1 18678 108184
1 96754 129311
1 160149 142069
1 34821 77724
1 187874 145727
1 181239 139860
1 86752 59028
1 103061 105552
1 94120 73225
1 29842 8089
1 58274 90121
1 13868 122800
1 160519 118762
1 188354 48266
1 60245 195601
1 125940 108177
1 108947 6984
1 197436 187351
1 70215 61213
1 49293 170461
1 90101 21694
1 169578 143236
1 190361 101971
1 128905 98003
1 128295 186139
1 138984 110633
1 180866 89354
1 52463 39364
1 182523 105570
1 13127 63474
1 167820 40016
1 20410 189333
1 87699 22793
1 88908 86622
1 112915 125605
1 181081 80194
1 29225 156156
1 21680 48129
1 123979 11263
1 14575 93144
1 166279 115801
1 47135 163651
1 134777 13894
1 155026 37176
1 46989 18291
1 149884 158881
1 69623 185688
1 46926 161561
1 32816 164626
1 193497 125610
1 174962 161220
1 75810 175556
1 25527 63791
1 181569 77825
1 90926 37457
1 74623 99544
1 187198 186875
1 133296 44895
1 7039 88886
1 87182 165254
1 166069 166359
1 124119 169232
1 144975 57185
1 131497 14868
1 96032 4955
1 92188 113459
1 192924 192882
1 38623 51867
1 60502 77970
1 63446 57853
1 154041 149631
1 190322 164107
1 116613 122681
1 165906 146101
1 57099 130001
1 87514 32356
1 187051 145798
1 194131 94903
1 16076 145443
1 38594 41853
1 99612 74525
1 121355 169011
1 56841 97192
1 92360 165631
1 15680 105306
1 25957 134189
1 136613 10884
1 90111 80617
1 45908 111052
1 91262 190973
1 81686 57167
1 58607 152779
1 109798 48758
1 105893 112398
1 115685 66263
1 99729 46093
1 99675 136335
1 181664 149409
1 177009 162525
1 143510 148072
1 27435 77121
1 16873 61897
1 191658 20501
1 125407 124713
1 123746 7531
1 51562 152238
1 7576 128681
1 49412 113715
1 145183 177569
1 179591 129740
1 143508 193204
1 110159 160252
1 21527 39529
1 41747 53044
1 113035 155209
1 42880 143949
1 164369 35262
1 177303 155912
1 10880 65196
1 153865 138949
1 73129 167247
1 72080 35777
1 114121 143125
1 155473 160276
1 72910 49662
1 179632 13547
1 163727 163379
1 113459 12930
1 163270 154980
1 14170 145829
1 141329 172517
1 107710 144552
1 154344 48457
1 194985 150243
1 73055 55936
1 172853 87539
1 185247 21294
1 74728 146094
1 184097 4942
1 112782 127398
1 40875 5766
1 167704 180705
1 175183 197899
1 53365 94999
1 72225 84470
1 77423 22636
1 190137 61031
1 142281 138799
1 22569 156827
1 181398 18770
1 157247 170825
1 163355 6572
1 637 116930
1 100776 6573
1 31575 9801
1 41396 28704
1 192686 26160
1 75640 136743
2 83258
3
