200000
1 99605 132700
1 125449 187058
1 84424 110440
1 88642 31838
1 20549 14054
1 141472 152096
1 29256 27303
1 95955 63647
1 186229 42692
1 67969 148237
1 10192 182009
1 36842 46758
1 192573 42497
1 171779 109100
1 74548 187826
1 145420 72225
1 154568 8795
1 14708 156677
1 24537 59099
1 173422 163281
1 1431 153349
1 48340 161076
1 121273 106482
1 13180 197453
1 17981 53862
1 164569 143593
1 195874 193127
1 77204 63486
1 167779 38874
1 158443 71528
1 1205 5791
1 147978 6115
1 42563 193006
1 156072 99721
1 90473 84146
1 175587 68429
1 118511 72998
1 133727 20215
1 50247 86255
1 143132 49249
2 131401
1 47538 9495
1 150558 197358
1 175208 51746
1 85000 155659
1 18070 117127
1 86568 170703
1 53058 43674
1 144058 105726
1 35674 46493
1 151070 140655
1 124528 187929
1 104874 71109
1 32250 194361
1 24270 96490
1 196170 20266
2 13231
1 169395 87434
1 183075 57597
1 12921 180923
1 123317 132246
1 52766 163887
1 86684 197216
1 89240 6532
2 72328
1 174001 149617
1 114763 39814
1 76901 137834
1 166406 63550
1 19792 99983
1 5275 82157
1 192090 197595
1 12575 126687
1 97549 7566
1 128418 62704
1 181143 132109
1 151692 152900
1 26112 152250
2 155768
1 75872 95276
1 136203 135313
2 176544
1 82962 142088
1 114864 76254
1 13242 48388
1 50981 75846
2 104583
1 21884 26064
1 41615 115963
1 3057 94712
1 58805 104066
1 133151 176916
1 112483 7816
1 158167 99199
1 198909 54941
1 38398 65535
1 12768 166791
1 171240 11512
2 64607
1 47875 194868
1 98376 128828
1 154827 60586
1 139749 5673
1 188045 199828
1 10483 67072
1 130728 3290
1 192372 163968
1 180085 16418
1 189975 123210
1 55171 77990
1 165016 183900
1 45905 20310
1 159130 23373
1 138380 48497
1 73091 48073
1 132042 129055
1 168536 49358
1 12871 133137
1 191384 92518
1 80926 31260
1 72542 63206
2 191691
2 88247
1 11816 153554
1 105698 70844
1 165445 143829
1 84146 107613
1 167061 104084
1 1531 12370
1 132651 14058
1 129956 20723
2 130315
1 76246 66019
1 40198 49966
1 145582 60624
1 90841 138745
1 139538 89995
1 111444 75001
2 105240
1 189836 195339
1 178270 160587
2 186289
1 97162 55446
1 142514 59759
1 177568 198361
1 134946 63961
1 153073 87244
1 47866 107521
2 134941
1 193887 27704
1 167626 80982
1 189177 59231
1 149984 192730
1 112097 156313
1 195727 166513
1 66887 75980
1 66679 26090
1 45360 177466
1 173255 173521
1 53497 122270
1 103062 70645
1 107792 103877
1 98888 114008
1 143664 70954
1 30622 42935
1 60573 109910
1 127965 53948
1 56223 119287
2 56803
2 199362
1 96318 131786
1 47942 116288
1 100478 140348
1 188852 94615
1 43458 108468
1 79956 139047
1 185775 134001
2 157771
2 11256
1 3898 53778
2 135816
1 124205 162838
2 98833
1 17223 31222
1 52662 188057
2 152026
1 24906 153308
1 196112 170607
1 71316 185970
1 46929 32425
1 167878 153706
2 191157
1 108648 55986
1 27978 32294
2 199580
1 181366 182939
1 36391 183645
1 146285 104297
1 180995 112826
1 22274 116642
1 165527 127631
1 81614 82213
1 12320 95711
1 65475 96639
1 158687 55023
1 100042 156966
1 170509 195493
1 91552 84661
2 186530
2 73550
1 26410 29077
1 66845 139559
2 154397
1 25493 155201
1 124112 34947
1 4633 22537
1 165339 2211
1 39683 170905
1 4636 101015
1 5739 12319
1 25358 174151
1 114185 142058
1 182918 94881
1 81843 114123
1 129290 43483
2 21145
1 36992 63025
1 120171 167359
1 134377 161723
1 107473 50361
2 24229
1 10526 106389
1 58642 149801
1 42316 34918
1 79693 173830
2 138537
1 18673 85960
1 167735 22644
1 29606 169117
1 88862 30873
2 185427
1 178445 117919
1 302 22689
1 122240 11065
1 20704 125616
1 16592 175224
1 189764 83341
1 60843 45583
1 118591 181814
1 14720 12979
1 139433 41233
1 169466 17466
1 19440 113706
1 194367 63477
1 15663 120941
1 164584 36747
1 43022 183845
1 4738 68695
1 163229 59443
1 181573 84739
1 65900 29008
1 151956 111014
1 148142 109127
2 94005
1 193141 194254
1 69108 164434
2 47094
1 81316 199504
1 188923 151432
1 72592 125682
1 75713 134753
1 8408 192457
1 3844 160031
1 162400 14048
1 47403 90565
1 33605 166978
1 146888 40311
1 124889 181133
1 144253 135736
1 189024 22229
1 186831 18338
1 117195 10364
1 44744 124518
1 11828 184336
1 96466 76742
1 117530 97892
1 57041 42448
1 129501 76721
1 6274 43101
1 198973 122223
1 115794 73866
1 52176 194735
1 94208 78965
1 105473 80252
1 77813 184187
1 196624 118899
1 48227 124848
1 185030 86047
2 114974
2 194413
1 120088 142656
1 109699 128865
1 31006 96054
1 130501 68530
2 73201
2 17979
1 182246 160884
1 11018 176388
2 166538
1 185410 75880
1 187630 97805
1 41487 184251
1 155904 141216
1 22915 168153
1 131030 8459
2 43028
1 154587 88151
1 26729 93667
1 29603 99574
1 68152 160216
1 175587 86136
2 147225
1 159097 51945
1 138081 44669
2 105323
1 190680 105098
1 148338 172469
1 34138 172391
1 98111 141602
1 173502 31378
1 97599 64674
2 97422
1 42357 13587
1 27767 13767
1 127039 146022
1 13133 9625
1 154493 69515
1 72020 42017
2 37886
1 152001 44228
1 133821 111503
1 163554 163690
1 108842 128757
1 190944 137859
1 65008 137833
1 16766 35223
2 178067
1 49439 85575
1 62606 180081
1 142997 38084
1 51558 47904
1 152731 87870
1 134242 83144
1 152238 107125
1 120247 165762
1 59309 2337
1 83559 145778
1 10616 78504
1 127926 148258
1 124553 162528
1 18475 182113
1 171219 57863
1 57673 98842
1 104537 104447
1 161679 13048
2 5649
2 21037
1 54841 127993
1 137302 25148
1 16913 17354
1 76753 121693
1 28674 59570
2 31568
1 22245 40825
1 68102 76341
1 120254 150443
1 143265 178926
1 136959 170096
1 98279 52468
1 837 183072
1 27111 166852
1 183689 92012
1 71935 72220
1 27029 35967
1 143673 5560
1 123785 155797
1 136805 462
1 74510 139099
1 142711 70024
2 104152
1 12338 163
1 148368 132898
1 50426 36086
1 31212 112486
1 132943 159864
1 40516 188059
2 29325
1 94540 191365
1 26758 150298
1 71140 142977
2 31145
1 111249 46620
1 197334 155917
1 193960 188388
1 113470 68551
1 72091 81151
1 73913 124250
1 178949 9091
1 109146 177357
1 22273 142804
1 119256 167694
1 91645 59741
1 3011 100102
1 115933 60752
1 170247 29245
1 19282 145823
1 47075 109296
1 21755 40378
1 185003 146352
1 27069 137418
1 3323 167678
1 112286 160686
1 103805 17956
1 55910 103477
1 195038 133655
1 147833 171612
1 18445 140811
1 3630 99657
1 79861 91862
1 151349 115272
1 85499 122441
1 91304 21188
1 26362 66634
1 154287 144905
2 125246
1 183186 21401
1 99760 165759
1 540 77944
1 160772 96735
1 98061 150590
1 132973 50214
1 160069 94102
1 149537 72509
1 84124 11844
1 149413 12072
1 30936 161792
1 165411 26120
2 73967
2 89293
1 190225 42097
2 76324
1 91748 15112
1 99978 184310
1 20542 49664
2 35766
1 27155 60021
1 99333 22404
1 141764 114717
1 115315 157904
1 118060 60183
1 120828 88715
1 153383 193330
1 26314 121524
1 47859 80194
1 26817 19164
1 64432 52543
1 165917 87963
1 49950 54241
1 155981 11597
1 160850 192121
1 180686 179730
1 64057 109458
1 173964 64005
1 116626 184968
1 4790 55420
1 163558 15592
1 153824 63105
1 3017 45193
1 11229 104847
2 38806
1 163789 77533
1 61045 119463
1 143134 49157
1 6961 111635
1 31584 12685
1 143568 101868
1 160668 990
1 189060 165752
1 47137 121260
1 159609 23406
2 87940
1 118081 74045
1 199051 47196
1 179767 181519
1 114401 196157
1 158432 126725
1 43603 27572
1 167872 123491
1 83307 50692
2 97634
2 15002
1 76895 82832
1 12926 94702
2 80679
1 178355 77803
1 58224 37670
1 74181 127834
1 111408 104203
1 48662 150239
1 192952 194471
1 141093 149798
1 172659 2152
1 53793 83277
1 110131 175765
1 152679 157316
1 42959 19273
1 157501 44644
1 159228 132788
1 6222 112332
1 104939 52943
1 79080 70466
1 129698 52704
1 17396 59017
1 76958 106094
1 134516 173183
1 59624 42437
1 141955 199097
2 157686
1 74206 8840
1 149783 32260
1 146193 17403
1 35754 182771
1 111446 160988
1 35261 33698
1 18689 96433
1 135437 120331
1 87035 73407
1 42929 137952
1 78099 1548
1 94861 40166
1 128867 36435
1 167828 89234
1 165863 136584
1 194818 15394
1 58970 66574
1 114649 134717
1 57107 35189
1 82203 29006
2 5279
1 37051 101577
1 108035 162143
1 35177 34714
1 10522 176611
2 53470
1 85923 56081
1 191942 38322
1 143746 140903
1 32747 56342
1 42222 52569
1 30637 42740
1 197615 68195
1 52459 108106
1 187671 83258
1 164941 16580
1 113945 195466
1 133578 180825
1 84008 182893
1 65498 77288
1 120916 172204
1 70263 104723
1 176289 151354
1 168538 63003
1 69865 26989
1 197300 26301
1 96628 167999
1 100203 45772
1 41174 26693
1 41046 41936
1 155849 136878
1 83195 66782
1 72715 133119
1 38216 30713
1 184057 21389
1 50256 24680
1 186476 98620
1 70599 87064
1 79636 88183
1 110400 169332
1 168084 152559
2 194149
1 178264 135645
1 176165 171512
1 45664 170190
1 33046 106569
1 4792 43915
1 23799 193079
1 43025 82716
1 43283 177451
2 108728
1 179677 77483
1 8799 7574
1 72129 64140
2 18531
2 7156
1 54511 128239
1 145461 174010
1 136341 107768
2 65439
1 127835 91747
2 36042
1 99599 185518
1 92474 59413
1 4117 55808
2 107896
1 21885 116420
1 166974 93610
1 24476 49869
1 173862 196887
1 89622 35933
1 111566 16871
2 158722
1 190671 122169
1 177423 15592
1 185222 155923
1 49156 142717
1 196674 170889
1 98527 138206
1 146469 104808
1 81541 34511
1 138638 42617
1 181770 90997
1 95437 68380
2 126030
1 109761 4904
1 166745 23063
2 45478
1 167986 65640
1 146991 176855
1 117845 8204
2 34786
1 120460 149537
1 183025 26152
2 149443
1 17005 122488
1 15950 74046
2 76153
1 190032 107171
1 109059 46189
2 163503
2 146162
1 112480 192867
1 36059 70164
1 153294 73800
1 48771 63557
1 22995 143778
1 59660 161371
1 50537 112771
1 130431 138925
2 103267
1 94361 135544
1 21737 4778
1 10863 117564
1 96307 144566
1 136790 109591
2 38321
1 42651 112164
2 92142
1 70022 159056
1 78803 121678
1 175471 13329
1 90862 138066
1 25889 133947
1 126860 113672
1 132528 168907
1 153026 93410
1 159849 27002
1 43668 101559
1 29070 135768
1 94418 194486
1 79763 187303
1 49971 166189
1 124441 90299
1 53935 94522
2 193513
1 139980 130978
1 125474 12212
1 113183 19295
2 63965
1 29299 130755
2 101402
1 103193 165713
1 57880 137379
1 173735 23239
1 87395 62104
1 155922 199822
1 143690 71365
1 199558 50356
1 154351 178222
1 27711 96117
2 168596
1 34945 3521
1 197816 109119
1 9117 176405
2 155931
1 117517 198395
2 183170
1 88658 61320
1 10587 71885
1 115130 189800
1 192342 143801
1 104924 111477
1 99949 181033
1 113371 119829
1 129992 164852
2 195587
1 157325 184764
1 146516 8353
1 106413 30854
1 40527 128738
1 5811 174026
1 143832 146543
1 19602 57996
1 145058 199560
2 91722
1 52088 3346
2 159144
1 173742 67016
1 182775 160644
1 91289 155360
1 196286 7199
1 85905 109408
1 178920 40115
2 138758
1 72229 142412
1 184158 13551
1 64007 35267
1 22173 189706
1 189326 14911
1 176797 6998
2 106950
1 20252 161190
1 31625 188557
1 142301 182089
1 196781 62925
1 5503 38395
1 179627 38011
1 50715 59310
1 133039 144401
1 23846 64114
1 41585 55880
1 94760 135115
1 172953 146009
1 134521 60306
1 174226 195188
1 61698 158929
1 7661 148865
2 83441
1 167789 102584
1 80339 27645
1 141304 168799
1 148405 83292
1 8575 74947
1 185559 175105
1 130967 14809
1 58690 182107
1 17508 136965
1 97186 133067
1 120336 194678
1 29729 108517
1 18510 143557
1 121416 164009
1 116305 6665
1 84818 61955
1 175943 94078
1 105042 86657
2 3995
1 69235 13319
1 110618 130858
1 111768 27262
1 142954 150213
1 175173 23336
2 144492
1 36234 38887
1 190670 35129
1 37365 125802
1 55079 4415
1 37784 158580
1 114607 50777
1 25237 79071
1 108490 110000
2 181266
1 6004 40929
1 140294 84811
1 192476 108830
1 13189 188151
1 6677 62250
1 102681 15967
1 22526 107046
1 185433 118842
1 178324 14440
1 42788 21774
1 7385 18424
1 188834 155267
1 165413 79946
1 183671 164809
1 110860 445
1 133832 48876
1 140914 181076
1 48242 128565
1 55659 139636
1 154951 101187
1 65367 130718
1 40588 124011
2 65980
1 140923 63152
1 67249 179300
1 164537 107022
1 125315 19770
1 155000 71205
2 199191
1 71028 197867
1 130459 179516
1 116886 7947
1 119044 117617
1 122836 112380
1 77452 137123
1 147596 42147
1 166460 91176
1 191835 12487
1 31026 62459
2 597
1 21669 48122
1 140772 86533
1 32556 125418
1 135913 132135
1 138500 2499
1 186648 156579
1 52488 139205
1 26711 143627
1 106512 9747
1 100703 153815
1 177965 118153
1 109208 42399
1 89188 72025
1 155829 78874
1 146094 178669
1 78929 124822
1 136624 146040
1 98763 41015
1 158839 6686
1 90271 189044
1 126199 187527
1 76870 168591
1 99525 96831
2 86671
1 92971 39955
1 4615 174974
1 178855 119275
1 143370 57894
1 90099 76398
1 18349 143746
1 86506 5070
1 64861 118616
2 155806
1 16898 146605
1 85473 69372
1 138764 27081
1 50609 120548
1 137412 185977
1 8050 147458
1 184447 122522
1 159212 125169
1 88692 19800
1 56137 143633
1 123922 199343
1 113174 18662
1 53729 74338
1 72509 12853
1 138588 104700
1 146881 135962
1 167885 191303
1 43131 7724
1 116651 96778
1 340 36819
1 52081 142087
1 171394 120489
1 135487 193524
1 34759 77648
1 29878 67704
1 182887 118035
1 65614 176169
1 157865 101377
1 57083 176581
1 167697 75782
1 133760 56495
1 50396 164683
1 107155 126827
1 174781 175759
1 19315 139804
1 91478 196166
1 92998 146813
1 161081 90098
1 187126 21533
1 115360 172033
1 37006 41375
1 14314 135206
1 11536 124401
1 7512 25147
1 44249 94604
1 43720 100821
1 84024 28461
1 84016 158057
1 108300 114643
1 163998 95
1 197340 148984
1 176687 62453
1 40636 70995
1 49741 139414
1 92445 87630
1 49069 29690
1 111988 4165
1 88776 165249
1 193039 184959
1 197593 57995
1 84468 78769
1 185495 127771
1 10620 123567
1 115765 162156
1 107182 125941
1 152919 118483
1 155935 31958
1 92822 154902
1 25225 153347
1 82743 81100
1 119851 180223
1 134631 62262
1 15201 21089
1 178170 10972
1 196996 192459
1 67813 45100
1 181315 62570
1 22969 81999
1 64258 113517
1 34338 80013
1 152755 178634
1 107552 15460
1 24307 56686
1 71556 153315
1 175848 53443
1 5422 186124
1 68632 195048
1 40966 65642
1 154124 55085
1 41464 137392
1 119013 178701
1 176244 105491
1 33982 182127
1 176421 89642
1 114244 157791
1 48816 47235
1 1810 66121
1 159025 179976
1 183121 2807
1 77874 88275
1 175118 88012
1 62124 3023
1 42716 175809
1 189697 83728
1 186669 158879
1 83962 23156
1 120812 30716
1 186621 130938
1 120222 166586
1 850 17826
1 78137 99261
1 113304 114567
1 49924 13100
1 193985 90041
1 120495 98667
1 72150 44959
1 163957 165719
1 127335 50316
1 23280 90882
1 125842 177119
1 99325 112688
1 162487 125344
1 50513 72466
1 40250 79833
1 184858 60033
1 118074 24690
1 74713 194046
1 42383 129104
1 124671 65705
1 199434 42031
1 44423 41664
1 40361 84798
1 151252 104217
1 31704 14779
1 172939 71074
1 17903 65360
1 69555 170775
1 107881 14381
1 4682 67205
1 128161 107046
1 109162 158782
1 35219 23119
1 55773 68636
1 137168 46102
1 178174 48825
1 188610 5281
1 74321 59887
1 100450 45992
1 87715 4173
1 85879 113813
1 26342 21658
1 143697 16857
1 76295 120334
1 107910 76946
1 116241 88334
1 76715 79579
1 12807 75047
1 134293 134451
1 173372 45837
1 132434 4689
1 152310 87508
1 179426 155783
1 126659 120368
1 19131 144854
1 67163 48809
1 197180 112912
1 140856 151970
1 21232 98933
1 83058 108811
1 193159 54023
1 152222 129444
1 7632 134959
1 66152 4084
1 113018 131861
1 35759 145418
1 33292 31098
1 24737 6194
1 99746 21529
1 160279 4538
1 187114 2494
1 82931 140967
1 34207 171623
1 38009 123890
1 171844 33945
1 53994 6408
1 69539 156228
1 60391 29889
1 192520 179483
1 131589 119071
1 113913 8685
1 6060 126410
1 26551 160648
1 126646 40267
1 125498 18704
1 54469 43143
1 65064 139483
1 120932 104061
1 121879 192335
1 167585 182722
1 46340 150143
1 148010 379
1 178516 181186
1 115174 63579
1 149706 142293
1 93206 44063
1 155849 87668
1 158701 155079
1 107595 44531
1 129965 124246
1 45089 10083
1 139779 93389
1 135021 141154
1 178212 5028
1 171165 8386
1 177833 140617
1 56362 57502
1 102951 191965
1 23824 104952
1 172562 153323
1 142031 142039
1 76436 163051
1 95331 174433
1 188586 169399
1 59520 102388
1 104959 194189
1 70289 161290
1 174475 13061
1 89137 184909
1 166317 20051
1 9769 46455
1 1096 7808
1 96748 104110
1 183131 65381
1 117777 192351
1 45284 31209
1 1552 137177
1 150902 105212
1 44991 160172
1 119769 136339
1 143437 79298
1 84003 184934
1 122496 110205
1 36820 112871
1 167147 150611
1 102391 59076
1 79667 192486
1 127414 185439
1 158915 103464
1 60733 77261
1 102733 121389
1 121555 82125
1 127491 198866
1 199605 56394
1 10325 141
1 42164 59475
1 122284 49749
1 189841 138649
1 149095 186549
1 181527 101290
1 85205 21100
1 48760 98349
1 34803 128776
1 132331 102814
1 187815 18691
1 126342 81035
1 84988 69532
1 136791 127502
1 1248 165626
1 12360 80845
1 62428 61245
1 48114 8175
1 14547 36582
1 111234 85600
1 146557 85674
1 189579 90056
1 45605 111441
1 37034 73095
1 126048 41620
1 79584 48565
1 40847 159287
1 9964 107544
1 121368 114212
1 158889 172582
1 16801 148937
1 78055 93372
1 152461 14772
1 13004 23199
1 103419 113388
1 59949 164338
1 179196 183634
1 43048 57143
1 187604 181817
1 61316 22026
1 20211 84866
1 141197 39451
1 141429 165180
1 82153 163564
1 39512 1660
1 65535 83787
1 32508 113208
1 179082 188625
1 130529 133736
1 123257 96026
1 181532 67679
1 147722 30214
1 83930 48615
1 152486 65712
1 82393 115804
1 91647 46830
1 167140 195083
1 59688 43914
1 179663 19019
1 127093 102783
1 196211 32028
1 24147 22326
1 79914 74622
1 135018 8130
1 16270 152275
1 96753 156761
1 103277 24184
1 41489 114645
1 117520 8224
1 107390 25771
1 193454 20915
1 95314 154155
1 175339 112934
1 180459 37432
1 53206 196828
1 8070 81864
1 113250 39292
1 85981 140191
1 75043 106003
1 185534 179016
1 196812 48300
1 50797 187540
1 93928 44270
1 176251 129751
1 38998 98166
1 86823 28832
1 90825 181813
1 78005 94520
1 81472 128587
1 78477 133598
1 22786 3237
1 173718 9345
1 152797 184084
1 12884 199677
1 176287 120943
1 159102 114138
1 189205 57387
1 166115 108803
1 131 172665
1 2559 38020
1 33828 75679
1 168921 11654
1 27364 126362
1 146081 65294
1 99610 170739
1 148679 78195
1 198603 36896
1 160413 103968
1 81883 94557
1 126192 102602
1 43286 27467
1 88035 162866
1 122719 176137
1 24270 188958
1 24631 77073
1 4630 134163
1 21042 15317
1 142861 125143
1 141749 189339
1 41228 130597
1 133555 87701
1 75215 39409
1 77480 110660
1 143953 61790
1 84310 63119
1 57449 69820
1 7423 88287
1 169828 162247
1 167268 57597
1 166307 152668
1 69116 185775
1 35511 153470
1 171127 177040
1 113338 157449
1 90677 33006
1 193009 197877
1 65921 194473
1 40544 87118
1 63698 102666
1 194028 180530
1 109316 45280
1 144120 109324
1 118163 16481
1 72249 98192
1 198874 151552
1 92828 128374
1 109834 121738
1 110426 90683
1 85932 180295
1 29017 21973
1 179355 91470
1 128517 23542
1 30845 155304
1 195631 176835
1 138049 182056
1 59046 14230
1 120798 112074
1 43604 93426
1 131275 121739
1 52891 74374
1 137977 41992
1 145584 144164
1 167768 71899
1 120951 30019
1 67721 74930
1 129568 64435
1 12065 165808
1 4802 84319
1 179935 170057
1 52982 96648
1 15149 64088
1 176437 18240
1 23708 52420
1 20213 55654
1 76828 165780
1 141057 146209
1 32827 73679
1 140183 26782
1 51232 104984
1 183495 152462
1 151046 57865
1 88009 170906
1 121533 129038
1 99743 172969
1 190238 80772
1 21868 102165
1 54094 150994
1 70227 144362
1 45686 34183
1 154388 36127
1 122433 52661
1 144291 88408
1 163607 36941
1 98058 140636
1 189080 37179
1 47617 161747
1 120539 170309
1 39627 140484
1 183080 191071
1 177300 57804
1 110835 76689
1 136905 170594
1 197404 168268
1 153271 32970
1 144036 58442
1 127016 132631
1 112625 90596
1 2105 31397
1 16964 84664
1 40320 22614
1 189689 157052
1 158109 39244
1 102848 10461
1 8095 20391
1 192218 48220
1 9498 129536
1 45783 117097
1 163590 38310
1 35726 123905
1 88794 37848
1 191005 80965
1 163561 163268
1 59427 18204
1 179708 90878
1 152891 196746
1 105649 60291
1 140346 60178
1 2772 78767
1 151148 9417
1 183420 172604
1 104715 162043
1 127464 187901
1 79616 69571
1 410 88539
1 126365 486
1 63987 98126
1 119962 169840
1 9807 93855
1 157712 160274
1 136291 108572
1 42804 763
1 101526 80284
1 116821 151157
1 158237 162165
1 74840 1537
1 191578 94011
1 120882 56758
1 37622 106939
1 21478 195928
1 76669 126711
1 111489 32245
1 72954 174307
1 27731 127236
1 18323 131103
1 124848 119040
1 97063 150967
1 62695 40641
1 89894 189849
1 28608 145309
1 105008 152918
1 102268 187710
1 45682 16731
1 143048 71557
1 158141 26417
1 93699 131486
1 45864 81714
1 9778 189284
1 93991 15694
1 142784 107448
1 116012 165246
1 81211 15773
1 125119 95047
1 155979 72086
1 41881 191026
1 69941 195202
1 22982 137994
1 86032 39032
1 87482 47766
1 196166 58654
1 47540 30808
1 194702 99919
1 122449 134726
1 187176 76398
1 192435 11784
1 155033 181892
1 197139 103218
1 109608 183009
1 31523 31363
1 94937 129969
1 139624 146078
1 159274 148637
1 111190 16072
1 53195 28517
1 145581 32226
1 146978 53115
1 162387 41192
1 77694 9507
1 189811 126634
1 57050 16200
1 156629 141961
1 142677 71073
1 154559 68277
1 55409 126725
1 115467 56933
1 57930 17419
1 108234 124055
1 158999 56422
1 186136 51849
1 111655 175807
1 55808 154488
1 190420 188564
1 161299 61593
1 61516 138640
1 54211 139221
1 82305 136300
1 34310 27657
1 163502 198918
1 150376 116669
1 124492 65472
1 27440 119907
1 77780 178779
1 32439 145299
1 150006 62995
1 77701 166853
1 86362 113533
1 93613 94992
1 175638 46687
1 33450 141474
1 72560 195024
1 78075 154560
1 38485 39441
1 172412 77951
1 38490 68523
1 8582 143042
1 179506 59850
1 125513 121526
1 13359 127129
1 164455 86667
1 186046 89246
1 188691 72308
1 142109 40344
1 78763 157666
1 140446 114262
1 107987 20669
1 33825 49371
1 27730 178467
1 34958 71216
1 109297 74660
1 70418 55945
1 170898 30078
1 130011 44252
1 185998 113494
1 60181 145661
1 53011 54839
1 2406 89406
1 4349 181454
1 24039 119238
1 2866 167973
1 84070 69617
1 14019 55840
1 184409 61479
1 196289 135222
1 177060 187072
1 3101 183729
1 189517 25559
1 128515 97511
1 161982 141613
1 109432 149498
1 15932 120768
1 56434 53582
1 143719 85420
1 79288 118923
1 87794 119297
1 46459 159315
1 181028 62054
1 172212 147908
1 163790 184430
1 193727 112176
1 33614 3257
1 22518 10524
1 149253 17357
1 155025 144311
1 35989 77749
1 2366 95580
1 187486 45209
1 182717 137866
1 159865 149151
1 172286 15394
1 194037 55041
1 54909 40290
1 153552 117871
1 63965 29665
1 76025 88359
1 151812 182411
1 84486 186131
1 37622 73629
1 7792 41636
1 35253 160932
1 24406 133164
1 187736 20018
1 21873 24768
1 171882 35617
1 44243 91535
1 131526 177804
1 22311 133501
1 193200 60491
1 144100 154307
1 110838 146222
1 152402 195275
1 134600 189949
1 145538 97927
1 197844 1198
1 56903 112915
1 144294 32679
1 177594 113739
1 12159 86517
1 1581 7790
1 66803 85068
1 122031 67956
1 8008 143489
1 107137 45549
1 45325 128070
1 36375 149723
1 74680 32293
1 125201 4689
1 175684 96959
1 157243 57548
1 64457 117253
1 104258 11666
1 65884 79095
1 174265 191753
1 96618 91677
1 103692 115930
1 74448 105731
1 142979 130695
1 133373 158265
1 131963 125321
1 152843 120714
1 165344 49518
1 56794 55676
1 124654 69233
1 98159 87433
1 47208 109979
1 137228 98012
1 38681 11737
1 64592 158542
1 10507 38367
1 144913 4513
1 93317 123068
1 30968 28990
1 99208 138815
1 183772 93292
1 37068 161226
1 185058 75281
1 57720 77620
1 66453 131884
1 53216 136740
1 126913 131602
1 49603 6250
1 51413 180713
1 124228 93985
1 77881 180514
1 68583 79236
1 48620 87291
1 24143 136077
1 30883 156660
1 49526 154580
1 24030 81297
1 173614 77863
1 82315 151121
1 167191 89381
1 11679 112301
1 44256 143392
1 83059 114324
1 102658 139443
1 101469 68004
1 104634 28833
1 90127 44524
1 151494 62704
1 139252 121953
1 123939 23108
1 90761 37407
1 173381 21375
1 96633 119969
1 88791 199256
1 21693 23683
1 135925 31930
1 148978 125751
1 151334 191711
1 34620 33477
1 84318 78574
1 190106 64583
1 14836 55442
1 72843 19044
1 64928 116379
1 81120 86348
1 150137 6553
1 50915 172597
1 151597 91255
1 75303 145748
1 193856 78037
1 188528 190431
1 121289 14186
1 101830 130241
1 196842 56537
1 90580 139102
1 9743 155665
1 45831 155721
1 3818 129962
1 160356 49922
1 19437 142910
1 18985 54964
1 103113 79877
1 129319 183151
1 13221 92788
1 197472 20514
1 101793 39255
1 35741 199389
1 169164 139885
1 105425 60677
1 90852 137285
1 26996 56343
1 167885 36374
1 193241 16161
1 142612 156451
1 174290 90814
1 66981 39696
1 180038 150161
1 25290 35775
1 104336 25669
1 163622 114735
1 164314 178499
1 99634 181398
1 61434 79668
1 161463 166716
1 148941 178617
1 179083 125531
1 166483 61415
1 37904 159477
1 146826 159560
1 5418 173237
1 83341 178063
1 16256 19273
1 88495 160475
1 102326 103551
1 114259 64430
1 32744 155295
1 99279 195310
1 115626 98120
1 124418 44125
1 68864 152526
1 17713 85078
1 18456 179539
1 197161 62344
1 150479 94500
1 149009 183158
1 20579 84118
1 147150 98670
1 95477 87970
1 80796 81289
1 78083 137598
1 153770 92132
1 90979 152060
1 73078 76765
1 175043 178919
1 127338 38992
1 54751 118107
1 15798 121427
1 12227 12070
1 129070 56752
1 92867 101085
1 185190 193251
1 173880 128640
1 92876 44883
1 34365 130770
1 153350 113812
1 171370 126706
1 63180 120669
1 124367 55231
1 56520 97798
1 4723 94186
1 196908 112517
1 180110 141148
1 41363 150890
1 163204 31243
1 195163 54168
1 138852 9559
1 93314 150086
1 147106 133035
1 150336 149174
1 70736 84305
1 13476 176436
1 32866 3797
1 58610 171090
1 22563 57502
1 6140 140386
1 151091 165130
1 165951 14516
1 110915 163720
1 57920 34769
1 168723 184250
1 57063 160248
1 75690 24203
1 168412 77656
1 74710 8205
1 31904 52175
1 126566 37016
1 21294 141921
1 152997 170399
1 26451 4923
1 77208 106772
1 56330 145449
1 188603 122557
1 102811 23829
1 88119 89559
1 19190 132546
1 44264 166444
1 187147 26056
1 79053 161520
1 18156 111890
1 199439 162272
1 138342 72917
1 161783 32030
1 170589 23378
1 93353 190599
1 141351 96975
1 104551 156758
1 17642 79058
1 14850 119165
1 149049 143327
1 59619 57986
1 115307 46259
1 72442 155415
1 958 110336
1 21060 66046
1 181483 107049
1 173316 12636
1 69450 53633
1 125882 68827
1 120104 89537
1 50152 12741
1 158310 113032
1 59013 51678
1 121045 75031
1 103810 1218
1 51536 27019
1 49916 146560
1 159066 31068
1 126338 148022
1 10936 131031
1 108169 139565
1 151888 139160
1 21804 62711
1 116034 157131
1 10152 31815
1 112839 90980
1 135576 81233
1 32265 55900
1 196013 109731
1 20930 91438
1 9009 30659
1 149336 184145
1 49213 172361
1 149816 87159
1 50360 152830
1 168689 7494
1 134354 189878
1 60563 140054
1 184384 22635
1 160328 8875
1 82809 49307
1 146483 6388
1 158834 198564
1 177415 25156
1 7894 93917
1 52586 68240
1 34696 14136
1 28362 151465
1 112220 161237
1 37695 157754
1 157204 185193
1 134178 79813
1 146968 167824
1 25517 124826
1 45496 180463
1 83028 190681
1 61925 111310
1 74403 61033
1 67821 9973
1 168920 1848
1 12343 57477
1 83395 15157
1 90431 90329
1 49309 131594
1 33299 197405
1 178598 98399
1 188813 81582
1 179074 188236
1 3538 189428
1 85973 144477
1 133772 185724
1 130780 46028
1 48996 140953
1 181007 2491
1 158339 115644
1 12341 74864
1 91081 121106
1 135303 115156
1 128142 39327
1 145673 190062
1 2392 180504
1 64101 6812
1 152925 35846
1 191497 168658
1 95226 169944
1 168963 162136
1 185011 197513
1 188954 3198
1 54573 14195
1 24559 195489
1 39978 64882
1 192149 88227
1 188356 184125
1 58286 118695
1 70444 127297
1 100871 61131
1 164708 27839
1 71285 193962
1 112122 25640
1 46448 58641
1 116294 100150
1 151599 54144
1 24423 62094
1 157574 63653
1 180922 158292
1 151676 175700
1 160667 150222
1 67889 161675
1 47264 130940
1 43566 28452
1 196434 11895
1 45710 180826
1 164206 47049
1 60237 135744
1 110877 153164
1 57838 172671
1 139184 195142
1 88786 32080
1 39710 36547
1 11414 38138
1 134721 23284
1 158317 163661
1 45710 183944
1 32639 131038
1 4372 107401
1 16129 34692
1 85625 36473
1 142230 136211
1 183088 196846
1 1317 98584
1 13246 138154
1 9211 136661
1 148589 121534
1 113763 183934
1 95505 12449
1 145604 92469
1 91899 188044
1 174075 577
1 24251 46681
1 44409 165077
1 184346 49884
1 102367 5823
1 4886 163520
1 196311 169518
1 96864 138406
1 128182 21992
1 193940 67643
1 108240 91531
1 158136 115160
1 191003 51204
1 1208 32223
1 83335 197517
1 138464 95443
1 172701 177771
1 122969 156408
1 15894 34663
1 147752 114539
1 139582 20684
1 125860 4612
1 66506 138018
1 58679 132138
1 163063 425
1 195993 181366
1 41252 58713
1 53512 158155
1 178673 60056
1 46091 53237
1 174360 179067
1 12007 45185
1 46603 36546
1 57186 181661
1 111759 16078
1 31159 126960
1 2392 53733
1 28314 199611
1 61606 52392
1 80685 164977
1 165024 158355
1 51011 98643
1 87471 183158
1 108180 28496
1 99549 127027
1 63233 87132
1 170861 132600
1 164041 32207
1 101501 158845
1 23244 126400
1 26203 85376
1 77823 42722
1 124901 42624
1 98991 192223
1 98276 90680
1 634 105075
1 170665 173406
1 6539 136459
1 19497 69724
1 5718 131806
1 126615 173388
1 190035 115659
1 75457 8954
1 145855 125492
1 77868 184533
1 165072 189466
1 29106 152759
1 149879 166010
1 191131 195862
1 111132 82919
1 113595 62538
1 56854 28649
1 151179 104450
1 114665 106453
1 44747 126529
1 81988 152941
1 42136 120669
1 141241 36922
1 90377 88569
1 169663 148264
1 88655 98818
1 163365 42722
1 191116 122217
1 7897 164399
1 29044 34591
1 105689 182796
1 176995 102806
1 43576 97994
1 11966 67382
1 129237 141481
1 135820 130206
1 15318 151798
1 89495 9436
1 109995 45410
1 85247 114927
1 189889 125988
1 73886 198844
1 28805 75025
1 63394 108366
1 105947 136185
1 183527 178259
1 9182 63876
1 1172 137300
1 52249 66126
1 171576 97331
1 35782 42304
1 191397 29738
1 67334 127600
1 118924 181954
1 54369 134714
1 66458 116499
1 196927 167135
1 134418 124219
1 96166 128349
1 82923 118112
1 20406 4688
1 192813 56298
1 176739 176137
1 113607 122107
1 75313 7853
1 158771 176113
1 156021 123985
1 113677 88415
1 52555 14163
1 169264 83079
1 72914 39866
1 185938 168668
1 46960 29713
1 151202 142518
1 96770 63169
1 58016 45206
1 105378 184813
1 141820 13403
1 49759 159251
1 111923 83332
1 151544 186272
1 199718 100584
1 199643 135508
1 2940 48691
1 98844 66583
1 129658 122339
1 14712 11419
1 116128 47555
1 87627 21107
1 12870 127782
1 160335 61362
1 54264 1511
1 198167 136071
1 130190 44767
1 18379 119001
1 82000 169831
1 43174 86623
1 130313 78416
1 80813 145089
1 67690 198687
1 81458 163125
1 73378 28174
1 71817 114260
1 3131 10560
1 44105 158011
1 167671 1027
1 44358 70698
1 56875 26572
1 96524 194711
1 859 196782
1 154591 141907
1 38615 197852
1 127794 60960
1 74197 18656
1 18470 81361
1 111824 118875
1 54021 20132
1 196320 184703
1 118654 168733
1 165659 142730
1 16162 22628
1 9900 122757
1 113310 149792
1 10225 36477
1 2555 48980
1 76698 191232
1 142099 17017
1 101631 16666
1 147350 128221
1 59393 25681
1 45757 46780
1 119653 95967
1 11085 4572
1 168301 109295
1 145551 7022
1 49849 41755
1 125453 90211
1 9181 51748
1 104849 182220
1 30019 22194
1 44890 34550
1 107587 173581
1 66143 172484
1 38784 4059
1 17288 130573
1 86214 121435
1 140841 51064
1 151201 48995
1 12481 86230
1 130625 198230
1 113139 22912
1 54220 128745
1 58436 132018
1 45506 109975
1 91861 25319
1 38744 143458
1 174434 3317
1 163918 142604
1 182074 43499
1 2963 149013
1 69313 137896
1 49690 46070
1 74851 53887
1 65213 123678
1 80475 59721
1 110546 46252
1 32804 7114
1 189004 141613
1 179773 173832
1 16020 55576
1 40355 176744
1 173992 64966
1 55627 147850
1 122804 143030
1 92830 36518
1 10223 59457
1 85752 10855
1 89655 143770
1 112931 54408
1 175152 194825
1 159633 114349
1 120090 189481
1 18520 116613
1 53041 110815
1 108657 196637
1 115658 148317
1 42227 78727
1 164268 101207
1 19020 140332
1 11436 197763
1 8257 12525
1 26252 35351
1 173351 154241
1 17237 7359
1 84193 85771
1 3186 97373
1 168988 181115
1 47696 25348
1 198536 40935
1 138036 146615
1 14936 32042
1 153053 104031
1 135357 131964
1 89563 73482
1 20446 57491
1 141102 87595
1 154844 14585
1 22498 179471
1 18820 8111
1 42218 124316
1 128277 100993
1 68348 19279
1 164339 81066
1 135341 19639
1 168428 47594
1 163469 89965
1 83306 109606
1 144772 109013
1 123320 87872
1 70509 144218
1 53242 174328
1 72115 127078
1 127271 175362
1 99754 164064
1 72328 50791
1 106992 55658
1 40822 90529
1 134469 81306
1 14992 103922
1 86951 72760
1 73339 161734
1 58482 28792
1 134879 75529
1 123319 86201
1 117278 117130
1 140379 116414
1 18838 131921
1 113906 97259
1 55385 65278
1 122395 107459
1 77739 23523
1 194590 113633
1 46781 197987
1 180933 13621
1 190249 171020
1 110584 102272
1 55791 156849
1 3741 185873
1 178286 108236
1 194542 1985
1 53029 176147
1 39451 28653
1 2411 122585
1 142883 161588
1 132459 190247
1 65454 111216
1 88485 84059
1 62765 49017
1 93283 93632
1 88053 63511
1 95864 186991
1 72280 59654
1 123454 171045
1 104581 53360
1 125328 148966
1 144354 162406
1 127814 141458
1 166312 181856
1 135984 186757
1 79102 167031
1 177238 108276
1 149273 20127
1 118446 29509
1 42452 102953
1 24541 138287
1 118795 79353
1 120819 24083
1 193533 12676
1 88865 85210
1 1442 128589
1 137661 73487
1 144330 167648
1 69177 184191
1 109175 45519
1 184543 84303
1 176828 179757
1 19984 95646
1 130327 188872
1 151037 31131
1 122507 69035
1 142694 36008
1 105666 96915
1 191187 64625
1 167777 27248
1 22352 183046
1 168877 113184
1 139757 47680
1 145246 168103
1 29237 187346
1 140546 115698
1 183918 110254
1 48852 121549
1 37841 177371
1 82205 136547
1 185035 178452
1 14795 153717
1 113077 14436
1 185551 36125
1 169615 87487
1 174204 181379
1 55683 159651
1 98333 55200
1 58328 113200
1 33559 174259
1 113332 152068
1 55488 98817
1 133590 164379
1 3519 23761
1 49747 143461
1 191589 167399
1 69584 7529
1 98954 24128
1 169217 5018
1 30828 177166
1 118241 33656
1 29060 127797
1 152433 194281
1 116011 114694
1 40181 140247
1 12460 125051
1 66348 26956
1 132330 1843
1 6671 171597
1 99828 176175
1 57420 43892
1 1894 13645
1 137412 26257
1 68546 86532
1 43523 140354
1 133008 66656
1 149631 19409
1 144755 35710
1 191508 26190
1 81101 129610
1 93821 99054
1 39893 162360
1 191702 17379
1 143606 145282
1 69649 168892
1 61035 23585
1 6966 67647
1 140056 180045
1 119647 70532
1 62315 27576
1 54259 154645
1 58035 96521
1 142562 176772
1 66305 42710
1 181026 67020
1 198141 64996
1 197224 134571
1 59147 166498
1 12970 118463
1 120478 175524
1 191891 86176
1 88668 108573
1 164807 132222
1 38132 166495
1 1176 193723
1 130876 145238
1 35401 140746
1 22542 151746
1 75778 188296
1 24036 154996
1 58900 161242
1 192882 145356
1 146606 14729
1 82629 146929
1 151839 150234
1 79450 89618
1 91150 50162
1 91072 41371
1 195320 18281
1 186417 140602
1 88809 54124
1 170157 89748
1 24828 123161
1 7000 12290
1 37143 181269
1 187734 65617
1 14561 145009
1 71077 148409
1 122887 163517
1 135355 104221
1 55727 176620
1 111456 30467
1 107834 163113
1 171470 55253
1 195904 127609
1 64903 165208
1 81032 137618
1 111862 99179
1 31558 35322
1 2122 172419
1 122392 137764
1 157774 96933
1 17923 114056
1 155981 163813
1 92778 72385
1 100005 10525
1 3344 62635
1 81258 76337
1 182735 162045
1 61054 168961
1 132249 24037
1 36527 131823
1 140590 64290
1 22992 133267
1 31773 119590
1 126362 58492
1 152255 25580
1 26885 158952
1 122480 89303
1 82210 122950
1 41361 149964
1 89148 154731
1 142907 109905
1 164848 67282
1 34757 40359
1 37833 161881
1 179577 167973
1 144671 84792
1 98834 23318
1 161458 15300
1 159418 49492
1 107074 97572
1 163778 47077
1 106162 77842
1 47650 170710
1 182365 13717
1 173874 77526
1 75767 80381
1 189224 114454
1 37032 35743
1 186004 5470
1 193894 73107
1 161497 91185
1 162770 122219
1 13230 185509
1 176276 141109
1 69077 149565
1 172345 2868
1 104986 76040
1 76877 59226
1 20815 193150
1 53621 52746
1 184134 65496
1 133391 112460
1 155471 14256
1 172044 179344
1 51315 24026
1 171085 3944
1 162673 85442
1 76925 144512
1 109368 179335
1 41967 134816
1 96421 196759
1 106232 115108
1 188927 183116
1 120718 62074
1 114799 154310
1 185506 47964
1 179332 192841
1 195195 7440
1 155047 79385
1 80404 128797
1 140571 21076
1 110839 41871
1 53049 149520
1 70362 112238
1 193321 149109
1 98746 56955
1 65252 64284
1 140214 128747
1 11560 169705
1 80558 21800
1 112636 134374
1 10588 161093
1 113062 39970
1 73139 123328
1 127466 11080
1 96374 181246
1 78724 178563
1 172251 97794
1 11112 74833
1 48608 77678
1 195769 41510
1 111405 5119
1 57672 117316
1 152491 92483
1 132687 27288
1 93028 46685
1 80045 10263
1 5148 18299
1 174882 19609
1 24303 14293
1 15502 127606
1 134764 66154
1 55846 103071
1 24433 45047
1 159416 31423
1 114184 82745
1 101600 99794
1 135168 55267
1 196490 180613
1 167184 40930
1 31402 187408
1 80936 99600
1 171705 84112
1 77081 11575
1 48242 55272
1 29800 100168
1 48716 132954
1 82669 55834
1 64249 609
1 142258 71527
1 166047 51345
1 94088 114756
1 97110 108402
1 153900 102305
1 96994 37273
1 162140 130625
1 16882 178249
1 3315 89531
1 21721 38857
1 46092 184369
1 162764 143110
1 131605 80527
1 117404 95980
1 93938 74310
1 173748 64383
1 170324 15626
1 66710 93120
1 110554 169802
1 141202 130045
1 108265 52527
1 135432 196472
1 167751 105304
1 12767 137595
1 33148 118228
1 44485 47931
1 41771 82400
1 199912 36460
1 114926 91490
1 174517 112932
1 71794 130022
1 135441 74100
1 147986 36632
1 93013 49922
1 130934 79938
1 110925 24491
1 189613 177351
1 19251 29080
1 149257 61023
1 198184 73055
1 7868 85908
1 107061 137757
1 86961 133886
1 80576 23953
1 1580 52347
1 55505 59451
1 172453 81458
1 105030 140021
1 133409 24328
1 174099 142609
1 86291 69411
1 13951 38453
1 20850 26399
1 34908 130483
1 185307 33293
1 56199 71468
1 21161 70835
1 171680 23655
1 100883 192193
1 133450 176237
1 2694 150480
1 180262 134632
1 198787 65953
1 142731 21500
1 162235 105812
1 54090 176101
1 161961 27046
1 53024 137938
1 140591 169647
1 27260 138368
1 169588 45916
1 17266 109275
1 171069 130921
1 17727 125586
1 82827 27682
1 90496 92345
1 181492 102171
1 3821 103459
1 88197 191276
1 44634 175552
1 47959 123314
1 64432 10165
1 139888 59267
1 183272 129594
1 130652 195441
1 39369 17656
1 101453 72386
1 136994 86755
1 103471 47598
1 141003 159189
1 142096 138713
1 140504 183468
1 113775 90066
1 92958 187813
1 131106 42956
1 80106 107066
1 39469 150939
1 139006 73849
1 104865 24690
1 176718 138149
1 152114 181083
1 42299 72978
1 45404 54264
1 29583 162044
1 169528 158457
1 165177 133288
1 106202 34142
1 44555 103806
1 17646 108462
1 125296 50405
1 191634 43574
1 33074 56480
1 23286 34823
1 176428 127017
1 145907 78827
1 193228 97036
1 29288 133479
1 8268 101830
1 79579 22262
1 153841 80350
1 75279 136899
1 169860 121219
1 107489 152552
1 149072 134759
1 199081 101158
1 48925 178267
1 145486 78501
1 66539 13292
1 146089 147437
1 143602 79166
1 26654 117221
1 108760 174694
1 176055 166411
1 52850 115532
1 25922 23475
1 95808 24450
1 130092 140676
1 150307 105887
1 54622 157552
1 108769 181344
1 110232 133364
1 12507 58624
1 159501 56400
1 63757 34070
1 171775 62663
1 168775 20911
1 132698 67225
1 112619 182316
1 131733 155840
1 169318 52637
1 118151 150377
1 41907 67551
1 42632 189876
1 72781 172979
1 76425 90926
1 149172 180192
1 28852 7246
1 23587 27531
1 33415 43886
1 62416 20052
1 28142 171467
1 175716 107316
1 137504 17535
1 112700 131988
1 23100 117245
1 167328 190640
1 52516 114894
1 33347 84013
1 188121 119883
1 161723 55928
1 112216 22490
1 162690 180704
1 72756 41389
1 91181 26484
1 117877 58232
1 195499 161568
1 16496 185650
1 46849 95813
1 121063 127183
1 162437 178584
1 119844 153276
1 118168 62206
1 127633 119515
1 152360 39653
1 113434 149888
1 11877 47204
1 153541 166316
1 19843 175510
1 143761 15817
1 156145 3508
1 129678 31206
1 29144 132594
1 25596 31540
1 79126 178523
1 5416 119169
1 33020 150960
1 75907 134003
1 168966 53758
1 184068 90888
1 113626 162046
1 184768 183757
1 142083 5041
1 122375 62620
1 170351 157052
1 12098 134810
1 53414 7106
1 147146 75568
1 195469 896
1 49739 118345
1 76443 105646
1 158810 24076
1 17882 20563
1 95251 82459
1 51169 148008
1 41911 88717
1 130640 8240
1 180741 66472
1 191757 59351
1 18071 157601
1 34109 5898
1 196095 113687
1 121606 21590
1 199394 38541
1 169283 172100
1 149972 76200
1 20040 31220
1 45813 137961
1 77719 168121
1 192075 24556
1 124579 23860
1 105761 77281
1 77828 38836
1 76768 131338
1 197242 186252
1 46956 104756
1 34343 29366
1 168000 55802
1 162055 88744
1 135565 100727
1 141234 170293
1 193103 178891
1 174100 185127
1 26609 98705
1 15339 29082
1 47012 133470
1 25410 194331
1 72059 36029
1 17964 135681
1 147337 10154
1 106692 145098
1 133118 195661
1 6307 53242
1 25918 158777
1 198882 57393
1 106755 117156
1 7442 149708
1 65845 170152
1 3000 178622
1 52743 106105
1 36046 70959
1 35733 23529
1 7607 158996
1 86652 14426
1 177921 119311
1 27193 89154
1 18465 138953
1 53061 18276
1 78186 47182
1 114416 109069
1 32783 123624
1 177916 116237
1 141466 31616
1 134205 8056
1 13740 158578
1 119534 181404
1 157303 76526
1 138774 144004
1 129785 32663
1 114460 158957
1 34235 99350
1 22183 64968
1 159242 102015
1 132474 185009
1 35892 72936
1 47886 159278
1 66693 26054
1 98353 87018
1 101571 21449
1 198815 6194
1 128936 137977
1 106527 149425
1 161951 6674
1 158688 78184
1 119106 151453
1 58131 46193
1 185298 4495
1 176395 22133
1 96374 25638
1 192724 133291
1 164792 32066
1 60689 44051
1 189630 130690
1 72665 17331
1 91973 176288
1 3475 153232
1 19748 142477
1 134480 15855
1 23614 69520
1 98089 119117
1 28872 111452
1 50970 22429
1 121789 47345
1 2526 81729
1 102623 126582
1 37387 77003
1 65648 194323
1 187056 36982
1 164016 95828
1 74285 124191
1 168920 84091
1 187218 83720
1 194903 177766
1 43259 73231
1 132172 142370
1 88043 51179
1 76420 187855
1 108456 63016
1 23605 20213
1 199575 61540
1 141755 16805
1 117592 168778
1 110674 158228
1 60387 61389
1 16724 99380
1 79075 79911
1 15796 10388
1 109843 153747
1 67066 103355
1 172568 172169
1 84417 29183
1 138270 163322
1 90030 195883
1 23478 102667
1 85683 194386
1 102574 61014
1 117635 68077
1 151026 12765
1 59223 198524
1 104547 141521
1 29026 109083
1 37750 162243
1 154000 156643
1 94351 169897
1 76805 83908
1 48349 90901
1 70420 108704
1 139577 90289
1 119358 4778
1 150330 117822
1 129644 176320
1 117916 54350
1 19823 29893
1 159633 148799
1 36471 170819
1 187431 49274
1 147537 177024
1 173467 147819
1 120806 53215
1 40700 146690
1 178928 61369
1 64324 161707
1 13758 150652
1 43828 42953
1 184491 28803
1 44398 114041
1 108827 69879
1 170520 78533
1 162679 116902
1 174766 26343
1 177770 104609
1 185447 157823
1 161115 103131
1 106508 5655
1 76524 76672
1 116052 192982
1 23539 88915
1 18373 199810
1 137144 116107
1 55943 143931
1 111087 182575
1 107402 97524
1 135991 38448
1 106906 73139
1 119891 82119
1 7360 151500
1 90855 106191
1 24987 197402
1 72502 104997
1 102080 72510
1 164315 144190
1 5775 154588
1 191493 102345
1 64598 71059
1 135735 94597
1 179563 12284
1 54400 182437
1 14404 188390
1 12919 135266
1 20122 1296
1 135482 121504
1 178943 173351
1 144167 6148
1 128060 80001
1 145563 159125
1 131183 27354
1 27819 62802
1 195299 54094
1 60832 11539
1 136177 109270
1 125430 28771
1 196887 197319
1 83863 119581
1 131094 46600
1 10452 47429
1 148369 76884
1 186725 61097
1 193636 76080
1 132195 73785
1 132609 34733
1 101698 162531
1 55378 164705
1 120211 198963
1 91082 140642
1 826 47465
1 87821 172995
1 162348 36828
1 157571 107411
1 68844 79119
1 119608 55314
1 35910 164306
1 114166 122358
1 105996 27291
1 140965 129887
1 191377 119076
1 199587 67670
1 124003 16200
1 113824 86540
1 173133 33817
1 182972 64656
1 69004 12484
1 112803 196690
1 37840 128232
1 12520 19671
1 191862 150452
1 67168 187836
1 7429 131392
1 51394 142127
1 12583 153005
1 143997 64299
1 73321 42815
1 165081 187188
1 44021 64827
1 159761 50771
1 18895 199997
1 153391 15634
1 157325 121884
1 28778 56186
1 179291 66496
1 117885 57868
1 128239 97539
1 189640 138750
1 135177 174535
1 115436 19768
1 195246 51479
1 65313 188942
1 34533 191682
1 81243 1790
1 179442 185844
1 48029 123309
1 22994 95830
1 133853 188511
1 107127 17511
1 63450 155445
1 198469 74587
1 1850 124074
1 101581 138420
1 40871 60559
1 47305 53088
1 138092 81542
1 177560 24082
1 111819 191550
1 165179 142051
1 112289 179630
1 167120 163819
1 101117 128468
1 90702 79772
1 8445 56750
1 169280 132063
1 59563 62329
1 518 22386
1 55127 159081
1 163145 93952
1 144630 29609
1 64126 151681
1 119802 43412
1 54238 100181
1 87538 139380
1 197092 147676
1 154276 154298
1 100424 135705
1 78248 175998
1 143162 116295
1 187336 139960
1 196386 115771
1 83670 182719
1 27414 56763
1 123405 96256
1 188251 3550
1 68972 159426
1 161504 84069
1 86351 71001
1 178425 74008
1 37518 4520
1 76504 76453
1 138715 57307
1 160402 14069
1 127575 139492
1 72272 183888
1 186037 168629
1 44499 65908
1 159890 148478
1 103276 105776
1 179220 169321
1 21563 78470
1 15233 194579
1 4199 91201
1 19746 185228
1 173534 34260
1 199064 50129
1 198671 174900
1 77310 102665
1 197349 146040
1 192001 117502
1 61446 37742
1 134972 189469
1 191755 128384
1 10136 115952
1 170881 40968
1 111138 136410
1 190624 55345
1 185645 90708
1 16971 157775
1 117419 87910
1 155016 142464
1 178119 35049
1 98497 771
1 39302 188155
1 28539 1432
1 146334 16387
1 29077 160794
1 17750 49383
1 113412 152217
1 30046 102347
1 185037 93564
1 86321 122508
1 117380 187030
1 39401 155068
1 133443 115846
1 128291 39647
1 160750 121492
1 141652 112998
1 101925 112521
1 65834 138923
1 139274 139151
1 65062 180653
1 4213 126731
1 196921 150285
1 820 57527
1 37022 73864
1 176520 110083
1 54712 128695
1 195165 78381
1 11884 120452
1 73033 197151
1 161025 59567
1 7111 164873
1 190965 53377
1 98356 72767
1 191714 45391
1 174027 124693
1 103250 60530
1 13342 93369
1 87775 23365
1 132245 29137
1 139792 194719
1 99562 177685
1 173359 41554
1 118308 130734
1 111023 169445
1 147091 187408
1 198397 69006
1 183308 166806
1 53476 88562
1 106535 36828
1 125799 166176
1 122166 133473
1 193881 61515
1 175303 29660
1 47424 10696
1 61213 97631
1 174954 24200
1 143466 122987
1 173711 181655
1 46160 92242
1 91304 118549
1 5018 111443
1 98831 80371
1 29237 40115
1 123097 168305
1 35763 189848
1 73904 18006
1 84930 167275
1 149492 169264
1 101929 79917
1 95059 197646
1 13764 67993
1 126118 125627
1 119809 29371
1 170127 52348
1 5211 133136
1 52818 85260
1 185941 4512
1 177008 54999
1 163578 58840
1 86922 151349
1 166291 173483
1 61557 151209
1 8233 187499
1 118937 34137
1 161661 46947
1 36560 85582
1 72580 1976
1 33276 63983
1 60327 44415
1 15976 114810
1 3515 54817
1 37730 155204
1 92798 147950
1 5848 140082
1 188306 87678
1 101105 29687
1 80958 143694
1 195886 104080
1 104673 88794
1 189122 15293
1 65528 199862
1 121199 7554
1 71188 156403
1 129762 60061
1 33428 25263
1 189968 187017
1 68458 91964
1 140306 17011
1 25099 199541
1 180541 56060
1 35191 21468
1 28101 22960
1 164651 55032
1 115220 197828
1 169507 163567
1 26023 193238
1 42581 146591
1 199721 18336
1 131947 171266
1 28242 148413
1 9600 127618
1 52545 51169
1 69406 4185
1 108120 59667
1 157173 51309
1 183001 69485
1 81759 155179
1 155583 171222
1 106003 5218
1 135902 32701
1 52967 75106
1 58686 3226
1 99851 110101
1 165493 91745
1 176834 60957
1 88323 90311
1 163427 54448
1 91123 163385
1 147471 89840
1 36015 185434
1 25140 66767
1 118755 16572
1 139203 108257
1 133078 93921
1 160110 190915
1 65605 116019
1 26149 160363
1 161409 152962
1 167441 118416
1 122955 53693
1 145361 3517
1 52526 66483
1 94772 128049
1 14044 113355
1 62071 166714
1 27212 128513
1 148096 198290
1 126995 57378
1 197531 64632
1 6722 30603
1 88756 106131
1 173056 182494
1 103637 116931
1 137831 79685
1 29088 122377
1 151844 41836
1 173008 30426
1 157962 93496
1 130476 91390
1 26934 143565
1 121740 68782
1 198633 111807
1 170641 185838
1 38562 61207
1 125087 159208
1 180027 88650
1 182236 182730
1 107783 35638
1 30382 99873
1 150633 179485
1 182448 110967
1 125878 27429
1 199094 17706
1 151183 172624
1 74691 85006
1 23928 186168
1 81480 9284
1 3646 3918
1 93662 74587
1 1735 198995
1 84422 117607
1 13818 83159
1 7840 154401
1 72338 626
1 118313 4030
1 167742 30208
1 155001 192530
1 71292 160545
1 43261 179559
1 99573 134641
1 114737 143705
1 56603 171331
1 88417 162741
1 105793 87204
1 56416 167954
1 10235 190030
1 196937 134447
1 112310 67370
1 194550 122319
1 111834 48843
1 112830 59409
1 93470 1192
1 79923 176211
1 62635 132504
1 82331 143048
1 83509 151444
1 32749 103256
1 111702 91048
1 156560 140280
1 28588 127418
1 111119 61707
1 153652 181312
1 182432 176568
1 35816 116155
1 109655 63180
1 1110 79097
1 18661 102418
1 72642 172811
1 86933 47281
1 162365 171522
1 177417 131142
1 101766 65904
1 58097 65986
1 123297 74845
1 43788 100549
1 78582 185224
1 40163 73596
1 86572 143840
1 6979 144568
1 107015 2498
1 149819 146256
1 81918 181876
1 27605 150521
1 87776 135137
1 148761 83108
1 145001 82199
1 20863 77719
1 101920 187839
1 8883 104719
1 38517 111516
1 168079 150549
1 163416 65926
1 166484 126111
1 82267 76391
1 12906 74281
1 186955 39094
1 82073 135764
1 62987 133556
1 147976 132927
1 126131 24932
1 12725 113124
1 18152 143759
1 111540 154485
1 3580 192695
1 185260 188984
1 17928 177307
1 178383 71647
1 145864 55915
1 85657 25131
1 77687 187853
1 51020 53443
1 52716 105617
1 87595 51984
1 76724 5104
1 1012 52059
1 159536 148363
1 112290 41194
1 87473 56865
1 151458 189016
1 128081 168529
1 171284 180147
1 118036 18386
1 95557 73499
1 50560 141937
1 30316 176728
1 84346 100682
1 198947 139132
1 98339 159049
1 103399 176634
1 65457 131681
1 58066 54022
1 159377 116941
1 69079 62253
1 86972 134598
1 36543 47671
1 116056 114181
1 56035 172283
1 138833 150587
1 180265 40834
1 173048 18574
1 138179 195551
1 113884 13205
1 162981 92942
1 67815 149334
1 158470 41036
1 90363 55935
1 86554 170486
1 92045 117539
1 124366 36774
1 194753 193078
1 45636 135498
1 77639 96843
1 16400 137669
1 187510 158413
1 178995 189643
1 107879 84603
1 136471 1463
1 35347 74792
1 155083 73008
1 58224 26034
1 181952 110141
1 96009 130306
1 13636 1509
1 40220 102661
1 175357 96779
1 48569 175849
1 197417 144201
1 157720 6363
1 162452 112203
1 44667 126207
1 53851 131502
1 129861 183152
1 92768 75609
1 23897 34745
1 3661 15963
1 108471 7188
1 34701 192774
1 169363 159906
1 44935 91915
1 66679 79403
1 127005 88726
1 197467 599
1 191525 69677
1 107906 108524
1 38439 143428
1 136664 182090
1 55704 110819
1 52426 159460
1 60245 135163
1 198117 24321
1 158818 76933
1 7859 20147
1 80356 42141
1 161297 6166
1 105564 5086
1 15637 30796
1 163750 100799
1 8799 67383
1 151090 175469
1 125950 58871
1 103681 29545
1 143878 88358
1 4771 74659
1 162159 194769
1 122287 17623
1 81072 155576
1 177476 174185
1 149212 162568
1 199230 93116
1 105532 190936
1 128059 30616
1 166638 136417
1 19920 198012
1 22142 168066
1 36230 14145
1 70659 21428
1 62554 197232
1 198716 51850
1 97524 13733
1 29739 50797
1 197863 109861
1 22769 149718
1 42281 73468
1 193194 195531
1 23443 27931
1 146571 95390
1 14556 125681
1 44667 168611
1 11666 117127
1 8431 21168
1 122074 84897
1 48073 196891
1 172266 94035
1 93618 18608
1 26307 151266
1 159222 71665
1 151283 148891
1 8160 29394
1 47946 34680
1 159574 61940
1 69083 625
1 114103 100065
1 85431 161119
1 48435 519
1 104998 3416
1 20074 158137
1 132070 2950
1 87305 8292
1 191016 40970
1 114337 36302
1 187848 44496
1 188744 9813
1 37131 185779
1 125045 74469
1 180319 17300
1 189975 111098
1 58958 105590
1 50743 114712
1 84228 196508
1 177998 132616
1 181826 163749
1 131944 81429
1 674 197096
1 176441 180998
1 85069 35403
1 57536 89245
1 187706 141737
1 55898 28817
1 130601 90981
1 14121 81287
1 104479 45704
1 47590 38039
1 63268 139618
1 73411 9277
1 181882 71519
1 6789 163165
1 65759 143016
1 198624 120828
1 155782 169853
1 107284 124219
1 30801 78224
1 61511 134805
1 96338 193317
1 161956 108700
1 3203 121895
1 157747 58544
1 155588 83917
1 196730 33345
1 191060 119790
1 196947 54150
1 9810 135905
1 64334 195709
1 24309 54681
1 89546 98853
1 40713 144383
1 52303 5369
1 145644 142609
1 77038 139822
1 105416 101050
1 124572 89903
1 109843 124275
1 72203 167320
1 169412 97434
1 50699 180977
1 176599 148369
1 158112 54508
1 25796 152793
1 51876 37793
1 15548 138222
1 173791 29385
1 36708 148261
1 109796 142329
1 136853 116420
1 115246 185184
1 106708 21026
1 51644 42626
1 180367 157312
1 64042 2999
1 42392 71207
1 38033 24287
1 183269 7619
1 75105 52199
1 82248 111551
1 80572 84673
1 138475 129185
1 92629 8672
1 125519 31528
1 12298 60658
1 80518 98083
1 186047 180962
1 102958 17237
1 83451 29901
1 5680 73159
1 59271 173508
1 154872 42285
1 127301 147330
1 69046 122813
1 98254 88047
1 109461 105291
1 197776 154005
1 33403 9385
1 487 93154
1 138498 25918
1 47545 86046
1 47861 23398
1 142359 100525
1 191757 100425
1 126034 81608
1 141421 160383
1 98138 24568
1 187932 31715
1 29214 194644
1 111362 9781
1 15136 156284
1 181861 170806
1 58263 48469
1 140900 156479
1 22474 112518
1 69109 101665
1 189290 159155
1 151771 143939
1 50032 1657
1 107755 173176
1 116983 11563
1 37888 128864
1 85020 177355
1 23803 35713
1 194324 49291
1 15040 7526
1 101070 104837
1 48878 142327
1 128458 116024
1 8158 43673
1 70584 84870
1 64671 170441
1 130964 41194
1 146864 22196
1 11393 56958
1 151230 33433
1 53157 30253
1 37087 85410
1 12164 42229
1 102287 83776
1 4512 91680
1 98537 196613
1 22416 16387
1 136937 134470
1 143967 43768
1 54241 38002
1 153768 16152
1 192889 144237
1 50543 175995
1 66220 70192
1 98818 107188
1 133247 177573
1 124881 18631
1 58435 195262
1 87178 161901
1 82830 152278
1 123577 15691
1 155701 177740
1 28639 179566
1 58062 109276
1 121296 89931
1 77860 180351
1 1106 32245
1 108091 113797
1 53364 2782
1 182918 105392
1 149100 178898
1 99622 132243
1 168821 68209
1 137188 196331
1 170855 133357
1 197425 70718
1 166743 3140
1 181084 44210
1 46194 6654
1 169493 4592
1 2005 149802
1 76193 150970
1 123631 41109
1 73821 40009
1 53082 175179
1 107127 127787
1 185398 180945
1 41194 123611
1 153416 122659
1 28090 14626
1 7698 23275
1 88367 153005
1 106035 96514
1 31062 53488
1 187841 89643
1 178933 114810
1 12580 124620
1 28942 196698
1 81526 3567
1 141719 88882
1 27417 60537
1 6647 168729
1 113241 111082
1 132484 186101
1 133250 16213
1 170428 101977
1 39299 179936
1 71042 10461
1 99844 9087
1 20378 105916
1 184708 58028
1 150311 20083
1 90168 154923
1 122340 39767
1 105887 11837
1 59168 73271
1 194794 170721
1 84926 8370
1 168139 74450
1 22765 16858
1 78172 144126
1 170724 143754
1 132467 126020
1 101024 2309
1 179714 79793
1 44258 48593
1 187700 125179
1 6371 24402
1 108102 17597
1 84507 169962
1 145251 63285
1 24498 175376
1 101700 12283
1 111684 148783
1 75782 149828
1 147803 162561
1 194957 156439
1 59816 136173
1 158616 111951
1 148483 190174
1 124134 91025
1 105508 111780
1 75976 159758
1 131233 56335
1 5895 152315
1 69098 73610
1 5689 118480
1 7811 161653
1 199967 84351
1 78464 192007
1 106562 163575
1 44294 47779
1 119181 193240
1 198785 59256
1 158125 83000
1 168545 76254
1 112551 76182
1 106521 50543
1 21689 186526
1 160729 83363
1 80116 145629
1 183563 140655
1 159321 51846
1 77068 2911
1 123187 3301
1 12460 5298
1 194677 73378
1 133736 51895
1 70933 102969
1 165351 86309
1 32999 163128
1 75570 94591
1 49213 77050
1 173305 161705
1 4734 75490
1 75139 119685
1 33541 65947
1 27316 20050
1 151292 5838
1 54404 92038
1 55737 5796
1 186750 36713
1 116441 133758
1 105208 103093
1 143068 109234
1 156561 6316
1 66688 81095
1 113392 62777
1 46432 15923
1 133051 22666
1 72975 7956
1 30934 62189
1 42864 28973
1 106270 14314
1 167833 102434
1 49189 194016
1 49704 149622
1 188015 55139
1 116837 109187
1 65325 166357
1 111002 81786
1 167609 157443
1 42735 19933
1 65170 4546
1 139145 379
1 46040 197963
1 42468 13098
1 115723 211
1 4015 149194
1 6081 10671
1 126184 170424
1 160229 171815
1 199993 139601
1 138359 156120
1 153362 6825
1 168960 17808
1 137991 27723
1 177493 112420
1 115692 97906
1 58319 196500
1 130671 58632
1 23625 160291
1 101942 198622
1 87194 169520
1 57401 32619
1 40788 53081
1 138850 173449
1 39037 90834
1 144483 140206
1 174989 19009
1 168663 22951
1 167017 70109
1 8348 167131
1 43358 8902
1 195632 78333
1 91040 26535
1 14219 17938
1 179908 158154
1 36476 150693
1 18235 198843
1 80199 138696
1 95313 196001
1 35646 117581
1 174821 145242
1 193438 24516
1 29867 61653
1 161132 38583
1 148063 58676
1 127056 136547
1 10892 192546
1 45042 28472
1 126717 175665
1 10707 170323
1 2049 26489
1 27310 187834
1 106213 93229
1 101136 176153
1 84974 70527
1 1844 150588
1 13653 64117
1 127074 155661
1 98119 149260
1 93386 124367
1 120412 111501
1 71516 2778
1 71766 56687
1 87018 190809
1 187998 34988
1 44417 136513
1 174266 81127
1 161157 122068
1 99602 148861
1 9100 174806
1 94116 90089
1 119100 84558
1 151365 96797
1 151464 27839
1 86554 48223
1 134055 42728
1 197526 64801
1 105911 69690
1 99574 150117
1 115857 92441
1 31226 70224
1 139213 144470
1 149798 107916
1 195064 126058
1 188536 28195
1 192051 166134
1 78955 94233
1 137231 2490
1 87660 180682
1 124327 168211
1 170716 93317
1 172477 68922
1 174534 166312
1 108377 185209
1 199138 136636
1 178654 31728
1 112970 116499
1 5869 131016
1 183164 165856
1 23231 59254
1 105552 6039
1 149502 35506
1 99899 107206
1 199972 9593
1 148675 160051
1 13463 64321
1 96580 88502
1 187012 138236
1 68196 180504
1 39994 174545
1 191379 1581
1 96201 11541
1 76615 44527
1 29723 73040
1 199605 180188
1 99923 168110
1 18450 64594
1 87076 104131
1 106891 178664
1 500 142467
1 76739 37456
1 70001 111169
1 52428 149226
1 136051 118184
1 166504 122667
1 198995 108216
1 149377 186095
1 107595 152386
1 9702 21467
1 187087 28005
1 94793 80119
1 174187 44938
1 198134 186315
1 56349 107614
1 69908 136376
1 163509 181392
1 51233 14873
1 78956 118411
1 54442 90714
1 1346 115508
1 71754 48408
1 139099 55078
1 95524 196346
1 104027 119661
1 26786 176848
1 86335 93953
1 100783 173418
1 153791 178948
1 51379 130490
1 195042 39038
1 28687 118893
1 152481 17496
1 136536 67783
1 10432 129494
1 174615 156733
1 112553 78553
1 39297 55960
1 9546 74901
1 182579 98887
1 90161 111311
1 114738 154500
1 32485 194010
1 172257 25516
1 58119 20755
1 180738 109912
1 6826 79002
1 100978 132608
1 198064 143442
1 161631 182033
1 157350 124315
1 148875 12300
1 126625 130575
1 45318 99681
1 183065 99707
1 103656 110093
1 195269 137248
1 67085 53618
1 171448 42729
1 186261 62645
1 16764 19630
1 113179 189660
1 74029 66537
1 64501 155431
1 110040 28087
1 113389 79343
1 10133 100562
1 79678 44798
1 180065 134990
1 163281 99118
1 114431 197778
1 182329 197061
1 65872 57751
1 96108 119759
1 37361 74918
1 172420 162301
1 98581 183822
1 34870 188798
1 25636 97828
1 55826 796
1 118931 89343
1 176251 148313
1 116997 96819
1 12071 177355
1 87521 67533
1 117082 151924
1 124788 44944
1 129503 76517
1 96073 39470
1 134343 44821
1 155399 54089
1 183910 116669
1 157387 53739
1 35851 65975
1 55750 25923
1 36543 170454
1 58457 90338
1 182209 92680
1 95918 11126
1 195840 110699
1 143898 143750
1 44761 51245
1 75121 1774
1 18386 163239
1 181481 183259
1 1558 20347
1 6066 56010
1 20403 166764
1 96213 14973
1 106322 100605
1 203 129854
1 153845 20686
1 167392 173272
1 78967 160244
1 841 145874
1 154239 132695
1 68227 10927
1 16773 41488
1 70445 191843
1 110537 33282
1 98214 66071
1 49233 95865
1 21163 62688
1 149475 45058
1 33067 90939
1 87170 107275
1 7276 167884
1 40812 192571
1 102818 173848
1 191060 192275
1 175821 156417
1 1373 45318
1 15380 67137
1 174295 42133
1 160864 167913
1 54078 43887
1 33083 197146
1 139311 53448
1 10024 48708
1 34029 131000
1 7557 176159
1 147540 75222
1 171680 58407
1 162332 100437
1 135574 147164
1 60946 149279
1 6195 160057
1 179794 121008
1 55749 88243
1 50823 153205
1 74306 94326
1 96487 45733
1 154525 86620
1 150186 176031
1 161892 103854
1 154570 104197
1 32284 16735
1 11200 80344
1 17119 74117
1 194493 111637
1 196725 193946
1 88167 72335
1 133810 163507
1 52181 2318
1 155343 177663
1 182221 96231
1 127052 68547
1 120253 87964
1 38342 133140
1 40568 15478
1 72468 178902
1 154738 183329
1 39783 110388
1 111998 52552
1 41313 59039
1 89478 64626
1 9078 107019
1 183628 139100
1 59650 160550
1 5920 48343
1 23849 196827
1 68705 124259
1 73653 182152
1 41464 74509
1 78573 89084
1 163090 105798
1 146226 187380
1 186589 73285
1 176286 78805
1 82438 124703
1 9055 100269
1 39921 27876
1 110225 10918
1 162233 183996
1 181083 54412
1 67305 49987
1 5004 88385
1 6907 126306
1 23158 158397
1 171536 155950
1 155274 94346
1 141679 181062
1 34485 178111
1 198595 19752
1 144698 123772
1 121615 159187
1 127184 163239
1 118004 191651
1 78911 177061
1 56677 126825
1 101110 122907
1 15017 151114
1 102895 142119
1 14930 90459
1 192966 184473
1 28092 41658
1 161366 188663
1 97865 39022
1 172245 44656
1 166491 9090
1 4082 11807
1 19922 14174
1 84077 165380
1 23816 8168
1 26678 197566
1 48970 186715
1 81930 35725
1 195352 181157
1 5322 138629
1 117087 146118
1 100893 148246
1 173045 14758
1 138312 8763
1 87382 126071
1 99019 142015
1 27934 35787
1 132862 78520
1 185799 153784
1 87277 162877
1 56292 91818
1 72048 146667
1 41310 24968
1 27023 124887
1 36461 50827
1 40085 199637
1 118554 82075
1 24307 41386
1 67123 91948
1 118936 169549
1 9167 178839
1 173134 119972
1 113092 189884
1 82967 198653
1 122790 78680
1 170376 8138
1 177538 119394
1 62949 2274
1 24602 131243
1 32126 31924
1 135458 122805
1 113225 41038
1 180603 58323
1 31681 79822
1 84142 140611
1 118398 190951
1 64684 79817
1 95894 82071
1 9477 194892
1 151604 115175
1 163111 183414
1 86134 131683
1 87640 75078
1 102476 193755
1 63862 175673
1 71502 35035
1 19373 47642
1 31389 67879
1 123897 76261
1 41598 81850
1 143390 151331
1 157747 20159
1 100453 122882
1 106588 128527
1 136345 170100
1 151437 39981
1 115265 140746
1 84528 90432
1 121759 90321
1 187933 92048
1 123817 58220
1 103223 3459
1 106247 196722
1 76298 111257
1 92878 40202
1 70690 178213
1 98747 178501
1 25327 105038
1 5618 164476
1 177111 11142
1 59959 112939
1 132698 172169
1 163757 144141
1 138669 90840
1 12559 154168
1 136400 96119
1 19437 127354
1 49074 57766
1 164584 120949
1 180358 35100
1 147824 71609
1 122534 172361
1 69564 139168
1 175080 154572
1 176650 180206
1 95551 63474
1 119513 71081
1 79508 196849
1 199716 93877
1 173605 23269
1 149792 127221
1 37150 137418
1 54008 175006
1 176437 5114
1 133064 130140
1 22603 48551
1 158424 141098
1 196673 32348
1 31834 172012
1 183832 10224
1 119142 98577
1 27340 13708
1 62005 75878
1 148018 178270
1 162011 70397
1 47185 17693
1 100234 151359
1 132030 50559
1 119747 80205
1 15483 86327
1 127902 37214
1 41489 70516
1 18494 94549
1 188075 59799
1 34317 48354
1 2998 177140
1 75326 27227
1 122423 64267
1 121988 19355
1 68461 72968
1 140493 142618
1 48296 4985
1 192324 128078
1 143656 12687
1 49222 103681
1 62265 49175
1 124964 1588
1 72718 23033
1 96153 38195
1 88221 86258
1 26189 8121
1 57914 43726
1 18186 178118
1 134007 152233
1 39165 167807
1 26620 122727
1 151729 1862
1 14690 7089
1 18055 27994
1 153493 2801
1 107641 77105
1 165353 17937
1 197776 122644
1 172732 57519
1 8931 157371
1 146190 172196
1 97362 78825
1 3933 126711
1 196034 191626
1 156485 135132
1 71002 97034
1 53783 168818
1 142590 6136
1 18871 177916
1 188363 13020
1 89979 116447
1 79763 53462
1 28226 123996
1 176219 24568
1 131922 176590
1 153106 175653
1 98678 165735
1 145043 70187
1 154966 161639
1 42013 39709
1 14488 179998
1 90769 69237
1 110710 114147
1 140333 15465
1 98464 1364
1 132488 59020
1 35669 1551
1 41742 154727
1 83069 151025
1 180285 197592
1 34889 123726
1 18399 62634
1 163022 42033
1 167561 85622
1 105822 31702
1 76948 57145
1 41960 171173
1 180444 7031
1 45650 66800
1 56374 93904
1 144469 95599
1 139254 99680
1 36120 55290
1 79584 122844
1 71120 145736
1 4845 86314
1 132184 143143
1 194562 75457
1 133964 97339
1 183084 198914
1 97835 122747
1 136288 185814
1 166253 60393
1 129457 196040
1 145250 187602
1 103313 173285
1 34956 152710
1 71628 67858
1 150910 129432
1 81346 25453
1 168886 43801
1 7141 158056
1 38519 35728
1 27955 121954
1 81579 66429
1 44788 179591
1 42999 336
1 135798 103210
1 51040 94884
1 133576 197857
1 108318 99457
1 103606 112032
1 197887 195985
1 43459 56793
1 71166 198433
1 120812 188563
1 154148 155099
1 99739 109641
1 72094 38850
1 96489 120134
1 150496 24175
1 61465 36350
1 152442 165387
1 110673 133231
1 43320 37517
1 4763 184953
1 127359 14644
1 117596 49338
1 110693 29831
1 56403 75182
1 11217 99276
1 119765 103429
1 132436 121031
1 78280 96518
1 109446 29237
1 22813 40484
1 66341 112393
1 56338 101470
1 155882 158629
1 121128 125085
1 187565 95579
1 78304 63112
1 79164 164965
1 26684 54570
1 72246 182754
1 50100 104776
1 95278 99731
1 151479 13884
1 154109 196182
1 178980 166102
1 80294 86625
1 112328 120820
1 13233 36482
1 36440 173536
1 163265 186070
1 73266 100842
1 74168 56327
1 55697 5959
1 72205 148874
1 164366 177961
1 24683 172824
1 38622 44831
1 104077 21868
1 11848 176942
1 160535 178622
1 150246 95665
1 184695 176318
1 96351 74927
1 69308 58963
1 10212 130235
1 134775 92309
1 66152 77200
1 198352 185289
1 185060 1196
1 147051 106780
1 56906 104237
1 131131 27682
1 51656 63019
1 10150 87376
1 116609 103446
1 103323 144887
1 187720 189520
1 171952 96259
1 69853 62220
1 109759 11764
1 157420 14439
1 60482 100188
1 140290 49094
1 30701 140888
1 27794 124082
1 49101 178579
1 1832 52144
1 55071 95032
1 194668 122085
1 87154 26103
1 102682 126441
1 6976 13563
1 41664 158761
1 78857 157226
1 104313 175555
1 92657 189149
1 5928 61980
1 72028 187169
1 153336 1349
1 46536 109742
1 173906 138126
1 64043 196902
1 103519 33642
1 8141 198610
1 191488 86084
1 56872 137752
1 176011 52833
1 132030 21504
1 84935 156919
1 50490 170089
1 166250 98572
1 3914 41286
1 29586 97043
1 93244 196125
1 70209 1475
1 122840 105153
1 19934 168186
1 22717 69391
1 84585 169553
1 91199 83943
1 155901 162496
1 42560 54637
1 971 63732
1 98637 41280
1 42901 111407
1 198460 14328
1 88041 70624
1 174723 79974
1 100960 129539
1 89307 135368
1 96535 184827
1 194453 163914
1 188588 59181
1 80828 158148
1 99196 154335
1 193453 135409
1 83483 51346
1 15923 132204
1 8275 7133
1 141990 18097
1 116642 33739
1 48070 166033
1 71278 85302
1 180755 67830
1 162571 16548
1 91184 144665
1 82800 77154
1 71736 94081
1 174837 29727
1 45215 72958
1 146705 77835
1 120205 9190
1 27025 7665
1 36088 9102
1 129180 11153
1 96833 174987
1 5541 166978
1 65872 106987
1 50673 90886
1 68658 167470
1 100427 12655
1 118195 145610
1 157829 105970
1 160440 107422
1 85169 133705
1 125407 82485
1 52127 176334
1 92633 172351
1 59929 163349
1 3335 142859
1 123356 97738
1 34772 176008
1 16920 64844
1 140627 95613
1 52138 56137
1 45273 168070
1 37720 104219
1 153180 45457
1 111310 100386
1 62285 124761
1 165848 158114
1 46707 22625
1 124576 140959
1 1161 175539
1 12777 187511
1 11673 134875
1 156555 101375
1 122009 193631
1 7921 1826
1 108294 187712
1 162320 104758
1 90111 153270
1 85482 93216
1 75364 174887
1 13507 138858
1 158127 101353
1 51553 60066
1 99667 55674
1 59274 73334
1 144083 195324
1 167994 171790
1 151717 103669
1 148131 69225
1 39879 194823
1 91049 156155
1 36513 44908
1 112092 118598
1 25116 142965
1 165752 163511
1 39746 61252
1 20507 16451
1 129111 171271
1 135558 24386
1 59063 16503
1 31958 145676
1 111473 102992
1 59460 92754
1 141091 187731
1 37850 35839
1 122583 39289
1 190072 138767
1 98908 37497
1 78343 155055
1 148521 99389
1 101563 42647
1 79598 185632
1 142991 6500
1 12348 152491
1 178237 6841
1 68952 101201
1 123388 34584
1 56026 163497
1 28862 141756
1 40523 145323
1 88233 181881
1 61887 83309
1 109845 139095
1 12016 133726
1 156230 21739
1 53148 121412
1 149931 50168
1 101985 103602
1 116759 115717
1 9943 125581
1 57151 158655
1 72813 191872
1 62708 95762
1 21511 109565
1 31842 140610
1 157974 91510
1 193864 154063
1 167417 189915
1 24058 7626
1 14996 174357
1 60692 71538
1 79600 154755
1 31872 27346
1 129874 73204
1 79083 8159
1 89054 162533
1 31812 174093
1 18286 121084
1 175798 87858
1 50350 9157
1 60774 28127
1 7420 53675
1 167599 185146
1 115261 174522
1 63005 46624
1 176833 166740
1 190696 192378
1 43226 122737
1 29298 99934
1 133241 29596
1 98307 189929
1 68555 104234
1 18499 197402
1 116820 35196
1 142841 95857
1 66058 108088
1 171779 67208
1 124851 17924
1 168598 68529
1 84865 165571
1 57911 145106
1 40238 169684
1 14777 134589
1 5460 168584
1 63800 110739
1 104335 5539
1 95062 89627
1 122646 161429
1 57782 125022
1 63766 169594
1 40246 124550
1 147664 126992
1 163377 108855
1 177141 89463
1 172404 177517
1 134528 146415
1 156352 2199
1 120467 38285
1 12160 165874
1 63765 136638
1 45708 134250
1 45963 18176
1 194590 93614
1 85814 18782
1 100435 137298
1 119980 138092
1 73829 177385
1 8058 163779
1 110184 147427
1 164793 173373
1 135810 168100
1 47599 47348
1 114799 18151
1 55592 146294
1 137205 196754
1 198933 193036
1 12196 136090
1 159653 167597
1 69585 43608
1 67170 93949
1 120659 11629
1 59151 134795
1 186558 188755
1 39039 188746
1 91359 129028
1 72375 170830
1 3768 187473
1 11463 181066
1 100094 34810
1 164774 120457
1 54416 78228
1 184525 14122
1 146873 185051
1 110038 197216
1 78760 35604
1 61973 86186
1 151086 40423
1 1782 44303
1 106105 169083
1 158935 179613
1 180175 172499
1 168 38818
1 38670 179305
1 87937 198251
1 165027 9545
1 165572 40252
1 120968 12848
1 37556 121808
1 156802 21861
1 146709 157971
1 114139 4503
1 191812 120412
1 146972 135352
1 30809 189104
1 198733 57433
1 47739 152436
1 50225 133127
1 72963 160433
1 51644 84518
1 133717 171981
1 189527 53131
1 157883 196744
1 137111 78430
1 59715 60598
1 116281 183921
1 116890 194620
1 91809 70619
1 102121 4045
1 189204 12761
1 132976 141669
1 7028 110694
1 86306 139782
1 191547 2073
1 115968 7730
1 188281 4990
1 173305 60138
1 110930 8889
1 147201 185765
1 38259 115863
1 70640 161107
1 92628 104182
1 131230 135700
1 159220 198743
1 165820 44531
1 92303 194561
1 88564 141031
1 54628 50393
1 152260 169356
1 129189 165119
1 54680 193823
1 113791 78316
1 94887 93240
1 54988 118473
1 62352 112779
1 109973 120082
1 106997 20833
1 73484 22892
1 97879 174930
1 145546 89924
1 158835 112135
1 120582 14056
1 18652 86895
1 155094 196394
1 195610 176639
1 103721 21491
1 77122 58734
1 42180 55653
1 662 175791
1 28540 14901
1 101728 154225
1 13813 70408
1 105097 3158
1 47449 102412
1 60607 183152
1 176028 76376
1 94344 22977
1 38447 54983
1 151265 82290
1 43841 152530
1 117723 126485
1 139581 45229
1 48118 114071
1 56897 114915
1 52287 130121
1 112220 87093
1 121831 52049
1 147018 57583
1 158373 58730
1 75571 173005
1 25358 36452
1 160034 82573
1 54962 112728
1 47682 49237
1 95866 43371
1 54495 18440
1 143807 30534
1 11482 62563
1 170157 53780
1 494 142621
1 92697 148733
1 35938 9856
1 90271 12001
1 132942 146242
1 9472 89687
1 110354 92903
1 176507 359
1 44755 84187
1 51114 136006
1 4409 133899
1 63775 177041
1 48422 178884
1 174783 196108
1 115512 154831
1 146974 59804
1 129410 142156
1 17884 129666
1 6023 199310
1 158911 170650
1 45303 63926
1 12626 182868
1 108461 155027
1 151550 141169
1 108265 189496
1 149606 148673
1 193546 121695
1 157448 17371
1 162895 32254
1 173650 121181
1 64911 63208
1 142337 106918
1 36534 149735
1 46400 144017
1 177538 190167
1 10368 58612
1 84542 175429
1 50900 45080
1 105662 179207
1 144719 185786
1 106074 29662
1 38945 18306
1 187694 105483
1 12462 17026
1 31762 157487
1 14064 85874
1 32343 55463
1 95375 143403
1 139203 167206
1 20862 137442
1 44621 122835
1 74009 190886
1 63259 174630
1 75325 3804
1 140475 102142
1 121831 80569
1 13791 145925
1 35152 72961
1 107165 183175
1 96456 142846
1 95655 167054
1 14225 107971
1 35719 199107
1 38911 93347
1 130463 32129
1 65805 144749
1 177246 190779
1 132866 45673
1 51078 46353
1 118533 190232
1 182620 70253
1 77309 17896
1 108144 120611
1 185069 11189
1 160655 25353
1 17678 123207
1 109766 35156
1 176494 101192
1 160537 121460
1 78281 24390
1 65538 169713
1 73510 96169
1 16367 32199
1 135027 159350
1 198966 147774
1 168100 5892
1 115995 75598
1 193673 47805
1 26693 133490
1 161711 17432
1 24892 167115
1 169529 96725
1 98534 168568
1 152574 126649
1 121027 34354
1 103013 107467
1 196966 82157
1 153599 188880
1 62134 100013
1 196517 154307
1 64356 25254
1 23699 71831
1 165615 133848
1 130628 161137
1 168981 1962
1 70734 198624
1 176155 192324
1 146880 415
1 92928 690
1 197946 103309
1 106750 162998
1 75084 70124
1 166529 39022
1 124242 184152
1 40492 30951
1 8079 137609
1 143689 10305
1 9929 16395
1 91535 198148
1 113509 113851
1 44378 45825
1 107587 61318
1 26021 4269
1 43547 92702
1 111564 166074
1 62680 101886
1 59905 18999
1 160821 53727
1 147917 139754
1 140951 186874
1 174856 123180
1 143466 142143
1 112219 102341
1 179583 171798
1 79860 172488
1 186724 39317
1 52298 189617
1 7557 195842
1 58323 166269
1 35011 17546
1 73666 155593
1 37459 79362
1 66822 87406
1 195481 157085
1 159808 134684
1 127748 53293
1 29444 160885
1 134765 79263
1 64402 115692
1 80939 147121
1 199062 194207
1 162234 15413
1 11806 182513
1 126348 161100
1 188442 104108
1 150959 90395
1 73754 135062
1 55264 179538
1 113987 98002
1 115694 160158
1 32275 33145
1 106771 64107
1 37526 505
1 46608 49183
1 196520 75565
1 34567 59668
1 2093 69374
1 155614 53013
1 192525 102842
1 131665 104923
1 198133 22770
1 71063 88393
1 1419 3545
1 98169 82405
1 2865 181467
1 151662 30553
1 42365 159675
1 4156 94250
1 152951 119984
1 139339 148152
1 89171 170305
1 157131 22646
1 41328 63647
1 129160 176555
1 183441 186626
1 177099 138984
1 145243 62792
1 100019 174859
1 134159 178379
1 161301 36469
1 107720 28161
1 100561 22408
1 25848 156824
1 71925 84836
1 185951 169170
1 159191 147554
1 23820 105566
1 63341 103121
1 126617 119545
1 37296 153967
1 9504 54148
1 125106 84395
1 130051 45925
1 21372 42843
1 180444 102691
1 199276 33144
1 169152 189053
1 194509 91937
1 24250 122891
1 199800 190287
1 197446 188184
1 165099 13845
1 23243 178303
1 178983 166619
1 131870 80260
1 172175 165723
1 134900 27253
1 8511 170524
1 75430 156802
1 111529 130287
1 23403 97625
1 8375 138407
1 61457 74310
1 142428 169757
1 103420 98313
1 103292 30052
1 50211 130489
1 60223 163528
1 131144 94809
1 104497 50317
1 136312 35705
1 140188 45798
1 131139 62287
1 156264 148403
1 174972 100501
1 35571 8576
1 160691 13414
1 150380 150586
1 44850 139668
1 31798 82804
1 122806 182412
1 95098 165082
1 118703 13101
1 5260 24372
1 90299 135782
1 11393 119903
1 17438 174543
1 89488 89479
1 152390 59017
1 2408 32360
1 168573 160984
1 193617 99589
1 49710 30976
1 84806 109033
1 154652 173600
1 41553 139102
1 57760 23627
1 57769 49899
1 120035 35821
1 6985 118290
1 93211 104605
1 166289 160520
1 88074 104958
1 147233 37111
1 118964 66267
1 83380 60978
1 150048 57347
1 59003 37752
1 15506 18402
1 54202 184108
1 54535 114273
1 103399 162834
1 99825 124159
1 56321 54093
1 38773 140592
1 81582 10711
1 89442 99382
1 95576 36418
2 71745
3
