200000
1 160342 128407
1 96433 183297
1 105056 106285
1 175772 42131
1 72209 61771
2 138794
1 176922 73520
1 30318 50567
2 84653
2 112095
1 153162 127100
1 137527 37873
2 151800
1 14579 106594
1 189810 158453
1 108080 16442
1 48324 15821
1 13814 152994
1 117376 168355
2 20267
1 24176 59887
1 110804 163877
1 68802 192929
1 121293 97313
2 169747
1 99328 56119
1 192896 77214
1 184843 171782
1 100392 179223
1 12989 96763
1 84607 24993
1 3352 160250
1 95643 92428
1 89630 99183
1 199755 154387
1 52559 33827
1 11503 40406
1 143653 77978
1 104408 83733
1 137357 72943
1 109537 24109
1 92071 58419
1 47308 107414
1 78657 16131
1 7456 7580
1 185103 80168
1 110594 73629
1 43502 108788
1 147730 452
1 44442 149658
1 194121 42245
1 81326 133773
1 181520 11800
1 54107 21213
1 102883 6586
2 35306
2 81748
1 175969 196832
1 47162 151628
1 91455 132262
1 113385 110113
1 161145 28121
1 123247 159275
1 31465 21697
1 151365 47449
1 108882 71347
1 101355 17070
1 77091 66097
1 4606 57216
1 170542 107524
1 199125 72307
1 130090 14168
1 72289 164081
1 13223 88024
1 48005 155310
2 65488
1 7982 111858
1 93062 175846
1 33402 48647
1 63067 81019
1 11734 39400
1 107103 185966
1 53683 31389
1 165920 100006
2 70111
2 103407
1 33104 87324
1 151163 193496
1 62173 65476
1 111648 193307
1 65078 50103
1 186698 34884
1 72194 191685
1 78613 87422
1 193563 47830
2 106088
1 173473 181005
1 80600 41874
1 190182 100175
1 138752 102181
1 176618 159813
1 100323 28626
1 29558 137846
1 98273 193222
1 191682 184586
1 119953 127940
1 112658 162760
1 54651 195588
1 124496 144589
1 167123 135051
1 83817 148048
1 78073 114251
1 130157 109205
1 195822 183613
1 141538 78767
2 192920
2 160028
1 173626 84455
1 106726 10043
1 138136 165268
1 183150 148837
1 7851 114449
1 56452 175989
1 121171 132167
1 6440 112875
2 51433
1 46495 20810
1 139854 143228
1 12627 77927
1 49655 15755
1 196495 125856
1 74507 388
1 79090 113500
1 37524 34171
1 12887 31968
1 107630 181037
1 104467 37100
1 76069 127350
1 182962 54104
1 52242 43984
1 196334 70832
1 172467 7438
1 54896 147469
1 105162 66904
1 120394 124084
2 2232
1 177447 72180
1 160215 160090
1 18128 174215
1 160381 95203
1 199849 14776
1 195233 27450
1 121294 62102
1 38889 8662
2 136731
1 127033 9186
1 125047 176464
1 180883 41089
1 26867 121699
1 125769 117657
1 35357 179365
1 171435 144477
1 120806 195800
1 83951 90263
1 43247 41551
1 168656 553
1 113156 69576
2 86311
1 98610 183763
2 46249
1 128676 103698
1 193844 108818
1 70420 4120
1 143926 164155
1 178402 37208
1 186320 102147
1 49627 7912
1 97723 22895
1 161484 48061
1 2629 181226
1 152825 146119
1 140842 173826
1 67292 158926
1 62577 74847
1 137251 161422
2 186312
1 15509 111204
1 53833 92451
1 100927 4579
1 63906 190034
1 162955 75335
1 177377 170210
1 165969 31768
1 13180 154870
1 133492 54588
1 91099 54885
1 74112 183731
1 44882 196950
1 81410 142928
1 141856 98586
1 193447 199610
1 136296 147466
1 68248 103074
1 72367 47138
1 170133 10502
1 103830 20189
1 26448 156647
1 44377 176145
1 152012 62151
1 146440 136909
1 47671 175910
1 193924 149489
1 183748 87869
1 3964 63949
1 164685 99579
1 73322 124733
2 141992
1 70286 149641
1 138424 128136
1 189745 58648
1 67828 92374
1 58783 179028
1 20031 4624
1 7078 150130
1 181572 138658
1 149948 41947
1 144374 115267
1 57107 117484
1 165968 150353
2 3578
1 112070 68427
1 1559 5623
1 178386 82656
1 97388 171939
1 59951 80447
1 69688 94790
1 76333 22672
1 137132 11827
1 199261 106537
1 150524 177830
1 197352 61200
1 167262 121180
1 150832 97138
1 156552 74866
2 144105
1 16991 185702
2 156698
1 198937 62242
1 12280 113355
1 178979 113350
1 38780 80461
1 115118 196432
1 82109 85395
2 161275
1 158430 193369
1 191107 182809
1 75488 184886
1 106367 93417
1 67318 160219
1 8299 95379
1 103344 171599
2 194951
1 172900 100787
2 188990
1 136362 137884
1 37734 170003
1 151281 112787
1 156240 80353
1 77567 30233
1 6606 112469
1 173485 114582
1 130249 146745
1 149897 118821
1 41103 84081
2 169353
1 139041 195889
1 158372 162641
1 173681 55010
1 103023 139431
1 142449 193357
2 183599
1 14485 169591
1 143583 184550
1 192189 40203
1 192608 132800
1 38766 1377
1 171002 149674
1 37177 17368
2 122255
1 60591 182851
1 87143 130493
1 45862 131104
1 9367 59158
2 4899
1 43588 72100
1 9307 113287
1 71704 169156
2 52130
2 20933
1 144933 142953
1 123594 23422
1 165449 72452
1 61666 88905
1 98975 1977
1 63562 31904
1 88036 129158
1 161091 19892
1 97784 10882
1 7993 116097
1 94980 150809
1 110850 159922
1 155212 38472
1 27418 16951
1 71824 56284
1 72157 153445
1 122152 125031
1 48197 37838
1 67807 149379
1 72420 172001
1 50959 73227
1 124133 108228
1 120447 70295
1 65343 103152
1 58810 165495
1 139834 972
1 174960 120819
1 31143 71886
1 91282 25665
2 102681
2 124928
1 199751 144909
1 82412 132198
1 31954 11863
1 154788 71911
1 45526 98788
1 33774 142022
2 18920
1 54759 36700
1 97668 101882
2 65177
1 79765 135076
1 187179 140897
1 119528 84052
1 39296 82055
2 47833
1 177728 129379
1 45429 754
1 4543 31543
1 189970 108208
1 27682 77477
2 118520
1 74836 125749
1 191844 181289
1 29463 36616
1 105865 95200
1 42857 112102
1 4875 194090
1 191342 154581
1 119782 127618
1 152679 40015
1 176733 66481
1 32473 143806
1 175163 33381
1 99938 83518
1 91017 67407
1 97368 52174
1 11345 162434
1 105956 109784
1 178513 2377
1 83294 12195
1 131266 111241
1 48745 129493
1 70731 133848
1 170320 15789
1 162688 140701
1 195746 97472
1 97248 155817
1 194827 43764
1 6030 189396
1 126515 43706
1 102350 118300
1 129180 119056
1 78083 111675
2 131703
1 118979 124839
1 112143 18439
1 199447 76876
1 162362 24953
1 10066 194770
1 107336 13251
1 163641 146792
1 64763 163259
1 50150 82183
1 58350 57594
1 146857 91820
1 185627 58034
2 480
1 65392 129613
1 141022 120341
2 199450
1 51909 100873
1 191902 165401
1 32459 8808
1 65629 130215
1 186707 180247
1 173463 26414
1 137278 153416
1 84694 153769
1 89836 75075
1 174091 23420
1 140896 178338
1 19150 102933
1 143125 23308
1 179991 84164
1 40416 175729
1 14141 94807
1 144711 106503
1 157486 175545
1 48993 32323
1 34542 136205
2 26030
1 182373 21396
1 17561 124409
1 11756 32066
1 35784 43437
2 162640
2 106888
1 35060 199755
1 101740 89942
1 152022 135506
1 189068 154318
1 47504 138497
1 139637 15466
2 4468
1 3140 96334
1 192741 68993
1 32217 119
2 56640
1 76160 58097
1 93362 48439
1 42981 137774
1 176414 94838
1 82213 122987
2 5941
1 27502 57292
1 147838 85047
1 57836 20085
2 133356
1 3840 126613
1 120681 180766
1 41348 168068
1 115723 19831
1 143235 141604
1 3197 87088
1 193116 155465
1 127218 97425
1 85528 188433
1 8597 174259
1 31904 4987
1 183275 129205
1 58809 88327
1 54122 131644
1 134722 43472
1 64408 114479
1 179760 164070
1 98024 5041
1 187848 84528
2 183442
1 167897 158430
1 51669 194545
2 36152
1 75384 65873
1 113346 21411
1 170333 176135
1 154536 121788
1 184633 85734
1 94556 190803
1 197494 154673
1 180061 107514
1 75513 54198
2 22220
1 189721 89724
2 163040
1 198363 144955
1 140054 39121
1 178398 149551
1 141228 151212
1 5502 137738
1 3436 58999
1 77720 150215
1 68524 53811
2 97015
1 163175 135606
1 196600 82036
1 189812 96133
1 40218 121996
1 161183 63171
1 164412 54210
2 153677
1 80457 58870
1 100501 55545
1 93760 17880
1 33006 107721
1 109351 77865
1 137228 75954
1 7404 50401
1 44996 117326
1 38938 164004
1 55342 65148
1 118516 47873
1 174364 170487
1 100749 103531
2 124124
1 156750 61611
1 113642 138161
1 393 123740
1 41923 124941
1 132372 104856
1 35729 198291
1 145921 94040
1 71345 75467
1 864 73078
1 197012 83749
2 122746
1 11099 27995
1 32752 193614
1 102639 48817
1 20857 173323
2 185928
1 197239 192579
1 21237 35957
1 30097 116422
1 18896 193
1 58653 159823
1 127952 58865
1 72597 76379
1 87993 13057
1 143679 10482
1 39375 31578
1 79906 131393
1 20976 174231
1 128458 71931
1 83826 100538
2 136319
1 121580 50877
1 158244 89730
1 63229 128682
1 182470 197320
1 142007 3101
1 80900 106107
2 55201
2 127272
1 85038 101220
1 80130 6256
1 83103 154679
1 3246 149869
2 25139
1 109995 146319
1 21961 98413
1 70181 144675
1 62708 87920
1 7532 9502
1 88135 115382
1 12689 133250
1 119275 91792
1 131982 24700
1 35370 125280
1 199682 21761
1 56712 172180
1 155821 151465
1 6625 199653
1 18735 178508
1 95812 71631
1 42813 34139
1 35663 24466
1 112549 169537
1 161676 118826
1 94147 158266
1 166539 9227
1 10435 75507
1 103744 54367
1 90521 7908
2 35679
2 52733
1 156202 93886
1 153344 41612
1 38440 139567
1 12039 2663
1 67552 191576
1 102575 125307
1 196813 169632
1 75250 88154
1 25987 168055
2 138278
2 111145
1 184722 197798
1 133131 196491
1 9896 178172
1 65258 164945
1 107693 158297
1 98020 176590
1 192335 143896
1 80155 191735
1 197998 45351
1 88384 71197
1 112927 21034
1 148074 199979
1 106852 122515
1 118258 179939
1 149605 108415
1 10642 136213
1 8690 110995
1 134334 31329
1 179004 138775
1 139970 51886
1 75793 103506
1 162909 156202
1 151192 104680
1 11485 149699
1 164941 22192
1 4091 41638
1 122558 42458
1 37049 151672
1 26181 4096
1 35258 21458
1 65287 183370
1 100514 104448
1 134382 7879
1 48687 115580
1 155555 150857
1 181078 75752
1 91087 127362
1 191074 56330
2 3218
1 116055 9033
1 133025 47684
1 164746 85648
1 41041 38059
1 198999 156705
1 157041 23101
1 193636 137450
1 16532 125463
1 11796 25912
1 49885 66237
2 45766
1 175126 87201
1 48971 37515
1 25270 67073
1 129887 120358
1 107493 74241
1 28399 156490
1 22918 78765
1 122792 45200
1 165623 94382
1 173387 198134
1 64851 138472
1 167689 75359
2 39463
1 33867 21725
2 118093
1 46634 50649
2 73799
1 59557 183455
1 50196 140361
1 148561 78815
1 193955 150220
1 103924 116316
1 44823 102555
1 94763 1961
1 164806 98058
1 29806 143130
2 4157
1 23128 35857
1 100365 121365
1 159326 73533
1 196956 189780
1 152344 114091
1 151800 139335
1 172961 138722
1 151352 115549
1 164589 8753
2 143250
1 100929 154404
1 16911 60245
1 32706 48891
1 51020 109286
1 175281 87892
1 11275 2491
1 186433 84249
1 98502 139286
1 122950 94356
2 12939
1 140021 180595
1 107329 120285
1 11788 144211
1 167812 141520
2 197468
1 109218 103630
1 359 111806
1 38022 23375
1 146371 134406
1 163392 33558
1 13228 54624
1 137022 50641
1 129683 53226
1 17361 139657
1 145364 114388
1 184528 135449
1 122357 131319
1 158896 20399
1 13282 92594
1 52130 181573
2 64806
1 92083 94892
1 170738 112493
1 92406 121291
1 122141 121081
2 30257
2 103371
1 58402 190283
1 173401 88238
1 123538 189206
1 37178 64370
1 56641 81975
1 113484 141775
1 194989 152850
1 107694 81451
1 38300 92657
1 191642 118683
1 126422 26274
1 54914 148191
1 25822 9746
2 51371
1 75689 186864
1 3305 22090
1 39056 164992
2 3811
1 155676 7734
2 118917
1 57675 135300
1 153491 125949
1 68031 121812
1 130721 28862
2 150722
1 174900 134011
1 28999 137432
1 151339 167712
1 188550 190045
1 157459 29104
2 7
1 82994 27245
2 85637
1 57726 136719
1 102845 70006
1 122562 43988
1 54885 165487
1 167293 18167
1 147139 179676
1 153442 61281
1 33226 196340
1 4836 192559
1 167221 84950
2 63251
1 36911 173694
1 97499 168115
1 39249 192348
1 83470 145566
1 196258 194816
1 104308 164957
1 169008 1490
2 15804
1 179534 66378
1 134285 167965
1 101187 128732
1 114958 71757
1 74287 110536
1 83948 21120
1 1192 133249
1 45870 20707
1 100753 37036
1 111553 139352
1 180503 113657
1 36496 39411
1 73131 91326
1 25761 73717
1 47870 79382
1 57587 163656
1 148482 90298
2 58006
1 183905 87007
1 13149 170571
1 48277 70132
1 126747 180636
1 87476 67663
1 42269 68733
1 141409 104879
1 131792 193060
1 87926 39737
1 103969 116070
1 21727 51704
1 161396 162003
1 30393 141018
1 133540 2388
1 97899 138856
1 154876 185858
2 54275
1 23324 20662
1 160004 94229
1 180112 188019
1 67037 45905
1 178779 123195
1 61091 67620
1 43446 133686
1 169706 77713
1 79588 162666
1 39611 138256
1 34577 15095
1 112330 175782
2 98346
1 77057 176118
1 41399 37180
2 101322
2 198950
2 143056
1 74498 8787
1 68357 40966
1 41673 186283
1 124042 171185
2 44518
1 161925 197036
1 66510 122721
1 103049 129923
1 191214 174182
1 31468 112976
1 181131 65880
1 27870 93234
1 177269 90162
1 185945 68584
2 58731
1 142428 23169
1 16626 18138
1 182246 147324
1 77225 110937
1 125506 29455
1 139906 70306
1 87365 125370
1 29833 30226
1 171387 78870
1 155861 68515
1 155037 109612
1 103205 51176
1 189974 72920
1 19642 81033
1 164152 54175
2 37687
1 44875 171001
1 131225 181112
1 115139 57139
1 181205 148080
1 49531 120731
2 1953
1 23451 83535
1 95229 8096
1 171832 171356
1 136622 110048
1 184642 73055
1 97351 182422
1 170693 89745
1 170572 123669
1 170885 93698
2 60365
2 95391
1 128692 86738
1 44433 156124
1 10299 128755
1 106297 33364
1 139282 70061
1 48250 150775
1 39040 127755
1 60050 152357
2 99820
1 119691 115210
1 147138 175357
1 72950 10863
1 30364 143414
1 91891 38351
1 131041 73424
1 174493 47926
1 61889 105881
1 32149 62122
1 151925 88269
1 127645 144613
1 187266 25139
1 117179 24594
1 126001 119674
1 102155 68491
1 135244 35475
1 47908 108113
1 42269 173585
1 114159 12555
1 136547 110336
1 24196 34948
1 73941 149507
1 16134 146207
1 170267 131761
1 184129 23196
1 184009 81649
1 17218 43857
1 177054 105237
1 73846 92193
1 197437 38259
1 44486 137217
1 77675 139274
1 164786 23596
1 175945 146068
1 85612 165156
1 13587 3751
1 13431 23915
1 112536 50194
1 117185 10113
1 37308 138165
1 168830 95135
1 5035 42784
1 29637 144820
1 114271 156272
1 153776 57375
1 189654 102502
1 150062 161389
1 199500 98440
1 136684 29077
1 149503 24189
1 171557 194288
1 172451 80868
1 170309 60157
1 57700 39541
1 131333 120021
1 106139 135132
1 133891 63275
1 83667 98769
1 44448 45895
1 190014 21564
1 141279 145220
1 17906 167240
1 21756 50247
1 198696 36038
1 58250 132802
1 133367 176708
1 89424 9384
1 184973 113646
1 138725 115058
1 42479 142373
1 9482 102419
1 181426 127134
1 77768 81016
1 67449 64957
1 50635 63106
1 119281 139314
1 27325 11463
1 65610 165651
1 176103 184583
1 106807 171962
1 14596 19692
1 30569 191970
1 55207 21316
1 174471 198909
1 151055 135298
1 27570 57561
1 48393 48563
1 32823 62131
1 167558 54845
1 147413 64794
1 190972 123869
1 115824 18761
1 157250 138274
1 4758 46654
1 107751 135781
1 31281 99423
1 13587 42570
1 145868 26574
1 47393 112316
1 72331 106762
1 122236 195173
1 8356 180361
1 9465 43948
1 91235 64916
1 26932 77043
1 30494 38179
1 166061 6032
1 159733 123705
1 33189 168523
1 197005 40833
1 59380 123800
1 119693 164074
1 34990 138134
1 11482 9792
1 26487 72776
1 106255 12620
1 58531 168018
1 41919 150894
1 133586 37111
1 186542 37880
1 16266 74130
1 70221 62605
1 86805 151442
1 50358 193914
1 181150 54907
1 63849 109333
1 135111 141209
1 5637 138069
1 6862 7622
1 135433 138224
1 102816 72159
1 93003 143675
1 30076 1923
1 98233 163838
1 62604 71180
1 85456 114455
1 67200 145874
1 115994 171346
1 69165 186973
1 170669 169861
1 108901 6889
1 11616 182641
1 166167 56672
1 21071 160983
1 63017 180371
1 79634 41175
1 62612 123642
1 89529 28816
1 89792 80110
1 7948 93492
1 56864 164771
1 141377 27114
1 100879 61482
1 66173 124457
1 72300 7463
1 16528 14225
1 23603 149519
1 32491 185805
1 13661 79909
1 17380 34280
1 11129 166901
1 67052 190508
1 120780 90833
1 159696 185538
1 135334 105868
1 72942 8389
1 75717 126388
1 147448 8744
1 107246 96788
1 2350 104074
1 115402 489
1 192792 106775
1 182015 8419
1 151682 73186
1 143888 63008
1 167484 183616
1 139574 52324
1 21457 72680
1 120190 119196
1 903 128585
1 141606 125652
1 21783 100203
1 178291 123767
1 7214 155209
1 4630 26182
1 178085 80109
1 183936 103323
1 37308 105998
1 154689 170334
1 5853 181927
1 97000 100488
1 198542 152920
1 8982 3480
1 6135 155778
1 48293 58323
1 32471 77981
1 158392 44736
1 157121 59805
1 184931 50083
1 160475 55430
1 193790 169721
1 21529 111755
1 151364 10164
1 195254 153134
1 161330 9720
1 22643 43988
1 146397 180054
1 120852 110760
1 194835 65736
1 14488 194162
1 75830 170925
1 166776 125303
1 73493 104518
1 142690 149075
1 82956 76145
1 30775 23381
1 186270 42021
1 65091 33948
1 195024 72877
1 54076 110959
1 118409 23273
1 114494 15714
1 98536 1282
1 119492 40806
1 60709 183341
1 73642 91760
1 19627 99044
1 50977 126350
1 127348 114016
1 89588 6342
1 1190 116953
1 129338 170417
1 27374 22529
1 12635 182486
1 74204 76799
1 124999 154442
1 192382 145961
1 139124 162567
1 35072 168644
1 31511 56332
1 156482 13247
1 194022 60277
1 177467 93870
1 6156 116123
1 191438 36932
1 98477 143533
1 34090 197715
1 112795 57615
1 86823 153671
1 121817 161011
1 169823 72480
1 59279 139638
1 154378 83887
1 86222 158974
1 65565 110868
1 118661 147985
1 77988 49398
1 150851 113976
1 42590 80324
1 82351 133588
1 91225 100202
1 105542 170496
1 130319 101910
1 54100 1449
1 36864 79021
1 138292 12586
1 70097 179976
1 120012 46764
1 34020 178932
1 107779 170492
1 90360 117161
1 66246 64238
1 188290 61514
1 165115 164977
1 27853 89757
1 110211 60467
1 144271 31500
1 34102 118136
1 152653 88732
1 157915 148918
1 155506 171244
1 166822 39604
1 154986 10929
1 183093 82594
1 11268 136176
1 134669 184059
1 179143 3581
1 134801 71641
1 85 128050
1 33476 59161
1 33279 73971
1 75264 129456
1 113960 192672
1 187255 124172
1 14813 140379
1 89065 55726
1 114611 52220
1 25445 172103
1 163747 94161
1 106180 119058
1 189218 96731
1 13474 19762
1 89157 117766
1 74784 157580
1 55572 91048
1 116055 140135
1 91116 131324
1 108958 149953
1 116762 61600
1 31743 66484
1 194166 199948
1 81525 137866
1 19517 188885
1 164138 8862
1 51571 122146
1 74799 82804
1 102071 128109
1 34300 120154
1 141095 164989
1 139625 81087
1 28535 160162
1 75436 150995
1 101325 169009
1 135573 37408
1 37023 142146
1 92295 69737
1 183696 176999
1 186169 125697
1 26568 86254
1 159917 3246
1 18386 127770
1 99119 80638
1 112954 6749
1 37201 156329
1 91303 186522
1 159909 166697
1 170614 7385
1 175035 17110
1 140633 29834
1 46556 112901
1 196207 95103
1 124487 183138
1 152804 59300
1 199851 24524
1 58826 198465
1 67749 135089
1 195768 22642
1 112764 56810
1 53156 192933
1 116633 35097
1 140156 20948
1 70923 1218
1 198858 54980
1 178427 166438
1 37832 156415
1 18028 2790
1 153472 52622
1 128887 182935
1 165864 15994
1 9988 10529
1 191037 123204
1 16332 73118
1 17118 62305
1 105677 14512
1 87531 101243
1 123022 149794
1 152415 167908
1 48213 7362
1 166954 195741
1 184230 134910
1 5779 28232
1 24125 87165
1 155980 137577
1 53198 195777
1 145879 192354
1 2684 198458
1 125208 81072
1 158168 140333
1 93244 99233
1 76828 126918
1 82314 80984
1 139111 73786
1 119047 189379
1 129209 65250
1 181903 182810
1 79282 168275
1 32304 151388
1 176711 167362
1 9418 39366
1 52294 158870
1 193126 158292
1 159691 44815
1 50324 25596
1 55042 194775
1 46216 149736
1 71391 5990
1 60406 57011
1 62107 26715
1 111404 100967
1 118128 145241
1 63407 56693
1 57880 102239
1 191898 28084
1 40130 175403
1 89907 120734
1 196373 36369
1 129359 110152
1 193257 20758
1 81960 190370
1 35778 42707
1 32252 84719
1 124559 19975
1 133545 80518
1 173667 178685
1 10822 129801
1 17522 125279
1 184004 169124
1 120144 188953
1 159558 71944
1 62885 196466
1 121662 105641
1 48372 126631
1 175497 50230
1 110605 50377
1 123084 40344
1 58192 174361
1 4111 177646
1 58276 170978
1 192794 163463
1 115703 64854
1 167694 84576
1 144119 14829
1 66246 151839
1 32657 193274
1 8622 29136
1 47849 79438
1 164131 49887
1 197211 85842
1 62412 147542
1 137264 126944
1 56120 113752
1 8163 131938
1 20346 34013
1 144661 35566
1 175041 117295
1 21070 186144
1 103035 83686
1 171639 111161
1 80171 136096
1 158613 184952
1 190665 193412
1 17671 42680
1 37466 112119
1 102849 140745
1 102417 157087
1 187466 11793
1 45093 175768
1 181172 169125
1 168947 10739
1 157596 10979
1 65431 193846
1 166946 3155
1 119493 1745
1 140713 186814
1 86253 173213
1 169874 78989
1 37200 144283
1 43124 102886
1 62748 100971
1 27040 81668
1 122447 60554
1 198483 76758
1 20810 163728
1 77692 37978
1 106869 140714
1 181679 155833
1 96467 20884
1 1065 63077
1 188901 179866
1 62535 79537
1 7940 85840
1 1345 81777
1 131001 141134
1 66987 187795
1 49440 44081
1 121838 139772
1 94334 71439
1 33731 50022
1 48544 59386
1 14704 64889
1 27893 20920
1 114631 58089
1 69805 155137
1 79836 164432
1 199314 6329
1 86919 54796
1 165734 80367
1 44698 134747
1 61566 74901
1 164067 158196
1 185311 190786
1 169764 19752
1 145943 179558
1 87313 69050
1 61726 147276
1 77707 159739
1 46765 127894
1 134876 9258
1 175261 175924
1 154739 59531
1 49348 196709
1 118945 116678
1 132941 168882
1 87252 61891
1 55703 130856
1 30931 80707
1 116304 164822
1 122938 75264
1 184529 163526
1 29110 163017
1 162620 59072
1 158660 171031
1 175188 198460
1 2598 39925
1 16284 6246
1 184230 83407
1 172852 46296
1 90575 38104
1 149936 119955
1 131817 182497
1 140090 126527
1 112372 189431
1 144939 105700
1 53991 138045
1 21668 55721
1 7275 88651
1 169394 21068
1 176658 91078
1 66658 27169
1 121244 100416
1 69665 166223
1 138925 175314
1 169113 81800
1 20296 160952
1 82952 57481
1 176975 91822
1 181985 53394
1 16190 196488
1 113384 21158
1 75685 142870
1 181577 174405
1 79205 127096
1 184761 124137
1 87854 53823
1 3408 98623
1 129912 181445
1 34725 14439
1 192575 187151
1 158507 29166
1 78659 65761
1 39116 189003
1 28607 12640
1 123332 121304
1 46889 105071
1 28864 106002
1 100138 148227
1 164279 118035
1 5919 61449
1 21832 193038
1 191120 113914
1 69397 161996
1 56880 114108
1 161695 143910
1 94037 97915
1 93731 50114
1 35961 149960
1 17716 166738
1 49393 17586
1 6425 158986
1 114156 197603
1 5482 97697
1 18671 2301
1 177574 66379
1 110672 156149
1 38999 9397
1 127280 170415
1 127657 187905
1 134845 40091
1 199303 119171
1 23911 137936
1 178744 171836
1 53602 87335
1 155320 151574
1 172253 83033
1 14746 133600
1 140545 12636
1 19870 110091
1 63276 116411
1 81934 66341
1 150319 42164
1 175775 35540
1 116486 160215
1 43717 145174
1 37655 98140
1 151189 16695
1 145581 132549
1 46114 62420
1 194486 81141
1 133201 8527
1 186298 3215
1 109503 73810
1 145438 127507
1 178517 22024
1 153561 190389
1 57320 182040
1 44853 110655
1 80791 151332
1 71497 183977
1 15135 44803
1 130293 136439
1 170818 97339
1 29983 23058
1 54553 9985
1 176876 180074
1 156150 129524
1 195138 55115
1 43134 166679
1 10876 183551
1 71493 136335
1 149102 14756
1 199147 104477
1 7770 118669
1 88183 99677
1 125171 95197
1 65074 15743
1 6161 145250
1 180357 92932
1 160564 12592
1 186838 157564
1 106686 61823
1 93920 62655
1 73707 61254
1 56465 159657
1 52755 185560
1 29353 127961
1 9186 146814
1 65104 86509
1 152598 50582
1 58423 143287
1 168442 121004
1 80499 38659
1 199457 141591
1 133335 195981
1 50918 55446
1 162960 9213
1 47714 48491
1 55365 33446
1 127150 103799
1 194351 139774
1 64026 135830
1 10870 131231
1 16046 182782
1 120142 57981
1 187553 27667
1 115664 39722
1 81302 92237
1 152668 193287
1 145310 125517
1 144366 71629
1 143787 34428
1 25920 185020
1 149521 93158
1 57119 6818
1 178499 52822
1 141137 174031
1 35531 52466
1 119654 178647
1 66698 140313
1 58013 171144
1 111346 90427
1 137081 126445
1 44417 120184
1 141028 141315
1 22016 193021
1 18052 18811
1 49532 98715
1 68444 43953
1 87555 8169
1 146726 141994
1 193313 94875
1 114094 29140
1 114012 9827
1 184688 144441
1 46958 3657
1 143669 34885
1 180098 72326
1 8875 129977
1 117106 185958
1 4804 172207
1 28735 46622
1 137553 68112
1 73936 172138
1 23454 124243
1 94959 46571
1 28816 65400
1 31682 6847
1 18046 158276
1 120966 108770
1 165005 10943
1 96850 172741
1 103055 32747
1 15817 116653
1 78301 13190
1 29600 50702
1 176371 188867
1 174610 169192
1 161611 149380
1 177889 146337
1 44990 99611
1 94095 139876
1 48727 42755
1 86300 131321
1 85625 67737
1 34369 30822
1 46836 10143
1 85101 74885
1 127778 86835
1 119487 57895
1 86727 114252
1 72644 75752
1 97193 41910
1 70642 128339
1 180332 76559
1 147237 68217
1 51186 140545
1 78233 68172
1 38195 61250
1 114408 115330
1 142936 180169
1 67333 178727
1 2717 172242
1 31416 116546
1 26214 39765
1 146524 12780
1 44641 183427
1 49046 160237
1 1758 120961
1 164503 149528
1 44396 168105
1 169365 142440
1 98356 119421
1 140550 79132
1 195802 41518
1 155486 152528
1 165586 56653
1 78665 146077
1 53056 138064
1 55083 4531
1 191316 120649
1 20247 3188
1 166564 56290
1 19726 126228
1 153931 148444
1 89145 65710
1 121281 123145
1 126313 51177
1 5372 172615
1 35150 96907
1 67078 3327
1 104437 45469
1 75103 46173
1 145927 73473
1 17110 74257
1 4350 45392
1 186403 148999
1 133097 85816
1 42183 69090
1 178787 9813
1 1191 196927
1 199888 120717
1 50085 158184
1 51225 17009
1 130368 65687
1 23401 26578
1 86766 191724
1 146663 184865
1 83704 12145
1 174005 190346
1 55446 143693
1 40937 15634
1 119051 50054
1 132363 137199
1 166659 169467
1 154127 116200
1 5866 6498
1 82516 4014
1 16527 180670
1 155933 11066
1 138554 190756
1 6350 178344
1 155211 185839
1 83434 39186
1 51476 45440
1 65804 115504
1 155640 57467
1 161635 196848
1 33349 103487
1 106098 173458
1 1486 148901
1 119496 58758
1 108301 107580
1 50492 127304
1 120120 131203
1 12972 102267
1 73569 160871
1 65526 96965
1 26772 122174
1 32951 72746
1 160555 48068
1 52803 140652
1 120117 56404
1 195622 51810
1 88776 106602
1 120153 80407
1 128738 168088
1 72135 15974
1 28935 175302
1 21121 139283
1 47191 90031
1 105727 47789
1 49262 180312
1 11738 77217
1 36289 131922
1 153478 80736
1 139702 161203
1 60372 27317
1 98692 148625
1 143976 65889
1 72716 13759
1 106359 126777
1 100151 165260
1 139268 138560
1 23376 94264
1 1179 111560
1 175908 158265
1 194254 10118
1 167320 127727
1 74415 92405
1 168650 46691
1 169167 131949
1 38956 57030
1 183797 39875
1 29 181351
1 79074 15396
1 190537 126646
1 121539 129005
1 29635 139320
1 92726 171789
1 53281 142730
1 87106 180126
1 42199 73818
1 162065 114560
1 172887 135203
1 179248 74680
1 3432 26345
1 179593 38856
1 104581 1461
1 31520 87567
1 68217 196753
1 109195 61603
1 149048 174150
1 177142 16557
1 150464 76757
1 134359 2052
1 54833 111796
1 198062 21837
1 617 19722
1 126272 144275
1 13732 177198
1 133332 179810
1 103186 44315
1 158190 41833
1 138682 59255
1 57419 172816
1 41231 76870
1 188829 137431
1 199376 99048
1 26056 169392
1 30757 117659
1 59549 71838
1 20984 170861
1 111254 109774
1 115281 136513
1 75730 106421
1 74293 74694
1 196498 73196
1 120705 101811
1 186164 16329
1 182594 16902
1 154798 36414
1 75159 110717
1 123342 156406
1 83402 181013
1 81521 124974
1 191083 81218
1 4353 13969
1 124014 182575
1 147955 154968
1 13639 118647
1 179328 73440
1 47620 125220
1 193251 77069
1 27947 148647
1 26772 157918
1 13077 160024
1 74947 185362
1 89801 22895
1 119895 175611
1 84061 6850
1 83368 107872
1 176969 19905
1 36155 174679
1 89420 113648
1 17085 139875
1 30404 37348
1 18178 51596
1 46345 50624
1 129791 188989
1 53770 180272
1 12934 89379
1 25003 183846
1 1729 135939
1 3422 56916
1 71664 16347
1 9857 15466
1 198247 96445
1 127863 158290
1 108099 47656
1 95241 46761
1 147948 91560
1 151359 159167
1 63504 114991
1 119547 45713
1 155038 100533
1 168854 41734
1 49665 87949
1 177213 84264
1 197087 6729
1 171150 88996
1 35729 150544
1 81646 182468
1 175140 198461
1 134637 172267
1 36048 174394
1 12318 40657
1 181816 152605
1 33008 56769
1 56162 97091
1 111890 94929
1 194040 199724
1 126085 23200
1 13631 165270
1 142594 23189
1 135446 193372
1 79 86934
1 79666 27153
1 65245 72327
1 92312 188568
1 108836 17541
1 191516 160647
1 56898 103074
1 49240 118461
1 128848 46626
1 146416 167424
1 116358 34742
1 178884 56794
1 3537 140664
1 41974 86581
1 137395 90023
1 28318 29621
1 57947 94756
1 63562 89174
1 2117 95212
1 74683 144135
1 10451 125400
1 22941 171078
1 61165 78610
1 99462 181565
1 406 23834
1 96177 76892
1 109520 108025
1 25915 151607
1 150578 85124
1 190687 149602
1 2759 75540
1 9838 46731
1 126569 184324
1 75219 159448
1 181150 156331
1 152901 171841
1 51891 28827
1 111692 74992
1 158167 165659
1 83000 174935
1 7866 151648
1 56094 177873
1 186471 176274
1 131413 187964
1 52958 152061
1 172018 7574
1 28854 139861
1 52544 14039
1 62897 183791
1 2499 169230
1 159201 171196
1 182829 63487
1 189947 166856
1 177376 75004
1 120761 96115
1 197671 118274
1 166709 83694
1 367 184790
1 113603 62201
1 68426 145376
1 179535 92507
1 189222 62216
1 198904 129314
1 122954 164879
1 122732 181533
1 27666 89200
1 56517 187735
1 50796 59704
1 50467 161813
1 108819 185058
1 68298 89682
1 157386 112630
1 69438 12666
1 161948 189220
1 113053 68837
1 73298 45404
1 24316 20757
1 166453 25584
1 67078 27251
1 22405 32365
1 56721 180037
1 74554 54455
1 182658 50355
1 85754 157860
1 173411 93883
1 163419 77978
1 198018 102578
1 147227 76908
1 129805 30589
1 28060 150065
1 32812 40207
1 74405 189415
1 52446 12325
1 96533 10247
1 58007 47551
1 182569 68073
1 176216 139873
1 133106 130714
1 36497 78601
1 179087 179259
1 169012 110578
1 192945 171421
1 69210 175561
1 94672 161691
1 15962 176815
1 33513 110136
1 24488 39728
1 61434 181817
1 103532 34497
1 182783 78980
1 122467 157888
1 88238 60410
1 7482 33319
1 122033 150481
1 110248 81681
1 65635 186038
1 63117 126898
1 67213 47970
1 71497 40977
1 148706 37371
1 4574 138376
1 157433 50670
1 121161 198845
1 174538 88650
1 159198 103458
1 37099 172191
1 161571 82156
1 156684 55128
1 622 122704
1 95728 61333
1 112962 149443
1 116718 195340
1 90918 115250
1 182567 190242
1 100103 173824
1 43081 104837
1 161296 104831
1 177285 190477
1 151560 144177
1 81485 86675
1 18092 116736
1 192657 130321
1 60238 764
1 44986 145659
1 26476 69332
1 64167 101213
1 166292 168983
1 155175 144694
1 184184 89772
1 151863 197715
1 11469 11983
1 47037 178736
1 68713 196429
1 14661 138700
1 94044 164931
1 118203 170187
1 11087 102355
1 79720 90897
1 182172 153895
1 154289 53915
1 47533 70763
1 140046 14625
1 185688 4868
1 147527 37482
1 95930 32086
1 16052 195184
1 111762 16693
1 112886 54900
1 33888 111466
1 27696 171939
1 5694 15018
1 19723 148522
1 111486 96275
1 78250 76951
1 26501 11559
1 38697 107313
1 51688 6924
1 92124 185433
1 165061 20100
1 126022 162466
1 127268 107305
1 190232 52782
1 184142 41516
1 152811 83466
1 173485 180366
1 47680 40267
1 102309 170975
1 171447 40745
1 189362 14775
1 186893 9883
1 153666 148594
1 176346 82485
1 59605 131760
1 32587 137726
1 22292 8141
1 193308 157718
1 138414 72988
1 88025 129159
1 192569 170858
1 21973 74921
1 111368 175985
1 64171 194747
1 61193 116378
1 76725 162751
1 3297 35128
1 57098 157654
1 27019 178114
1 94844 107997
1 141037 131791
1 135185 113671
1 172795 87448
1 154176 22652
1 24209 46121
1 69232 183218
1 53132 139944
1 162604 139977
1 14442 113163
1 128938 143467
1 20386 47699
1 177214 177380
1 61701 182862
1 95001 190271
1 166614 180045
1 187014 56931
1 178343 93473
1 141479 3117
1 142580 122716
1 31020 195854
1 76868 26886
1 156372 109287
1 35583 149662
1 49832 109666
1 161610 116307
1 176885 63508
1 98409 31810
1 127242 188305
1 90582 137009
1 117873 153551
1 48349 158091
1 170290 121406
1 137787 20702
1 137157 168935
1 146551 41363
1 124566 27331
1 185280 67053
1 166207 194782
1 51848 57412
1 4801 69229
1 28064 258
1 165956 169005
1 105173 164510
1 50000 2045
1 970 109656
1 142412 147197
1 167703 135990
1 24438 122343
1 6561 55038
1 96994 108589
1 176123 99955
1 146743 38292
1 132796 41492
1 130727 182224
1 43809 90001
1 186030 172001
1 80613 28496
1 80910 71790
1 87966 79520
1 53834 92960
1 146267 148093
1 43808 78209
1 144636 166917
1 29514 82197
1 152530 164600
1 162488 84023
1 95352 120181
1 95431 19192
1 144880 71795
1 107589 54453
1 172353 32959
1 49577 167479
1 130256 72629
1 67277 35792
1 143805 38721
1 132782 128947
1 109185 109078
1 5542 81555
1 143365 69487
1 112168 120704
1 39493 63493
1 93373 23550
1 19494 128849
1 4030 63911
1 7444 69188
1 186321 53507
1 57888 138500
1 7528 163686
1 170521 135144
1 126647 179017
1 66537 170166
1 59381 141164
1 15090 93148
1 123798 10924
1 9513 99053
1 169479 34400
1 96755 199517
1 101546 192761
1 11390 172287
1 155923 40858
1 180193 40637
1 84291 180788
1 195511 81689
1 154660 83622
1 158457 162787
1 196997 98388
1 118298 89978
1 65111 172998
1 188904 10503
1 157287 33347
1 66721 66167
1 162462 170158
1 96914 169720
1 9015 69600
1 112439 39351
1 19135 89415
1 58190 29400
1 133714 87551
1 3069 116982
1 56788 17071
1 122599 119260
1 149039 86182
1 195465 178116
1 96459 82102
1 4186 152591
1 30355 32144
1 125923 7748
1 10662 97313
1 105564 191630
1 114075 115884
1 29769 98160
1 20602 79081
1 95892 171467
1 90424 37597
1 104362 64210
1 30386 45946
1 23451 163852
1 103212 135929
1 92717 100939
1 92683 119798
1 89025 131115
1 34768 157004
1 87721 175950
1 197079 124081
1 172681 66006
1 32976 195284
1 71404 182819
1 180668 197493
1 25193 72527
1 54635 95300
1 131127 143719
1 90804 76094
1 117453 105835
1 109686 113604
1 187838 88200
1 56525 153533
1 10324 105556
1 186199 181422
1 67819 83275
1 93481 168279
1 49039 199049
1 88204 90448
1 90585 181000
1 63549 46693
1 22855 28379
1 118756 91119
1 110171 60651
1 56468 93299
1 31542 158193
1 94531 189887
1 180021 101491
1 15498 9411
1 100299 151491
1 77984 194286
1 38815 142388
1 89043 11338
1 45032 125983
1 15496 135385
1 163336 142999
1 23797 172464
1 148134 198185
1 139483 199571
1 193358 88023
1 52104 121426
1 82957 9429
1 136524 142691
1 28105 34756
1 162490 153857
1 77470 172973
1 89955 156421
1 95999 75713
1 2895 30978
1 82444 33168
1 198972 128614
1 49263 78024
1 179291 127822
1 147388 44271
1 103687 148778
1 3145 11491
1 11976 94354
1 59531 196432
1 60873 140775
1 140274 37298
1 29653 95086
1 132550 114509
1 62487 180329
1 93954 37546
1 86739 23800
1 159857 194132
1 83616 8303
1 7368 75730
1 150376 68792
1 152515 169894
1 139554 191403
1 129475 63047
1 35278 77483
1 34662 60826
1 103601 60356
1 44776 163191
1 80531 69122
1 698 88154
1 190390 175125
1 81633 176103
1 19352 48675
1 152785 161186
1 137388 151852
1 152906 195375
1 140244 124773
1 158258 121542
1 73122 196430
1 53428 14906
1 60432 188310
1 119129 875
1 17598 25584
1 100516 61833
1 139499 10870
1 124147 81547
1 97142 46334
1 62291 2927
1 48982 55739
1 128227 66612
1 3927 100566
1 45869 71061
1 187543 75725
1 136066 15815
1 145600 176972
1 45781 163829
1 138056 4938
1 102041 193467
1 100390 175717
1 15773 111649
1 122582 164481
1 160039 196121
1 94224 61534
1 19600 162939
1 9284 97017
1 158560 149568
1 47834 134692
1 143530 10941
1 89704 157225
1 78826 178273
1 183412 48924
1 107292 197936
1 83500 178943
1 141472 9601
1 179106 156955
1 196556 105783
1 25036 51611
1 55952 93884
1 14716 76524
1 19281 41155
1 75420 107347
1 18495 45695
1 173677 81295
1 174584 86814
1 45761 188016
1 167970 66059
1 191990 183734
1 151044 93667
1 73844 2925
1 54245 107447
1 176106 98248
1 110247 117506
1 137029 150589
1 15398 51308
1 73777 65633
1 60044 50559
1 72340 60740
1 172856 166889
1 1096 50574
1 172880 51634
1 27352 108250
1 168610 145598
1 97789 160403
1 30210 69702
1 198298 152141
1 103072 80211
1 154102 38
1 142248 16444
1 44537 69022
1 60703 95713
1 106601 167091
1 47740 34535
1 173669 122305
1 114179 134709
1 156962 114073
1 16424 6447
1 165030 124704
1 96931 70130
1 74115 43754
1 133648 29265
1 127061 178390
1 121930 49422
1 107197 48172
1 30087 38427
1 47455 77430
1 199669 70482
1 91098 55388
1 117462 163122
1 89095 165060
1 155737 102620
1 13173 140264
1 11642 178062
1 1763 195448
1 183708 58975
1 101758 77235
1 157733 95483
1 124828 34881
1 70938 123040
1 5881 1043
1 18490 152344
1 107696 161214
1 175264 15096
1 4413 114836
1 95508 166682
1 160882 107460
1 184241 136599
1 22647 34996
1 59262 159303
1 149766 9757
1 95878 171197
1 71143 83302
1 38201 119997
1 37224 171461
1 184328 60992
1 138208 16722
1 41659 171627
1 1252 29165
1 117910 95755
1 165258 110162
1 115181 86869
1 181597 59449
1 3908 77788
1 97185 1460
1 120298 52114
1 6793 162052
1 34392 111427
1 180661 26876
1 174021 45135
1 133617 170138
1 76044 33512
1 102123 142817
1 22722 114444
1 182515 85307
1 151185 163651
1 164921 145934
1 53465 125468
1 152706 117212
1 53193 65571
1 195755 163680
1 25464 11239
1 196578 7015
1 159306 13994
1 198498 145964
1 190208 162601
1 148143 23928
1 190047 195022
1 60689 193081
1 118341 113394
1 175189 135840
1 176072 196376
1 130049 80320
1 108945 27942
1 13719 55332
1 29368 12838
1 113869 22513
1 116256 146301
1 66442 25277
1 153172 51498
1 42724 142511
1 157923 38723
1 46169 71448
1 78776 11883
1 63756 106576
1 165950 109078
1 169857 189205
1 12404 192833
1 19803 124512
1 91916 99437
1 31125 7306
1 111305 99484
1 25342 175006
1 146648 55501
1 124729 23999
1 199919 51323
1 146613 175164
1 149348 196180
1 180585 160881
1 81488 104759
1 150354 136865
1 169893 105841
1 97073 198737
1 123596 120312
1 38399 185063
1 75522 24295
1 67316 67076
1 177397 189052
1 186360 26015
1 12698 155471
1 29031 109667
1 94866 24533
1 7883 75083
1 86717 50005
1 80405 87099
1 61790 186601
1 96861 16993
1 12336 157881
1 181339 48716
1 196680 197491
1 189733 199693
1 174060 43405
1 32555 158220
1 10739 121983
1 59057 30061
1 34077 94203
1 110219 71907
1 7669 131632
1 183198 79892
1 48421 126142
1 79638 178735
1 48986 9019
1 16995 187722
1 73561 162150
1 184888 182143
1 40608 142059
1 188229 190472
1 102721 27799
1 122227 156378
1 119867 17437
1 177954 132479
1 45146 146889
1 7391 14839
1 138001 178819
1 114280 25424
1 166037 38215
1 41571 75972
1 187964 86307
1 144284 14419
1 60055 174834
1 169919 61025
1 141 4375
1 194583 105746
1 15161 167229
1 13317 143076
1 85125 32653
1 70658 12429
1 194312 51184
1 89 18837
1 21341 96519
1 101151 187446
1 34244 80360
1 51382 15986
1 163261 187994
1 54402 138676
1 7715 26259
1 91626 139563
1 99910 1457
1 32466 99298
1 90765 195255
1 91159 151588
1 10186 16137
1 46539 72079
1 132127 63914
1 84850 1847
1 127505 199220
1 139325 155966
1 153002 80536
1 125446 70706
1 141972 73112
1 159244 95718
1 140531 20866
1 179887 156755
1 45124 90351
1 32431 29617
1 131636 105660
1 139938 159057
1 183362 96647
1 16691 254
1 160215 163821
1 65890 74453
1 168997 41218
1 2616 104353
1 155456 26961
1 164618 133050
1 25146 110933
1 50097 1056
1 173570 46007
1 159240 107859
1 6653 77514
1 126886 566
1 22374 87045
1 183133 21732
1 27363 8320
1 189171 142737
1 19625 49522
1 123360 190885
1 59410 13800
1 158281 87254
1 180541 151241
1 48251 72133
1 23845 78984
1 4842 108698
1 163461 10154
1 7083 94306
1 138027 73274
1 192303 175849
1 146075 191114
1 153922 96340
1 32615 123308
1 153923 137217
1 143948 57968
1 70630 64865
1 40975 97440
1 30887 192277
1 173081 34745
1 188561 189320
1 137999 155115
1 17199 32525
1 188470 46931
1 121232 50169
1 70022 54711
1 116801 132802
1 82572 54851
1 34503 124825
1 63173 179651
1 196187 51653
1 164537 140449
1 69802 121089
1 160661 140768
1 51212 10135
1 184780 16664
1 8963 145469
1 62640 13428
1 114359 89648
1 268 111273
1 167089 117391
1 180740 12153
1 154838 101498
1 9392 134248
1 44389 42411
1 102454 106109
1 164339 50069
1 115494 76347
1 142181 45755
1 158939 17569
1 120366 147539
1 106639 142112
1 159115 25755
1 7614 126044
1 60028 148411
1 145919 72230
1 133444 140508
1 123359 30007
1 82532 94792
1 39808 110512
1 178708 122243
1 113585 57745
1 143938 120745
1 99981 114039
1 98767 188425
1 174681 186907
1 19334 94081
1 59161 38215
1 61471 34843
1 147763 107099
1 52468 112295
1 7304 183296
1 15107 91609
1 24783 4330
1 6052 34085
1 10098 11540
1 80076 167704
1 49966 117432
1 36161 28026
1 151398 26765
1 108383 47074
1 14599 61381
1 17420 70874
1 27619 38918
1 40120 50931
1 32135 44200
1 129304 159530
1 30 151920
1 125348 57277
1 142666 99083
1 46990 54279
1 128640 6092
1 79108 41699
1 193829 46314
1 19112 177599
1 46823 62453
1 174351 46399
1 63006 6105
1 10808 184724
1 55267 181845
1 54094 131421
1 155952 155901
1 194912 133375
1 142649 122413
1 99488 175296
1 145226 142863
1 157402 16040
1 95970 48784
1 65973 154971
1 44879 42911
1 95791 158512
1 96586 130599
1 93781 73239
1 112213 20813
1 41922 30250
1 150099 77484
1 128089 142225
1 142312 95952
1 188612 173339
1 163858 192049
1 68334 103642
1 109126 179889
1 25791 70144
1 35279 15512
1 42711 190584
1 64099 192399
1 105870 25286
1 120519 5786
1 20842 132514
1 191333 95258
1 116897 67665
1 96747 51011
1 138320 181254
1 114982 87770
1 125180 112760
1 157856 80690
1 113288 73988
1 150711 49704
1 31094 126917
1 25023 160604
1 87138 178226
1 117209 132081
1 176061 8376
1 146836 124999
1 176006 62488
1 44804 180280
1 25998 169475
1 135265 74385
1 9197 96244
1 190947 165395
1 49663 27341
1 162011 27689
1 103844 60149
1 79124 197483
1 167223 172657
1 81130 167251
1 149838 44162
1 78186 79230
1 108595 98238
1 175403 103782
1 81185 152818
1 90796 94495
1 177281 136055
1 72111 114192
1 111078 111315
1 98262 7794
1 196294 172178
1 189691 174478
1 8955 51622
1 41365 107635
1 29946 92219
1 100489 130230
1 77715 111391
1 179853 78190
1 44073 150481
1 75523 83311
1 107570 115687
1 187413 193542
1 87794 184485
1 186125 175990
1 145972 22364
1 138615 117489
1 118985 101120
1 102585 183321
1 121989 30157
1 151986 2360
1 166199 148700
1 15826 68221
1 77800 180737
1 185466 101497
1 727 44840
1 193109 67546
1 134643 19247
1 134645 141543
1 19801 119494
1 168433 66683
1 153807 123078
1 129278 134662
1 155392 76494
1 109261 146497
1 170362 80740
1 133476 90930
1 164390 110411
1 120768 35872
1 165062 49313
1 185770 35671
1 91125 166907
1 26968 110750
1 123546 166403
1 147718 29752
1 86125 32273
1 37909 165849
1 105838 87177
1 78564 54954
1 170531 150773
1 149165 63168
1 36625 117667
1 6434 108888
1 41726 62208
1 36552 94230
1 12901 109493
1 111764 183423
1 141370 123650
1 51908 53749
1 123040 105882
1 86207 180786
1 139751 46655
1 84080 195079
1 135499 145117
1 52640 55701
1 114089 181163
1 99475 89868
1 107012 42816
1 181797 108707
1 48888 162228
1 148132 67289
1 152637 115000
1 151600 146923
1 107359 117238
1 149329 183253
1 10173 149100
1 5529 185548
1 154687 181958
1 35707 179644
1 91932 153339
1 68074 145151
1 17036 82090
1 186998 67614
1 158793 132021
1 50659 166668
1 181196 28125
1 176651 167839
1 90822 74527
1 77494 126929
1 123101 163214
1 117496 125047
1 157928 116466
1 144267 175936
1 198893 198048
1 126957 10225
1 20314 68379
1 1403 12191
1 42178 181674
1 70606 149422
1 19929 151354
1 81046 49865
1 106162 47222
1 7926 62241
1 114871 42340
1 122335 55530
1 142058 87619
1 188976 121874
1 96539 164579
1 19597 23300
1 126377 11653
1 191678 161822
1 165501 104627
1 162890 7151
1 73092 89633
1 51028 137523
1 167532 182277
1 20086 134034
1 2657 125748
1 161372 181591
1 26122 11134
1 69538 94637
1 81086 43084
1 49841 84640
1 67724 150199
1 15703 147154
1 177642 96555
1 45670 78523
1 178428 117757
1 14671 186085
1 57929 34441
1 127679 37863
1 97273 129040
1 6265 136353
1 198675 27025
1 125045 69880
1 51061 35814
1 37176 87956
1 105235 125473
1 44660 59543
1 154868 59431
1 151906 85728
1 25962 157964
1 125726 77631
1 82321 121904
1 106179 17338
1 108619 175001
1 15240 134080
1 12154 196562
1 112089 195436
1 195390 176388
1 31289 194878
1 195249 129363
1 40792 89877
1 172575 46138
1 29040 170800
1 145611 44202
1 180261 14054
1 78879 102815
1 171357 131556
1 121394 139461
1 59869 31334
1 118080 87818
1 132581 186167
1 85989 97284
1 75854 122093
1 1179 39685
1 151585 76319
1 114357 76541
1 195066 15082
1 72860 60112
1 173150 152419
1 117256 104248
1 194649 183390
1 25538 115613
1 157788 162272
1 189080 143090
1 188181 61024
1 104289 75027
1 11152 159556
1 80307 106525
1 102350 73242
1 141282 62861
1 146212 28564
1 42875 78876
1 170774 5961
1 157568 85466
1 97076 166376
1 199589 17865
1 90677 64895
1 49803 3005
1 177297 184236
1 126843 199153
1 170660 76770
1 63462 83052
1 88961 39967
1 22876 42325
1 106195 109292
1 39691 101395
1 21754 82837
1 121145 37865
1 190757 116010
1 20676 126032
1 187692 115511
1 41048 157078
1 167729 50048
1 11185 48247
1 33846 131904
1 46483 79866
1 78913 155938
1 102087 6990
1 133870 168831
1 58008 7972
1 32212 194522
1 78733 46159
1 78812 182874
1 5096 196507
1 18206 120839
1 55135 17451
1 44029 150535
1 62874 139990
1 19013 58458
1 165806 24003
1 96067 2195
1 29336 17219
1 192548 137881
1 196220 93871
1 127505 146910
1 68894 70659
1 113546 37982
1 33697 7354
1 70145 7578
1 38336 45930
1 194617 101142
1 182219 126306
1 136544 130961
1 46307 30210
1 72682 134021
1 178232 52442
1 37998 90719
1 81665 966
1 107973 156479
1 184060 149066
1 23073 58866
1 22376 107817
1 132524 180078
1 121663 92427
1 195361 195471
1 30585 36047
1 114799 138897
1 150654 173293
1 41804 28749
1 50091 108753
1 50647 39800
1 153352 172467
1 150321 152154
1 199431 120891
1 136797 198027
1 93760 143060
1 192407 31604
1 87980 116047
1 42098 20227
1 45215 24506
1 155765 16943
1 138762 173441
1 43063 23342
1 104305 113093
1 162425 94707
1 4905 100987
1 16196 109805
1 28630 145735
1 118148 137533
1 70946 36120
1 49507 190519
1 149824 17607
1 142506 144219
1 192675 71403
1 168916 114389
1 1593 33600
1 23604 145075
1 94253 165048
1 77641 10278
1 196636 162721
1 65248 143803
1 20311 68088
1 59434 39066
1 148633 184524
1 24861 1152
1 82058 94167
1 24208 44729
1 74548 67098
1 19794 161313
1 30212 140791
1 11339 6492
1 171589 185876
1 38614 38163
1 24344 75565
1 172510 134192
1 193079 55289
1 187895 96860
1 124011 96641
1 172608 132088
1 158347 144892
1 172470 94298
1 113526 118448
1 73563 39946
1 178772 144837
1 31175 113340
1 165129 62507
1 185422 191759
1 35898 187054
1 104788 137990
1 84676 2263
1 43565 37446
1 121785 66117
1 97593 83792
1 10078 198541
1 117310 56511
1 131874 138831
1 2630 24133
1 96864 98265
1 111548 130146
1 144279 35649
1 166978 55014
1 106536 151741
1 43798 125992
1 105425 42950
1 44453 72646
1 71145 170542
1 87022 113758
1 41756 29118
1 18395 134093
1 14696 13140
1 166684 29863
1 13847 125500
1 72582 167223
1 70654 130636
1 140971 192121
1 51702 8773
1 162362 89429
1 166490 147879
1 197273 162397
1 96450 11285
1 28225 4233
1 36351 148011
1 199194 185137
1 65558 3547
1 104599 37964
1 38528 122767
1 81427 177064
1 71330 110522
1 50093 142569
1 104073 197824
1 141473 26758
1 113769 108169
1 57320 176449
1 169239 2593
1 138257 3815
1 19909 75218
1 36192 19976
1 151677 79685
1 99752 101623
1 69024 24085
1 36452 60228
1 99296 159285
1 198618 159417
1 23994 49476
1 199411 184659
1 1977 19438
1 84117 16707
1 41320 72454
1 11522 95716
1 46615 53793
1 14582 33086
1 63762 64950
1 141627 39931
1 150300 96564
1 180240 151464
1 9586 175907
1 112890 99759
1 44670 107262
1 2730 4051
1 140889 89871
1 49360 148205
1 59782 139661
1 18751 54118
1 56555 13043
1 2627 50420
1 61778 52513
1 83390 148633
1 52448 164792
1 37513 83225
1 14868 61168
1 9738 182523
1 172803 131197
1 51282 18563
1 104531 45218
1 133498 5550
1 38261 10005
1 39421 91951
1 170983 104341
1 96600 5160
1 8810 34760
1 7648 171243
1 32895 150808
1 36003 179698
1 4456 157904
1 169667 169180
1 25309 164146
1 135119 94250
1 103501 58459
1 8931 114618
1 129623 179290
1 172354 33026
1 63751 126862
1 183665 166736
1 147285 69438
1 80919 151233
1 88476 89534
1 18771 64831
1 177432 3519
1 75101 27583
1 43426 43830
1 45792 126522
1 126959 153905
1 44758 58283
1 59654 127094
1 133349 72521
1 50817 145502
1 90298 96263
1 100551 3184
1 87141 196809
1 42889 194433
1 147188 124392
1 83066 62539
1 129619 24873
1 99667 164301
1 36962 96569
1 17926 138531
1 96664 91948
1 145345 114086
1 157976 147767
1 80359 177989
1 101585 34859
1 108939 5284
1 34459 181236
1 11437 189237
1 81295 75410
1 145144 158741
1 170408 90006
1 108028 179690
1 66136 14880
1 68777 130106
1 20076 192984
1 167756 73038
1 109859 126378
1 172749 162311
1 56011 197830
1 35496 197888
1 100766 81559
1 79659 94182
1 80988 22402
1 136817 140564
1 169450 35875
1 171805 12275
1 92649 44036
1 193114 186896
1 133850 163294
1 161105 63870
1 119730 55571
1 157931 89455
1 890 84076
1 75337 58254
1 174121 155215
1 85377 129120
1 152388 116036
1 48154 44891
1 107957 65706
1 153610 115910
1 166955 95155
1 177903 140881
1 9842 5928
1 111563 171319
1 20562 7065
1 19653 54674
1 149421 26724
1 193564 74815
1 22036 809
1 50478 119731
1 168618 82572
1 136041 129436
1 32188 112428
1 72208 150779
1 110559 12961
1 97201 53185
1 169932 92028
1 15013 121641
1 18808 12731
1 140809 11606
1 193272 120906
1 71355 161261
1 166036 84737
1 14168 114805
1 18281 40539
1 111092 96492
1 124612 72691
1 165593 164780
1 130621 129349
1 71685 138751
1 150097 191010
1 13662 125760
1 77636 5812
1 142456 7475
1 43829 125620
1 121418 31973
1 32386 105193
1 37548 172360
1 157279 140579
1 128020 195209
1 96370 181560
1 66130 4083
1 42737 182973
1 100810 10697
1 97727 145415
1 105648 179742
1 144579 171428
1 133577 82296
1 29835 117780
1 38176 190245
1 140064 55053
1 142791 150685
1 55466 55598
1 126416 163610
1 198022 166338
1 57739 56244
1 170982 166457
1 194050 60672
1 96745 174562
1 110577 199210
1 116859 159404
1 33291 92881
1 113262 25950
1 4522 64099
1 59609 140628
1 40341 41337
1 89202 24252
1 178744 116853
1 198247 198929
1 128479 187611
1 167106 143766
1 91060 91052
1 94397 167317
1 128634 91209
1 13026 108186
1 128777 60167
1 139623 80811
1 110604 63246
1 187785 95049
1 81080 86136
1 93863 23340
1 68623 118503
1 167393 154490
1 102548 111206
1 83314 189513
1 65296 12099
1 27146 13526
1 161030 133036
1 196144 80006
1 57907 192968
1 138582 153180
1 79049 99288
1 193277 41147
1 69100 125711
1 118476 47197
1 60268 185711
1 43565 93843
1 127813 136549
1 32679 94207
1 110485 170726
1 96962 9999
1 75101 64075
1 139799 173052
1 68858 136425
1 47349 86018
1 81125 40180
1 81596 28641
1 115432 193622
1 15925 123861
1 114210 143308
1 82928 108434
1 29502 153985
1 138081 150595
1 45872 118253
1 12284 7747
1 84209 173487
1 192399 70299
1 31548 69482
1 167775 177406
1 11336 46493
1 72903 138115
1 118151 128390
1 136269 78946
1 174111 37496
1 96454 96625
1 138280 1723
1 193772 114143
1 24038 72869
1 73661 50418
1 194952 116918
1 46039 63101
1 192417 183033
1 113425 9445
1 103014 19096
1 120732 137685
1 38312 179071
1 58203 24895
1 112851 10229
1 190656 162645
1 53734 118327
1 191080 26311
1 152052 3286
1 5112 49086
1 11932 53139
1 183480 73561
1 86341 87545
1 113840 165479
1 14557 165882
1 97409 106533
1 9491 191757
1 41414 29433
1 18130 184584
1 64491 170094
1 58623 37817
1 78349 109234
1 37237 167498
1 32723 169550
1 122880 1812
1 115852 14373
1 78616 46020
1 195595 101487
1 68383 180717
1 188031 163639
1 180509 3116
1 179286 196882
1 189754 179202
1 103763 130913
1 62589 196654
1 111662 117834
1 113604 127627
1 156588 56179
1 53444 297
1 147008 81279
1 31170 96686
1 162465 16205
1 2129 62895
1 2604 77550
1 131661 164298
1 123325 115046
1 197400 73414
1 45128 49445
1 35157 30511
1 46717 123399
1 199586 122667
1 63260 167882
1 75994 185633
1 192342 135310
1 148170 114444
1 193638 64275
1 173299 199003
1 140974 132910
1 154816 193484
1 34901 105932
1 188553 28680
1 118688 147051
1 19976 139073
1 30416 39574
1 100762 113994
1 25084 88225
1 101497 110391
1 21678 110501
1 19193 6709
1 69314 76348
1 146176 148588
1 170365 129344
1 195978 24403
1 60140 161983
1 20829 124435
1 73854 158210
1 194633 193440
1 37027 149696
1 109987 93012
1 151461 24093
1 20930 198285
1 78534 180200
1 92602 195720
1 59739 146068
1 110296 178751
1 146025 96053
1 193694 98624
1 165566 8958
1 68737 17935
1 164114 107066
1 198496 145725
1 161310 182664
1 128070 159881
1 141435 162651
1 1314 180855
1 104959 25138
1 85061 37103
1 190805 45844
1 110749 2456
1 52316 81807
1 187312 9270
1 38593 152177
1 53980 153152
1 98144 47111
1 141070 42245
1 136984 168149
1 128320 187585
1 160621 4950
1 68855 22267
1 64098 159350
1 176253 123875
1 116375 140876
1 31579 179113
1 136608 79773
1 178329 139423
1 167335 166413
1 149754 85394
1 165957 40872
1 29234 91493
1 197787 154193
1 158954 2544
1 72054 179145
1 168055 192280
1 96035 98596
1 12950 103599
1 199887 120519
1 149419 74062
1 95204 178789
1 161019 73265
1 97376 193210
1 176040 10387
1 116406 154120
1 177131 77003
1 93290 177041
1 7319 184742
1 126760 19734
1 15053 149061
1 100709 185870
1 111739 9401
1 120505 180585
1 106905 41564
1 175163 105543
1 191910 75187
1 32478 115827
1 78558 108546
1 171340 15908
1 20096 10286
1 23617 103094
1 191102 97050
1 27882 190949
1 108229 107643
1 55678 112460
1 13295 22910
1 189404 43804
1 95301 42716
1 137126 10334
1 81849 121723
1 85853 195565
1 141156 116103
1 147838 168687
1 51837 126097
1 80988 146131
1 87258 125736
1 160958 126544
1 194282 3126
1 50620 157661
1 145330 44189
1 12181 156587
1 72583 127826
1 98131 178026
1 164493 64505
1 61282 34555
1 156910 2242
1 170093 154291
1 117790 138436
1 138426 6801
1 138125 22488
1 10376 102847
1 90349 155191
1 164263 148046
1 46246 103511
1 120344 58414
1 130967 82115
1 164133 4653
1 106574 171385
1 71875 123762
1 109514 194697
1 29414 8568
1 146160 144491
1 135651 74383
1 107404 69217
1 167117 151632
1 27721 134286
1 158729 155296
1 59251 153557
1 106548 28712
1 66731 12726
1 169782 162387
1 90219 96421
1 131111 17609
1 32893 107372
1 2979 154858
1 87670 161347
1 176296 121421
1 25143 138029
1 147896 172858
1 100133 87638
1 177132 100581
1 36264 62443
1 103894 143022
1 45538 171705
1 173211 114838
1 126833 17482
1 115535 44163
1 156456 167163
1 58002 105142
1 92618 158562
1 43307 163339
1 185927 198815
1 105059 145906
1 173754 173761
1 57507 178924
1 182307 153884
1 127889 32777
1 113313 11880
1 41576 2592
1 10675 15324
1 64406 37519
1 162672 145803
1 158171 53109
1 158404 143870
1 142815 167981
1 185261 112851
1 32147 191180
1 195062 196886
1 22476 53086
1 43314 37022
1 71325 120541
1 98044 24554
1 44531 92658
1 167661 93052
1 113845 41135
1 151646 161077
1 47068 122188
1 187872 193585
1 33936 15330
1 18489 37
1 152453 1766
1 131040 60152
1 18900 38695
1 16763 133343
1 148701 72266
1 55383 173820
1 171996 191684
1 144169 185016
1 70730 94936
1 90244 115743
1 95479 65491
1 178779 181308
1 73062 53125
1 48504 167413
1 196712 188610
1 13629 91369
1 49276 102105
1 128537 45512
1 82213 183698
1 37902 195634
1 180557 169774
1 122337 19860
1 188314 169946
1 28450 185215
1 91919 78581
1 181662 21066
1 103206 62916
1 354 36457
1 39659 183410
1 86706 178190
1 157402 57101
1 26632 158465
1 19964 46333
1 158418 72059
1 46335 197767
1 56806 98696
1 119957 172802
1 96456 29596
1 195855 142424
1 22623 119350
1 164217 191872
1 124723 142963
1 116856 147642
1 164522 181685
1 116835 128075
1 116100 111861
1 108959 183034
1 150996 116645
1 47486 136587
1 118465 27018
1 93209 170748
1 199804 122264
1 164779 178941
1 39812 399
1 120305 167988
1 8215 130453
1 80705 16240
1 91706 79701
1 183143 15084
1 166252 23255
1 58118 32327
1 79655 122273
1 154797 44035
1 162903 137165
1 40761 20924
1 89310 127468
1 137195 178153
1 194505 82970
1 6346 196057
1 113228 181986
1 61946 172198
1 41732 170901
1 191069 188862
1 35180 172005
1 5099 119379
1 72416 91400
1 49165 163232
1 169234 23178
1 123391 33758
1 118411 84466
1 166053 147526
1 125091 80089
1 4909 140744
1 67522 49479
1 110055 50124
1 109529 78543
1 7394 7912
1 96732 95212
1 106183 124322
1 199745 43357
1 122042 141607
1 71870 10942
1 37231 106572
1 55935 151016
1 70026 115588
1 67558 24459
1 167035 120609
1 53063 64841
1 108568 176848
1 61538 43477
1 76540 33167
1 16547 40589
1 180447 38128
1 26840 120853
1 41719 172307
1 147761 173428
1 35150 104352
1 26814 14323
1 13476 123972
1 19172 43444
1 133128 141549
1 181217 133456
1 115506 97223
1 86785 48309
1 71907 114424
1 161504 9087
1 191360 192537
1 88354 194772
1 103211 110072
1 188783 124549
1 96419 199115
1 61940 90147
1 71006 197366
1 100759 140639
1 40485 194623
1 186938 181093
1 150576 147920
1 41907 72634
1 134530 154286
1 93258 168020
1 181126 46841
1 70195 93562
1 45099 127972
1 30413 152221
1 197117 16118
1 163675 26870
1 190917 130880
1 170114 152609
1 186979 76448
1 194243 10744
1 114409 194039
1 25081 26163
1 97082 175399
1 21270 49728
1 103076 85584
1 28250 23583
1 185786 11211
1 16020 146944
1 177014 5415
1 104989 68447
1 82318 43362
1 192210 144223
1 155796 191531
1 127890 114790
1 146324 141656
1 29880 2936
1 177832 104994
1 61017 16663
1 91423 56360
1 2432 80858
1 24399 73955
1 76073 40524
1 118134 186789
1 62331 840
1 133912 160089
1 160907 19794
1 182933 115318
1 104334 33848
1 68681 158980
1 113309 98218
1 140393 115924
1 9071 154582
1 24027 75193
1 80082 115592
1 33238 29644
1 92586 22017
1 35259 62559
1 58670 72085
1 18482 53121
1 141024 171274
1 62345 124467
1 85837 41455
1 120266 107817
1 110277 16634
1 28443 2243
1 157083 121894
1 7450 70157
1 64927 89867
1 112889 24308
1 176347 61054
1 71063 121355
1 156492 35052
1 37280 65470
1 132514 10034
1 166951 119573
1 96955 164479
1 86978 40749
1 9563 182253
1 107557 126322
1 67119 182364
1 26818 80288
1 123780 15953
1 166048 148730
1 185922 146062
1 142970 83147
1 156461 43186
1 151643 8733
1 179678 193107
1 192631 197751
1 58046 152346
1 82508 199066
1 184771 88222
1 91834 148350
1 59503 71044
1 166879 171786
1 197126 167831
1 39414 183762
1 172623 17955
1 117810 160533
1 4942 114007
1 9687 96246
1 59712 189595
1 93209 134905
1 55959 74798
1 142391 99649
1 101688 16005
1 60121 185672
1 79794 83104
1 138153 117152
1 59391 191213
1 170671 178089
1 141505 15713
1 155888 105426
1 162230 134933
1 136969 79316
1 89468 71839
1 23367 15916
1 7884 159793
1 38153 133592
1 47601 16758
1 70873 8853
1 87944 108011
1 37767 86103
1 39806 176571
1 143367 139657
1 64773 90975
1 189901 18375
1 120215 135412
1 91687 158744
1 106287 197150
1 141211 91632
1 99460 3228
1 17666 52134
1 91593 118509
1 163555 29426
1 175458 144098
1 137491 105131
1 153256 73413
1 150349 121407
1 141343 60521
1 116941 71218
1 118583 175698
1 90098 154075
1 144001 112328
1 69780 3036
1 110899 62710
1 95842 153121
1 22174 23433
1 65984 108636
1 163310 95302
1 185056 194175
1 143715 169899
1 106336 194683
1 16846 182473
1 25763 41911
1 152399 127714
1 161266 119699
1 70158 112383
1 64277 142430
1 132855 170323
1 159598 142166
1 15290 35158
1 189334 52127
1 122114 6491
1 83194 189574
1 74996 173492
1 3831 52087
1 35500 17928
1 46133 50620
1 164276 78258
1 157057 196280
1 23813 14364
1 12783 57124
1 74305 120348
1 124142 156809
1 96561 153167
1 60973 163197
1 16059 140917
1 28077 19874
1 41447 122124
1 49703 59676
1 192787 116847
1 58273 196562
1 162548 137457
1 180492 148584
1 88656 195637
1 158368 35578
1 128056 10833
1 153851 4572
1 148298 84068
1 180342 135826
1 199142 111859
1 178569 91146
1 196848 198667
1 177953 191393
1 29190 156755
1 89088 140373
1 39427 34096
1 56213 39687
1 47541 43614
1 120412 126325
1 130778 95180
1 173303 26293
1 165857 134456
1 68622 99573
1 151071 165068
1 6692 78769
1 36431 151224
1 7483 16245
1 160463 71824
1 96874 162197
1 168279 19496
1 16443 11050
1 1852 91758
1 108043 123151
1 79781 15944
1 49373 185308
1 64204 6446
1 88447 2849
1 12664 105226
1 53024 9317
1 116409 139214
1 65328 136544
1 187941 119253
1 180410 3958
1 66257 9405
1 145982 29174
1 23314 169284
1 9875 190868
1 69365 133986
1 142843 128610
1 13565 183398
1 113544 154260
1 117661 192212
1 102959 184885
1 195125 155454
1 139050 14629
1 34192 125473
1 135827 174229
1 112989 97090
1 192510 28037
1 79982 14345
1 110679 109820
1 66479 100510
1 27581 157448
1 6696 161922
1 127134 168888
1 112309 42032
1 173076 93655
1 97796 20789
1 8703 50090
1 29135 188812
1 150691 33389
1 158428 20221
1 23236 112137
1 110962 142968
1 1472 89946
1 176093 165869
1 101612 2207
1 111525 61934
1 185267 169793
1 29515 197128
1 41259 116233
1 190917 115615
1 121 59995
1 172474 38857
1 168103 171961
1 182656 82412
1 122179 52276
1 26324 86939
1 81019 76149
1 124315 98541
1 123767 191660
1 116120 65120
1 169142 13654
1 148398 162221
1 50860 26166
1 195543 171116
1 68634 93260
1 75940 162026
1 151343 189914
1 44983 151816
1 93856 41879
1 18750 31063
1 14211 124468
1 37554 184690
1 190064 190222
1 134799 116892
1 73819 117620
1 18965 153370
1 177516 89883
1 172672 109714
1 60384 60958
1 92420 167204
1 155876 166778
1 5195 124617
1 144431 143306
1 33778 98219
1 55585 148159
1 78210 101892
1 162458 66339
1 3564 84154
1 199644 139407
1 148935 67642
1 175332 75882
1 24461 198483
1 162246 9636
1 96020 33941
1 140360 176754
1 107529 116202
1 22592 188363
1 49330 73973
1 141809 186660
1 131237 69929
1 98466 33576
1 3012 86700
1 49920 38330
1 121723 77996
1 53750 89454
1 183547 52801
1 147659 60870
1 121656 102724
1 30972 176234
1 25569 45295
1 143067 197418
1 33760 70198
1 121318 68471
1 170577 40805
1 160107 42847
1 109318 109882
1 69084 125705
1 189179 23685
1 86254 60913
1 38807 145919
1 5879 13733
1 164899 56616
1 66247 70847
1 126862 198308
1 176455 136548
1 26721 66839
1 14033 40062
1 27647 41278
1 181327 6774
1 69024 120081
1 139543 109237
1 50575 164503
1 82566 121947
1 49121 51273
1 148379 124480
1 180535 77739
1 115542 57514
1 141687 92903
1 185809 153359
1 47239 197931
1 96158 191052
1 111050 86469
1 134562 164069
1 115999 146172
1 92338 12671
1 12631 172785
1 123372 197660
1 162549 135607
1 103576 129238
1 180844 88048
1 109311 139550
1 146965 151529
1 92811 139574
1 152686 35575
1 111904 140780
1 25498 183314
1 76922 53848
1 163221 140785
1 174023 129305
1 37880 46248
1 125447 170764
1 166829 33086
1 25635 7181
1 110515 192083
1 15626 187122
1 110933 134384
1 135122 18244
1 132007 69232
1 195278 176064
1 169090 111247
1 10796 10063
1 72832 87504
1 175441 121666
1 115450 132948
1 42871 148240
1 130497 23288
1 165191 75859
1 122203 194223
1 70194 163136
1 88448 106209
1 77461 96038
1 111316 92227
1 104333 53355
1 148134 28600
1 53976 127170
1 68649 62759
1 158509 182448
1 90673 100061
1 124893 169407
1 98481 7141
1 10987 80131
1 181108 21158
1 3817 154701
1 98201 100605
1 100883 122797
1 164435 170715
1 141040 50860
1 162209 174113
1 120167 90952
1 17674 42425
1 148640 24754
1 67484 158776
1 79388 106182
1 76901 42354
1 2390 27658
1 80306 118493
1 181594 51818
1 57031 52329
1 81829 163698
1 63199 100255
1 105278 178123
1 1061 40696
1 177236 79098
1 190899 140480
1 194969 60246
1 167882 16556
1 51486 18697
1 119634 24505
1 24944 84555
1 198036 18310
1 166066 175386
1 2996 49587
1 189116 110397
1 181107 34042
1 196019 94329
1 94117 93069
1 36586 167124
1 80238 108209
1 196792 142217
1 173188 187866
1 196122 93964
1 169824 7752
1 197643 154495
1 118085 136290
1 25441 123893
1 129781 189329
1 140715 155814
1 8752 130719
1 175241 25139
1 197872 138255
1 187276 23195
1 108962 146431
1 110095 180030
1 16806 118205
1 154004 43089
1 73610 112679
1 114402 82593
1 11138 191558
1 1950 102412
1 152427 28267
1 86632 76285
1 108737 5579
1 41849 97256
1 22878 160473
1 59834 89221
1 25846 36259
1 74663 39633
1 83855 108142
1 122085 143426
1 76421 138324
1 188768 194121
1 123902 161757
1 123305 12302
1 100713 23389
1 124559 154216
1 94077 140365
1 88956 138907
1 91056 192429
1 38290 122198
1 47158 166298
1 64774 157995
1 44412 66923
1 47932 106321
1 117668 64401
1 192613 26455
1 192770 175470
1 62549 142763
1 44823 49398
1 93352 137483
1 145933 198149
1 16151 60682
1 19379 112640
1 1237 2695
1 183098 18798
1 104816 197992
1 117488 175257
1 58086 135069
1 176059 37025
1 8196 127315
1 64921 139552
1 133061 156343
1 60951 79748
1 195434 56557
1 69327 25705
1 197526 176464
1 95014 125750
1 4780 145579
1 25349 83834
1 12908 194168
1 48791 43719
1 152650 70680
1 23363 118542
1 80144 34643
1 24940 27260
1 139446 103441
1 123238 67668
1 132288 24792
1 183994 120845
1 125079 174408
1 82460 21551
1 165867 197653
1 20075 2089
1 99785 108803
1 173611 66933
1 83960 16423
1 92990 77295
1 185305 41757
1 168937 21746
1 156542 118532
1 169029 195188
1 72459 52098
1 72642 117092
1 31179 41524
1 71588 164098
1 21205 89268
1 109111 142590
1 142688 78545
1 151510 174805
1 107043 142090
1 142108 162984
1 135345 195789
1 159145 42014
1 15892 150766
1 173784 66556
1 147240 103530
1 34302 37122
1 167225 191325
1 32167 69640
1 13792 161665
1 11020 33178
1 132379 121065
1 17688 109712
1 83884 85757
1 43869 115058
1 159412 167928
1 106193 110859
1 5328 161695
1 193102 188172
1 103155 155844
1 13577 54052
1 61252 86011
1 156945 59485
1 153978 100187
1 105163 37945
1 182710 73912
1 108460 51085
1 166049 100958
1 115383 79261
1 16071 149521
1 155769 31929
1 189171 123332
1 142530 18775
1 6156 63192
1 43366 91442
1 121710 147671
1 62259 101282
1 196044 179824
1 122996 40637
1 40198 127732
1 12071 136750
1 105030 67984
1 92666 29971
1 80608 182157
1 189004 55324
1 122154 193221
1 117666 159713
1 45273 15464
1 33703 53507
1 152221 108655
1 163433 25991
1 81662 189727
1 126288 167727
1 178231 98369
1 104544 160795
1 197139 109471
1 38514 192735
1 37703 89731
1 75567 164389
1 179343 76268
1 56846 80069
1 184396 122193
1 146895 51234
1 49052 196186
1 190904 170312
1 93819 172955
1 28430 100611
1 170522 80083
1 24662 113795
1 165630 39653
1 101197 41326
1 107483 115030
1 192614 17924
1 59185 83463
1 187011 31994
1 21158 7284
1 13815 173584
1 144485 172524
1 41530 169717
1 79222 196307
1 23980 42140
1 108191 197013
1 183310 78879
1 46011 130029
1 1214 93524
1 170648 187542
1 133619 69486
1 20629 82895
1 114105 126486
1 147196 83349
1 171118 43786
1 154526 123805
1 46525 156726
1 7278 180176
1 146073 93841
1 140319 163722
1 41148 85753
1 101312 113045
1 24098 84882
1 86295 8419
1 118464 101788
1 107645 67146
1 15882 111251
1 42874 96195
1 132388 89676
1 133473 153893
1 19368 76110
1 183342 105118
1 163801 116078
1 94813 76787
1 47205 90414
1 56654 40057
1 71073 69079
1 154263 5459
1 5568 165716
1 135016 105582
1 23444 160274
1 44006 47674
1 28681 79638
1 52801 56682
1 17375 160415
1 144343 28399
1 41640 183549
1 156558 170096
1 128514 85552
1 11309 107918
1 96918 15492
1 179195 125270
1 44496 142188
1 166554 22023
1 112800 54110
1 193894 30213
1 119602 130927
1 101641 114718
1 81578 102319
1 158882 114172
1 100450 39942
1 192215 192746
1 81575 37647
1 26614 27404
1 63602 8885
1 48787 177433
1 79332 163660
1 97758 185178
1 61188 69362
1 118915 16744
1 4156 179879
1 41479 60578
1 101841 69673
1 49761 171245
1 109539 141332
1 160085 24753
1 155365 33657
1 54935 15376
1 40797 57853
1 22175 163496
1 132255 114036
1 61705 135435
1 134214 185085
1 30384 196989
1 11316 66592
1 117322 177391
1 142858 180391
1 42053 94523
1 191978 80186
1 111203 128673
1 171181 131711
1 150483 156736
1 188511 143664
1 11729 150167
1 180866 60733
1 72640 54525
1 151362 56741
1 178822 1245
1 21109 100048
1 117607 112055
1 128087 197679
1 12069 50517
1 198916 70423
1 151192 113354
1 2101 176410
1 177033 45168
1 172415 104359
1 84563 66594
1 146634 104420
1 63869 33912
1 77198 25610
1 50770 167106
1 183955 32320
1 42690 125448
1 130409 36667
1 145214 172160
1 84262 22422
1 26062 152847
1 91808 117101
1 51894 121989
1 164778 33535
1 55690 170643
1 24339 12164
1 149902 159823
1 36764 19532
1 2385 34219
1 142456 101145
1 167052 196209
1 166154 29054
1 66294 126210
1 185050 154745
1 107754 61711
1 52377 152589
1 15805 147800
1 88535 171556
1 38617 73509
1 18753 6371
1 81438 61698
1 58271 58319
1 103674 127
1 153357 32608
1 23303 11239
1 25850 177700
1 79206 29120
1 118238 84566
1 4313 189507
1 60096 143999
1 188645 132765
1 148968 4557
1 90024 17511
1 60640 100209
1 8056 16865
1 74481 93054
1 101438 82037
1 8476 41279
1 172178 138282
1 68695 144409
1 36823 59942
1 172682 62242
1 22936 22568
1 30345 68481
1 178019 121477
1 146835 76551
1 60454 155554
1 92234 119884
1 62473 192563
1 195253 46862
1 7308 126707
1 149748 167110
1 56865 158499
1 11970 117069
1 124747 117063
1 152817 31726
1 161207 3614
1 168481 69708
1 44251 12705
1 179073 3638
1 122509 44798
1 29962 85704
1 2086 10646
1 116025 189316
1 58583 6325
1 13260 170226
1 87820 91345
1 54144 95669
1 29247 70406
1 112521 23599
1 178527 61711
1 152914 11095
1 16929 146888
1 189878 94232
1 146982 115939
1 22207 172525
1 151886 80168
1 36382 54202
1 21660 99825
1 5867 164973
1 48587 108005
1 91678 16021
1 158640 175668
1 112974 13571
1 121681 106004
1 134441 86559
1 7749 117882
1 1715 105869
1 193932 184412
1 115715 15168
1 134449 124645
1 85563 103710
1 18014 5753
1 49415 129366
1 51840 143210
1 159321 171646
1 54492 78715
1 72291 177776
1 109616 116436
1 95189 120678
1 71054 73990
1 77593 92692
1 5365 32960
1 152780 24711
1 94961 174865
1 28414 197884
1 61685 26592
1 129452 188802
1 149622 153194
1 160829 117267
1 64650 137019
1 110139 187119
1 108674 90350
1 58643 161914
1 107013 149481
1 185551 117656
1 65838 14291
1 188818 59527
1 19879 199833
1 77333 101309
1 151303 29409
1 136672 155266
1 1577 136652
1 71180 21264
1 91213 20914
1 1272 553
1 96563 33178
1 17417 3320
1 54006 48632
1 159013 85612
1 104230 148650
1 52466 58576
1 180714 151221
1 75916 197231
1 95444 13372
1 41669 22951
1 153286 156418
1 171937 174540
1 50885 125601
1 133649 27136
1 17755 158731
1 170543 93713
1 31602 159488
1 154874 78802
1 59118 108047
1 100755 163644
1 7051 56401
1 63607 121735
1 77816 64418
1 124543 94596
1 39476 163299
1 165014 38142
1 194790 98349
1 40249 11730
1 106369 196503
1 195956 172619
1 160601 11371
1 161243 26945
1 21056 146916
1 189639 158964
1 149669 117996
1 190035 126820
1 192301 194196
1 21078 140404
1 89683 24148
1 86179 182719
1 74621 77572
1 126590 66873
1 128032 142618
1 135968 198538
1 138390 171814
1 161005 7848
1 123838 165451
1 3380 17908
1 120531 94976
1 95592 39062
1 38672 164167
1 23646 168027
1 61955 45420
1 51527 6799
1 96944 143361
1 96431 97111
1 131881 47320
1 96950 175185
1 76331 39041
1 48845 160942
1 170555 129413
1 60276 114319
1 179970 157411
1 24498 59615
1 805 169930
1 193493 106481
1 178345 109271
1 171756 60826
1 11014 38033
1 97858 27856
1 118537 129889
1 27932 70084
1 154159 22550
1 19318 175805
1 194816 133593
1 55289 81334
1 186153 142893
1 174272 159993
1 53021 133675
1 39821 198268
1 29230 31483
1 49222 45628
1 158055 164950
1 156212 102680
1 77804 123450
1 135998 84656
1 23381 181486
1 151266 167102
1 147208 116024
1 61109 105205
1 190613 72796
1 56476 174872
1 87127 22230
1 178059 112093
1 17224 17178
1 10876 199106
1 124516 72971
1 115122 75055
1 2050 103546
1 113200 127885
1 79215 41633
1 17076 107558
1 75277 141279
1 197945 141118
1 50282 31988
1 16045 75505
1 20836 100480
1 117678 48334
1 11197 100088
1 31563 169331
1 113786 165034
1 4985 111786
1 64833 115186
1 101651 119554
1 165683 47292
1 198870 41906
1 95238 6012
1 88413 101866
1 1575 149035
1 24089 151675
1 85328 95172
1 197780 16362
1 73701 70078
1 77287 34959
1 173395 94859
1 86841 83188
1 173931 103249
1 107770 17578
1 37756 91240
1 136543 76718
1 81457 91156
1 78239 128254
1 27818 22788
1 185198 88821
1 170717 133131
1 9401 115246
1 44079 60126
1 76003 8407
1 56910 79246
1 84478 119572
1 145490 71750
1 72268 55126
1 51220 137864
1 2104 112572
1 32974 142116
1 173775 151339
1 100020 149818
1 36803 41065
1 196242 113137
1 182498 199550
1 154919 170039
1 18643 57357
1 97345 64570
1 62866 114544
1 80921 135463
1 113197 176916
1 92529 24803
1 74942 126484
1 63660 92295
1 41450 44312
1 88110 168671
1 16283 23599
1 26933 103077
1 9850 180395
1 38518 156282
1 62767 112574
1 135227 199975
1 41181 140563
1 78845 76306
1 109144 31022
1 83261 43395
1 134250 94023
1 48616 185880
1 172805 91171
1 163628 74373
1 99722 37813
1 192276 20625
1 105722 118196
1 191723 18766
1 35195 182525
1 198863 154969
1 76943 124011
1 22931 122898
1 185232 89717
1 127963 116060
1 40751 13256
1 30963 73368
1 32750 118885
1 79664 159325
1 28507 79485
1 47690 142012
1 169358 19915
1 16505 8690
1 1958 89841
1 77646 142702
1 70912 3222
1 80340 68356
1 11768 122559
1 120807 35633
1 173988 103789
1 142356 177682
1 69581 17654
1 143794 199199
1 90992 101991
1 124864 166956
1 177206 84953
1 95872 16930
1 88879 133650
1 32083 150138
1 65685 23326
1 184854 167803
1 193215 154159
1 99069 128308
1 187939 168113
1 199469 40189
1 59472 92274
1 141471 79658
1 198059 162097
1 16946 41168
1 143018 63044
1 155792 33852
1 97678 12975
1 91910 161776
1 134885 32579
1 123869 103840
1 103040 153908
1 169148 117549
1 78001 78782
1 4226 99873
1 159624 140154
1 31135 113451
1 190926 78268
1 121972 32349
1 193857 148656
1 122220 64162
1 21778 52852
1 185305 172740
1 199837 96696
1 14290 51486
1 149992 19605
1 166348 65566
1 86239 89642
1 49911 98174
1 4173 60221
1 190684 70915
1 159838 182225
1 175669 1206
1 88852 771
1 115404 96034
1 50887 76843
1 10711 7439
1 181217 25968
1 4626 105405
1 37721 109675
1 49502 177636
1 114032 62912
1 118490 192682
1 199401 178553
1 134464 16676
1 199949 152164
1 161538 91794
1 107166 85358
1 131301 87701
1 102363 77504
1 178334 124275
1 41909 77338
1 21803 30413
1 168271 109679
1 45491 69279
1 51580 46593
1 173089 137465
1 102388 46140
1 117118 130493
1 172696 134487
1 145230 149912
1 185255 36265
1 134188 151749
1 73473 138
1 165929 73855
1 13723 128107
1 29026 195462
1 38658 131126
1 157344 150549
1 190868 71849
1 56693 18914
1 134076 147632
1 81428 30870
1 74605 148482
1 71408 50574
1 38754 140350
1 111321 150418
1 111572 195206
1 50899 176405
1 177021 14107
1 128440 167661
1 126411 134842
1 65936 109204
1 147943 165046
1 187503 93919
1 187560 100567
1 29071 113725
1 126546 187826
1 39854 196659
1 19091 126857
1 178473 94743
1 90176 124518
1 102105 127754
1 34508 109427
1 104558 86586
1 136586 131420
1 23755 8215
1 41765 143271
1 54625 105749
1 70876 182099
1 183183 185059
1 49026 189104
1 125305 113706
1 196661 179902
1 105383 33288
1 116574 179402
1 87328 104334
1 149610 89733
1 160327 111096
1 175687 24678
1 45110 108652
1 189346 5698
1 51673 166389
1 18591 161257
1 19596 15617
1 171481 12996
1 115512 44440
1 24411 64812
1 30571 187103
1 149535 163597
1 156343 93709
1 18054 92348
1 12237 88428
1 120664 61845
1 180058 167955
1 33469 35545
1 73377 68450
1 25723 13895
1 28890 111999
1 11890 110649
1 17546 136783
1 88598 126657
1 98915 5944
1 196971 53380
1 198302 180117
1 101318 137558
1 76887 22522
1 115266 157271
1 184681 65257
1 122561 112205
1 159050 143253
1 151205 4611
1 117673 74070
1 166095 27042
1 102406 26092
1 188886 176334
1 151314 158777
1 43594 86466
1 105735 33977
1 32554 152815
1 9481 1796
1 117283 25617
1 14206 85766
1 62284 33107
1 32555 111357
1 46367 44518
1 19728 183028
1 15033 24797
1 198917 196542
1 177300 172811
1 16470 140022
1 194307 183776
1 45404 160181
1 31278 9600
1 164956 74644
1 50192 87781
1 30437 91364
1 169070 55159
1 181029 103850
1 48410 22441
1 74187 194528
1 16936 29271
1 150371 5225
1 60655 146270
1 8558 151251
1 123458 193147
1 173121 108435
1 99568 132327
1 93152 24764
1 159866 77938
1 153435 175873
1 182164 161374
1 182824 135340
1 89503 60799
1 27586 180190
1 71397 64976
1 190018 188233
1 124821 71256
1 9403 62443
1 15488 109310
1 69403 103757
1 82515 67177
1 102463 92668
1 151510 190108
1 187223 1862
1 11814 193424
1 193531 24439
1 54831 184019
1 185869 119253
1 27502 52321
1 47119 70426
1 155876 10049
1 28423 49393
1 22301 36322
1 63121 64052
1 126563 27189
1 139844 17956
1 45630 197645
1 198153 124712
1 114478 37110
1 24440 154570
1 52394 87699
2 41765
3
