200000
2 8949
2 106047
1 111050 75
1 78459 81223
1 121758 199744
1 133207 193620
1 17572 15857
1 135832 36417
1 98837 185143
1 73853 63372
1 100115 140422
1 133449 188190
1 61740 60703
1 158379 159768
1 179757 98551
1 193328 121824
2 52395
2 31979
1 23532 44961
2 13205
1 158422 21263
1 187615 50338
2 133980
1 122502 55059
1 59945 190565
1 114330 104407
1 4335 788
1 116891 15454
1 115371 188973
1 76868 147178
1 197775 38723
2 29383
1 83527 32178
1 68959 2799
1 104869 197332
2 100406
1 153831 150487
1 32794 170574
2 134144
1 182721 35580
1 39606 26045
1 48663 26385
1 162655 94464
1 32860 132062
1 51260 10380
1 71457 138407
1 32555 35668
1 36079 33123
1 129630 114569
1 147339 145439
1 167301 675
1 127113 72049
2 187577
2 153130
1 12191 3421
1 44185 132784
1 157393 69470
1 100604 7839
2 75317
1 194876 77224
1 54304 66353
2 69880
1 195244 86427
1 163073 122240
1 126571 20428
1 60449 135047
1 34925 121581
2 46322
1 175906 138385
1 141658 156096
1 131259 123492
1 164798 135635
1 119811 109964
1 119346 85820
1 97765 32758
1 92583 199455
1 69670 130945
1 100903 79937
1 158635 59308
1 18810 87828
1 166158 4157
1 1434 131649
1 171874 35124
1 106266 87221
1 152516 70511
1 104914 123951
1 149733 99294
1 31501 8584
1 199254 98026
1 18806 30020
1 197907 28130
1 158081 56216
1 45522 59494
1 20822 187644
1 120205 64791
1 93379 59315
1 111694 5118
1 78306 168920
1 198138 44476
1 153288 143338
1 150177 133874
1 174703 119963
1 40581 189105
1 44838 29526
1 130089 76196
1 166647 66063
1 112604 93692
1 160793 188239
1 70085 129053
1 169368 50367
1 52017 71879
1 196737 155573
1 98010 23239
1 145810 184701
1 59514 2270
1 85409 68009
1 197969 104242
1 13259 183068
1 101810 183540
1 111520 20051
1 92693 192913
1 88524 199732
1 98776 58269
1 98377 85596
1 155287 187388
1 154243 194211
1 173166 107346
1 23372 48562
1 8139 80750
1 126594 187785
1 18233 15154
1 148349 156874
1 100138 53638
1 92861 114313
1 7237 152894
1 100242 104215
1 107377 88521
1 75405 24717
1 111072 67227
2 155752
1 61374 82847
1 125916 142257
1 119875 197724
1 114729 70012
1 174755 145849
1 78979 131274
1 53723 198928
1 69343 106676
1 80614 8903
1 76538 12124
1 159340 164822
1 147693 57558
1 198374 53014
1 134259 1682
1 94293 125324
1 113593 144397
1 103524 59382
2 69861
1 12269 192858
1 28382 123626
1 182401 53124
1 47866 8458
2 187060
1 131030 36177
1 187678 192271
1 61822 17935
2 7810
1 119609 100796
1 51760 9155
1 165943 168795
1 197034 25459
2 136013
1 87186 67691
2 149427
1 151923 199552
1 80499 166274
1 178030 131214
2 133036
1 82875 3306
1 3318 12866
1 149858 194468
1 191338 36628
1 197607 131496
1 22802 89350
1 4661 169167
1 52522 164465
1 52427 137625
1 46290 105609
1 187947 132526
1 43802 75918
1 195783 26223
1 109518 169335
1 162024 186498
1 195523 183643
1 27745 105949
1 33312 139746
1 28019 83602
1 106160 43564
1 67010 117532
1 189479 97280
1 167160 91177
1 77746 56
1 147448 62632
1 172356 12266
1 117126 16788
1 61342 27865
1 79092 23937
1 179806 47773
2 62160
1 160313 134539
1 77932 191180
1 63308 199200
1 86158 177006
1 89167 146135
2 84267
1 20018 117106
2 175624
1 138074 121247
1 169505 47855
1 188695 6815
2 7831
1 122179 117430
1 16414 36430
2 52716
1 112898 91414
1 18429 164839
1 115445 16037
1 23073 194119
1 50225 123430
2 147171
1 128105 189100
1 82998 169382
1 44067 130692
2 36060
2 93312
1 93964 45543
1 64049 4369
1 278 94400
1 165297 105411
1 147971 166857
1 112828 169391
1 163018 181173
1 132783 32590
1 57157 29845
1 93416 85766
1 53826 72455
1 54259 78195
1 119048 90075
2 14264
1 143066 34919
1 181740 80482
1 145500 176325
1 113298 22099
1 8972 142183
1 1027 66822
1 145524 122492
1 156244 168964
1 145741 67696
1 96411 55179
1 32042 63471
1 151604 196220
1 100322 171703
1 168208 86404
1 162499 10468
1 184511 69388
1 199605 4342
1 13887 108261
1 94828 114661
2 55557
1 106635 170066
2 141334
2 27591
1 49396 63041
1 192026 117627
1 92395 181965
2 31321
1 5016 45966
1 85154 63575
1 169102 58390
2 35390
1 36716 47602
1 164375 158767
1 69436 98251
1 8455 133102
1 195925 184685
1 106690 51265
1 56602 149068
1 171761 83305
1 90317 165825
1 57961 118157
1 137018 119643
1 150584 78247
2 88546
1 115101 91311
1 189388 7594
1 120008 140528
1 26089 33413
1 182913 103546
1 45450 129055
2 135927
1 105469 183312
1 196160 140896
1 68868 193366
1 48068 91499
1 8824 82487
1 184122 199849
1 60001 49060
1 113669 102327
1 124922 87780
1 49123 85295
2 65182
1 43125 84740
1 126755 102640
2 20773
1 195754 51940
1 59116 175117
2 122510
1 122730 114878
1 31303 199221
2 77271
1 150086 36299
1 16893 159193
1 3908 91631
1 121796 39514
1 131691 83684
1 97434 2326
1 91713 145694
1 26165 165195
1 197229 156380
1 79387 113565
1 44582 49334
1 172334 155080
2 83998
1 173609 42489
1 102224 125546
1 73808 86330
1 193664 70005
1 131661 198576
1 191530 135334
1 92914 54183
1 194463 178639
1 120035 27457
1 3406 66071
1 30844 98182
1 149132 78250
1 128321 303
1 51300 4831
2 83974
1 153647 139171
1 45828 185760
1 113210 64861
1 32980 188491
1 127374 111556
1 188841 142173
1 130229 154282
1 70695 103339
1 42782 58324
1 48611 142393
1 102090 56962
1 118325 150312
1 30712 22331
1 49152 151003
1 74834 126750
1 157503 17898
1 116056 133159
1 166610 65995
1 123598 74814
1 68169 198845
1 176866 133702
1 156080 77879
1 144288 77731
1 29915 69776
1 199513 31501
1 36467 7535
1 27153 157653
1 29505 55606
1 101288 140982
1 136443 64939
1 179851 55773
1 166157 154343
2 120860
1 199059 100778
1 27490 73310
2 56766
1 25598 103036
1 50590 2698
1 84851 37213
1 50030 175172
1 147642 67524
1 81955 49923
1 13470 185709
1 28960 188119
1 19328 132244
1 163922 113327
1 57225 198408
2 39546
1 95490 105685
1 112273 139320
1 45219 18973
1 151364 135578
1 42889 146534
1 199665 180709
1 35875 155433
1 105703 117347
1 112746 99650
1 84154 193453
1 36332 105628
1 59058 120059
1 109908 108060
2 179317
1 29680 22204
1 22782 122675
1 177363 60085
1 78018 66769
1 68424 75798
1 84715 118551
1 6674 171651
1 184850 62365
1 147362 46528
1 34544 1651
1 4300 90550
1 146026 181072
1 9194 146820
1 171614 89341
2 149263
1 79844 69613
1 147027 47278
1 84751 40777
1 117996 70988
1 11492 29633
2 57996
1 89306 172704
1 128047 147492
1 131291 81995
1 198465 79839
1 63252 57123
1 26618 44457
1 4580 177160
1 120371 167040
1 71483 50857
1 156152 119999
2 195304
1 43040 197683
1 139330 103787
2 48449
1 176625 178765
1 58485 175048
1 135699 31690
1 54456 178077
1 104079 10429
1 122424 184765
2 18241
1 107705 157015
1 101652 71466
1 92301 1015
1 186621 185336
1 159206 167847
1 60413 29912
1 71496 26964
1 22304 42879
1 384 82862
1 144283 148148
1 195895 138520
1 111675 25250
1 22072 75923
1 121230 66077
1 20159 101293
1 47504 29107
1 160004 141542
1 154969 179892
1 22472 186531
1 97284 4165
1 132320 117142
1 93347 175777
2 1855
1 104458 94241
1 71496 122824
1 136342 115447
1 87623 22740
2 82893
1 76498 54680
1 102027 124410
1 6055 142273
1 124864 113471
1 105930 155136
1 106214 129821
1 67169 5101
2 30755
1 173986 79870
1 42559 90637
1 95681 99377
1 169128 170833
1 120590 46548
1 152477 1892
2 113730
1 159601 149865
1 162042 122925
1 27375 51516
1 17396 8609
1 74704 147126
1 14981 52192
1 158674 21106
1 65565 54404
1 58479 170903
1 106239 4654
1 75662 29723
1 20415 86129
1 130346 172825
2 158491
1 176963 131970
1 146821 54462
2 82719
1 78347 68245
1 176225 128308
1 86528 41070
1 60027 82189
1 83780 34276
1 79748 94094
1 169541 38429
1 15066 136702
1 126554 103748
1 113728 144470
1 174989 174898
1 57546 41353
1 11434 105306
1 191308 75732
1 145351 149811
1 24900 17864
1 42837 186027
1 100934 166613
1 12326 37706
1 196777 163097
1 51454 119076
2 12209
1 39345 85535
1 172417 158524
1 88904 152783
1 73390 79984
1 25263 85741
1 164052 94692
1 119654 102452
1 90770 63245
1 66864 10894
1 46007 76460
1 46973 139613
1 148497 159414
1 3992 129477
1 134195 95748
1 145682 19198
1 152902 133885
1 128046 28504
1 197843 55360
1 67022 122063
1 149007 175254
1 170142 144658
1 158888 81047
1 90816 145038
1 156815 10970
1 90871 121728
1 5063 95139
1 91287 80443
1 81389 187976
1 81708 12726
1 154311 24293
1 73513 11289
1 192337 174593
2 65749
1 147231 13574
2 180158
1 3634 101612
1 38474 41664
1 54613 63903
1 138939 129277
1 117650 40882
1 86540 173767
1 98806 70467
1 31553 38373
1 198408 59845
1 131924 52637
1 89937 155878
1 180386 70852
2 123178
1 22090 39957
1 101052 170442
1 49201 92242
1 61960 19279
1 71836 72932
1 22002 91085
1 32924 111464
1 105952 133269
1 48135 138425
1 144092 22984
1 80388 124190
1 90554 13724
1 138579 115507
1 186893 168877
1 102048 3797
1 100618 87751
1 162377 10962
1 100668 182386
1 194669 179152
1 166954 195903
1 178296 124924
1 84358 68371
2 68652
1 103896 137624
1 129185 46578
1 179833 57962
1 41911 34721
1 170201 19316
1 156100 125518
1 185254 118986
2 193274
1 183701 40148
1 174472 151033
1 44750 109877
1 67290 17907
1 107280 185468
1 149274 197728
1 78826 196940
1 150718 35044
1 10365 94469
1 42238 6910
1 161064 23889
1 56477 113458
1 154485 120300
1 20022 191544
1 152197 124275
2 33289
1 133571 196089
1 59747 40902
1 185975 193763
1 65128 152473
1 80055 166828
1 131508 247
1 85330 77254
1 42364 119975
1 130992 28629
1 96973 189524
1 132251 54298
1 3637 178641
1 8593 101344
2 94768
1 72518 181513
1 104848 196629
1 33503 106308
1 94131 150785
1 54734 10134
1 90977 83524
1 139 45877
1 170482 38283
1 5202 11073
1 129453 46286
2 124043
1 121494 73302
2 9353
1 30027 104487
1 110690 169345
1 69780 95977
2 148130
1 171269 95163
1 68630 185619
1 85883 150192
1 143868 77621
2 66727
1 131956 55889
1 163263 7586
2 32149
1 166670 73688
2 42299
1 48384 18831
1 74 48302
1 194986 133099
1 189317 69483
1 7546 136436
1 132551 19092
1 14757 61228
1 127053 94404
1 152221 17452
2 155091
1 55222 186081
1 181148 83903
1 144161 193224
1 6869 16459
1 71634 43150
1 75661 96248
1 65248 199712
1 27907 56305
1 80692 146661
1 13943 100862
1 62007 141005
1 12915 180266
1 185401 178462
1 116507 9590
1 116579 71356
1 85110 173120
1 107487 132793
1 93692 47534
1 118277 132893
1 12578 53663
1 94474 68791
1 129892 67859
1 132516 99236
1 156627 82969
1 46657 177119
1 109599 11577
1 79720 43083
1 154213 17380
1 19567 99068
1 3708 32793
1 99487 26380
1 178301 195544
1 60005 66844
1 116433 48332
1 39098 58217
1 191103 152564
1 32213 131281
1 65334 131603
1 129039 21029
1 144279 114648
1 2646 180914
1 122055 8080
1 164118 77771
1 90099 151691
1 10789 71576
1 103076 40588
1 37742 30244
1 133829 188981
1 64800 66275
1 74163 30449
2 157271
1 90118 65412
1 34402 84875
2 123763
1 59343 193398
1 139003 107528
1 26824 106328
1 8436 141150
1 172250 117822
1 33061 15951
1 125112 44304
1 63818 129572
1 150760 146546
1 36573 2432
1 198573 156562
1 12134 122314
2 17333
1 4596 23812
1 104456 144581
1 27332 162810
1 183209 149217
1 55734 29373
1 17954 58752
1 123452 62589
2 129977
1 27070 122118
1 188867 36354
1 62758 72941
1 94159 125096
1 137881 156129
1 42888 51899
1 151605 69269
1 98427 175355
1 78413 178985
1 185091 180452
1 140021 192024
1 53053 40763
1 134922 102563
1 91247 56023
2 108868
1 101094 184948
1 113063 28800
1 161802 37420
1 137925 54921
1 91406 86497
1 3068 35047
1 182225 115132
1 1299 76907
1 73470 169641
1 52923 43065
1 32281 178951
2 137982
1 154847 83338
2 161895
1 71669 69014
1 79769 148002
1 73981 130151
2 92243
1 198106 54044
1 100676 30497
1 193365 134161
1 140240 40820
1 164003 112949
1 150523 162098
1 85616 25740
1 130051 182957
1 47661 125771
1 136926 4484
2 192005
1 34802 58116
1 76293 162245
1 22695 180863
2 66075
1 160235 78098
1 179315 178272
1 161449 50057
1 199420 160222
1 12821 160235
1 70558 24279
1 140506 2254
1 94468 140560
1 750 184107
1 123999 159838
1 77594 96009
1 56403 129653
1 180933 29543
1 66400 195950
1 149061 75566
1 61459 158617
1 43240 150486
1 39469 54660
1 99200 125015
1 95956 62986
1 89389 65555
1 61113 180894
1 75119 190977
1 9929 173337
1 166444 106781
2 95704
1 143717 184318
1 196626 98058
1 186083 34881
1 127892 194115
1 25470 171803
1 8429 145298
2 131799
1 146699 129510
2 131408
1 61752 139913
1 17792 175224
1 51 122274
2 84571
1 172272 158284
1 40862 15385
1 90318 109404
1 181657 96942
1 150940 106256
1 498 134658
1 131944 14709
1 5851 118619
2 157190
1 132414 100338
1 20806 823
1 128073 146389
1 95516 48788
2 183543
1 123610 58947
1 172028 29360
1 89054 185553
1 164296 51885
2 127628
2 172075
1 95407 48860
1 116226 109465
1 93665 140065
1 31226 73864
1 129482 102635
1 169817 154252
1 192311 21964
1 25829 98503
1 90216 42675
1 153217 51478
1 69114 59957
1 122049 42685
1 137557 50334
1 6188 25489
1 16086 191929
1 8401 27557
2 123007
1 92885 32141
2 166557
2 72950
1 40667 25562
1 40059 126429
1 163676 142118
1 129926 160851
1 137449 146719
1 168576 1497
2 69847
1 110490 168168
1 29109 188234
1 40125 29097
1 100 70334
1 128254 173954
1 166011 5073
1 102220 83125
1 102678 130964
1 161352 9076
1 145442 162451
1 17686 91976
1 150411 135010
1 189605 154436
1 98022 34795
1 17085 151657
2 161760
1 101716 142345
1 82435 47590
1 93355 122789
1 47419 143702
2 134454
1 182343 146869
1 27291 145419
1 188904 105453
1 74544 141997
1 186425 104693
1 40699 155636
1 190280 172485
1 106563 85498
1 192711 182406
2 109507
1 66890 4796
1 56558 114613
1 198161 178474
1 87461 37792
1 102449 46910
1 60425 124517
1 142995 195390
1 149590 18822
1 196555 103920
1 155177 150520
2 12766
1 132302 107956
1 158700 74836
1 174060 85350
1 101475 56896
1 64163 143386
1 175432 45837
1 79976 155263
1 68350 43275
1 154331 21832
1 103505 44473
1 159182 14612
1 178207 175189
1 144980 172064
1 46466 125858
1 17100 119468
1 56448 21370
1 102317 4331
1 189750 162964
1 67860 164911
1 140866 15574
1 120396 109203
1 142000 152095
1 168924 59754
1 100968 133774
1 124951 108584
1 71701 112663
1 55648 117328
1 132953 191239
1 64316 77981
1 35119 48852
1 25309 101749
1 42528 99115
1 119787 179147
1 28330 119732
1 108053 7635
1 686 5737
1 6361 71979
1 145689 97239
1 107024 72391
1 36884 32499
1 189757 81501
1 2608 198112
1 98967 40467
1 65484 120896
1 16533 77734
1 20681 118201
1 31097 125468
1 38895 29129
1 31904 55915
1 191585 119053
1 142729 145963
1 106302 162638
1 41379 57978
1 129433 169358
1 114204 74798
1 173404 100625
1 138342 128384
1 115512 140655
1 115596 73398
1 183696 135256
1 41206 102801
1 870 165160
1 31930 15289
1 190086 195437
1 124643 97445
1 56689 71479
1 84677 142351
1 23948 21792
1 3778 106584
1 183882 123227
1 190614 1783
1 855 169089
1 92202 86119
1 65734 39577
1 26647 78801
1 13053 198440
1 30712 25528
1 74592 146554
1 16885 137636
1 24955 106735
1 136077 32336
1 16627 85577
1 61860 2647
1 145647 69621
1 33613 164893
1 198019 66327
1 43417 190458
1 181277 174235
1 68704 180588
1 127795 180025
1 163471 131069
1 67308 160456
1 120563 64689
1 50573 84934
1 174148 111861
1 137767 168870
1 151733 70276
1 65792 57564
1 20924 168796
1 59327 166757
1 170141 46049
1 54683 132058
1 27323 463
1 32646 175606
1 71329 166885
1 18773 186789
1 113741 194640
1 134515 94479
1 20862 77782
1 189703 127205
1 145663 134980
1 125027 65451
1 47284 128217
1 20974 95943
1 71461 14132
1 116180 143945
1 172105 33148
1 139948 91899
1 170068 3150
1 75178 63082
1 152836 103980
1 65286 135413
1 149288 145507
1 159980 30166
1 49649 198653
1 89509 34094
1 126 167593
1 30469 126102
1 59938 103208
1 149079 166051
1 108856 150073
1 184070 170040
1 167722 121094
1 188877 114899
1 3838 185935
1 71585 89040
1 137954 12120
1 65500 180674
1 22393 191439
1 187501 181108
1 74662 124992
1 164927 57274
1 42903 57404
1 176231 169022
1 141974 66887
1 80209 99463
1 69517 65345
1 197869 9804
1 148695 68183
1 145686 104249
1 141582 111979
1 92995 134144
1 147602 118336
1 50161 10212
1 150615 14635
1 91344 5506
1 30898 28854
1 170797 138593
1 125221 166230
1 47007 191099
1 154665 23823
1 51254 198412
1 635 161254
1 172769 99162
1 10345 199431
1 173535 7494
1 112415 173112
1 154024 114770
1 31725 74686
1 44892 123122
1 21787 110990
1 168236 13399
1 8624 1911
1 168327 162042
1 136766 71501
1 117831 198118
1 147954 24217
1 171101 157001
1 24346 4735
1 1658 40700
1 192184 13167
1 63040 56017
1 8390 68240
1 64424 103836
1 46218 24169
1 129205 145029
1 60572 67474
1 157272 82124
1 5429 121307
1 74277 27038
1 42555 126651
1 131062 136023
1 85641 159739
1 152926 103511
1 30596 140259
1 110353 79178
1 80027 165285
1 58257 51
1 34270 145673
1 72987 147705
1 79682 81305
1 30291 436
1 136243 85262
1 156206 48441
1 179548 14842
1 168671 45924
1 191475 106550
1 23620 63397
1 144200 95950
1 198673 162958
1 4046 90924
1 33788 112796
1 115755 171907
1 112042 28355
1 18941 174717
1 88858 128639
1 188717 167398
1 106896 102488
1 169848 177497
1 159941 180277
1 74235 49836
1 84685 41189
1 163263 17496
1 83017 111977
1 90181 196587
1 178190 142021
1 75603 45809
1 69908 186953
1 34623 169439
1 25955 86682
1 36987 132802
1 186427 16710
1 136162 135720
1 151107 7177
1 88578 47949
1 138677 102681
1 118826 126217
1 195207 14584
1 161078 153335
1 79709 58682
1 18968 148649
1 144173 69205
1 89449 61898
1 158066 11433
1 55152 123859
1 94228 60624
1 53553 132274
1 135640 132840
1 144506 117495
1 188036 56990
1 91114 39553
1 76502 175420
1 137730 100457
1 145318 153782
1 183473 149229
1 27864 61489
1 133594 99615
1 77062 17493
1 62312 104591
1 104940 2261
1 80725 182902
1 147414 52924
1 47031 43428
1 102471 187322
1 80204 114540
1 13419 149679
1 194375 56141
1 94208 188855
1 56667 125860
1 24704 30710
1 100999 25361
1 103762 93414
1 48163 58023
1 86001 90910
1 116329 116568
1 154588 90085
1 152263 136159
1 158655 26679
1 192484 155696
1 88226 100182
1 61681 186461
1 26833 172821
1 69490 89353
1 70155 71585
1 133324 127250
1 176942 12369
1 123153 6395
1 76707 93232
1 142538 153624
1 129350 190023
1 133444 12797
1 51160 67952
1 61150 124968
1 32681 41880
1 113041 183854
1 86271 102292
1 65536 190499
1 83212 139560
1 114178 4238
1 27087 98003
1 131182 51980
1 83849 83103
1 123623 197059
1 105123 743
1 117991 152778
1 67613 122601
1 109648 128086
1 139770 40079
1 40113 7080
1 93290 58424
1 110933 28469
1 153976 47628
1 47378 52823
1 158645 171135
1 160144 83314
1 142820 122597
1 1688 110888
1 170471 25143
1 32480 135681
1 166762 74724
1 29268 109781
1 61455 41052
1 80486 75643
1 35993 184217
1 37208 93175
1 69468 22191
1 120969 172063
1 151396 64533
1 188991 160527
1 130149 129459
1 17972 54990
1 89315 89582
1 184867 52096
1 113122 55602
1 173972 182349
1 177105 61951
1 11366 43025
1 138226 29175
1 135837 144005
1 192845 2023
1 15020 108397
1 146901 188372
1 8645 22340
1 134875 105031
1 44830 112292
1 370 84891
1 130565 70138
1 16418 170375
1 45607 133482
1 49297 17703
1 13981 169343
1 135086 189007
1 44920 196566
1 60319 129107
1 194766 4810
1 91246 63952
1 177605 160226
1 142319 185471
1 1504 151098
1 71477 198395
1 57031 2031
1 163061 124048
1 8924 190927
1 96442 7047
1 166843 169920
1 40204 43695
1 83728 75375
1 95962 135981
1 184544 25276
1 171631 30663
1 104656 37348
1 51220 184237
1 15995 122158
1 33217 113545
1 26354 92826
1 166154 31689
1 132308 36999
1 135623 15914
1 88912 9507
1 47876 58502
1 135479 190552
1 68266 173409
1 53576 54005
1 82286 174705
1 161142 83675
1 156664 155628
1 6460 120297
1 116439 118998
1 163492 11433
1 89059 74634
1 114324 48828
1 59634 99976
1 177498 66051
1 169855 144768
1 634 18448
1 106519 69790
1 151157 53644
1 167557 137558
1 132251 158442
1 158656 40114
1 108051 31179
1 135188 171033
1 177514 22515
1 53135 8610
1 194523 132844
1 167469 39449
1 3678 56696
1 25477 5393
1 135796 51581
1 181940 125290
1 130417 10476
1 147530 189541
1 125706 85811
1 33780 47910
1 173601 188196
1 169578 19656
1 62607 176420
1 23578 55783
1 162609 192536
1 146708 84201
1 38518 135501
1 5687 198671
1 179239 197479
1 74523 185083
1 149304 175628
1 79552 93314
1 191630 45649
1 3703 33395
1 69521 161253
1 26063 50472
1 36211 170108
1 93251 195660
1 183681 96511
1 178850 183021
1 68842 32370
1 161470 101765
1 121869 63269
1 189145 132547
1 91464 89695
1 70540 124319
1 51902 187784
1 68474 155357
1 114984 148758
1 164341 17697
1 190367 96314
1 162414 25652
1 91753 67851
1 84706 173078
1 48194 150642
1 11587 39621
1 47532 82712
1 119845 116043
1 158394 38797
1 134123 154830
1 11736 170234
1 109296 141908
1 11935 69705
1 87546 125526
1 172952 184595
1 56731 73927
1 97231 164170
1 159529 109668
1 150810 185383
1 78625 95869
1 153577 188631
1 70039 129412
1 94608 88673
1 190242 152342
1 120018 134363
1 185221 59592
1 125680 25998
1 111840 181427
1 79667 7911
1 155287 160451
1 74742 183839
1 192707 165948
1 90359 91757
1 68952 161357
1 154719 47018
1 153815 161434
1 107343 60420
1 61365 19844
1 167149 30183
1 3851 112828
1 36144 97129
1 97983 6984
1 152552 89333
1 142962 38804
1 117265 106298
1 183915 152764
1 69465 23956
1 40580 19353
1 142319 138299
1 136788 102090
1 195023 198315
1 16028 125060
1 71755 52691
1 73525 184989
1 95132 76801
1 79161 116437
1 192681 141966
1 85809 96358
1 41175 84230
1 26560 156814
1 102738 150426
1 96782 31258
1 128602 137801
1 174390 196341
1 187792 172684
1 53299 74993
1 57731 5185
1 131080 62676
1 77110 70619
1 132655 112230
1 48117 96263
1 14725 162170
1 185688 186721
1 63220 58556
1 180054 39512
1 61728 151738
1 143437 115231
1 198614 172469
1 71568 99990
1 43633 175913
1 139122 100856
1 191694 111642
1 58962 168070
1 151155 135522
1 189480 22003
1 35323 46520
1 195407 185297
1 119110 153987
1 198483 74364
1 90846 5983
1 173628 164165
1 87212 58543
1 16219 60514
1 94172 116580
1 152852 7251
1 26765 2444
1 79404 87959
1 167230 35870
1 53525 49681
1 78197 26373
1 29560 191157
1 195698 106027
1 39490 34551
1 39763 141255
1 14834 178230
1 184777 124586
1 96226 137636
1 90426 150790
1 140115 7609
1 73912 45183
1 83197 168153
1 162402 160951
1 107095 7554
1 162009 181269
1 91620 29178
1 196838 31573
1 107391 199864
1 98026 117078
1 21224 153234
1 19206 72671
1 75662 134567
1 183243 3570
1 141471 121997
1 176548 43286
1 117582 105725
1 151426 115296
1 70500 150718
1 146953 184066
1 159819 33423
1 33145 3094
1 38870 79129
1 89247 138027
1 114388 106644
1 116028 130257
1 56534 194360
1 77174 79522
1 96767 111143
1 81086 69202
1 74124 148120
1 190145 122808
1 50020 115783
1 30867 155293
1 199009 5915
1 16728 171140
1 79838 159640
1 63284 28218
1 76548 3334
1 119670 49375
1 63248 146593
1 171393 171893
1 158631 101186
1 59 40425
1 179804 143182
1 40760 114592
1 26560 105885
1 29353 154948
1 73324 61229
1 199681 94030
1 52363 199560
1 84584 161365
1 83947 80947
1 25316 53784
1 13189 171353
1 99012 193736
1 109514 5047
1 35023 185818
1 21233 105865
1 95788 22923
1 173118 22068
1 146067 99508
1 1620 81396
1 197684 199185
1 79230 55305
1 35622 142028
1 35835 197150
1 26450 112782
1 140744 49786
1 2528 57417
1 84530 43370
1 110050 72127
1 74523 193198
1 178560 188695
1 175244 55267
1 84387 48481
1 170236 3313
1 161126 76456
1 92512 73462
1 23802 118199
1 198836 131057
1 187864 107566
1 86472 157747
1 46572 151943
1 192590 53763
1 158464 79396
1 32290 45265
1 124006 151580
1 127707 152798
1 98282 198853
1 54417 60201
1 70967 11651
1 195119 93917
1 78537 20945
1 95291 27385
1 3795 30223
1 195555 181055
1 143089 111501
1 57611 25953
1 46160 127960
1 194260 44072
1 101340 108418
1 134062 45927
1 133738 68342
1 68385 35103
1 130343 129723
1 79640 63988
1 51584 43272
1 136174 47184
1 196692 69001
1 144638 142038
1 74391 74737
1 67302 77322
1 161479 72769
1 55835 36862
1 17236 195991
1 121010 140864
1 41100 88891
1 26413 160578
1 178821 77989
1 84101 138
1 30029 94546
1 38648 129691
1 58967 38409
1 106194 89955
1 69151 53160
1 83008 132133
1 165150 84852
1 195923 33194
1 144820 23585
1 74769 96100
1 56914 147999
1 17538 15651
1 63720 21414
1 440 161851
1 121294 140610
1 156512 35189
1 79094 47394
1 122889 29941
1 90834 4125
1 75251 199852
1 197442 68166
1 10778 177663
1 153088 30961
1 116674 115063
1 39119 15174
1 80900 166378
1 127841 83014
1 187034 116457
1 43464 107803
1 107943 168427
1 112351 177317
1 175882 102394
1 50617 86274
1 47141 42332
1 190218 925
1 58984 137092
1 180565 187578
1 184099 3386
1 2901 48704
1 99148 83593
1 70448 37127
1 4621 11559
1 134169 165092
1 182994 195690
1 3844 136819
1 192785 39208
1 19151 86501
1 53658 143279
1 22382 45834
1 31777 128871
1 84503 70368
1 58890 118340
1 146672 121948
1 14004 132016
1 102198 31416
1 21065 109240
1 81327 18237
1 183044 176565
1 168849 29075
1 1027 106302
1 33140 156358
1 13007 197772
1 18550 108251
1 102441 9966
1 48557 3603
1 112408 192494
1 146450 116095
1 122608 155138
1 149035 110917
1 158373 49720
1 137977 134321
1 77712 149724
1 45092 65536
1 14336 37227
1 123491 18152
1 10820 92541
1 90160 27564
1 99704 125486
1 155500 66078
1 77135 38029
1 53006 105141
1 53920 18185
1 22033 87889
1 42675 85848
1 112030 17933
1 58253 100329
1 25720 95364
1 105209 129229
1 78375 145255
1 15770 161249
1 76006 134014
1 121775 70911
1 158032 149563
1 144421 53925
1 1097 194951
1 70115 92518
1 36329 194375
1 99857 74128
1 101486 199600
1 60842 134493
1 122338 110667
1 6212 116445
1 160649 113353
1 35870 97507
1 193168 5450
1 86121 138159
1 110706 20138
1 24729 111388
1 174189 151310
1 172462 113675
1 99237 166894
1 89085 184720
1 185046 130146
1 154180 191643
1 10815 37105
1 2734 115112
1 142349 57688
1 128932 58603
1 64710 87319
1 127829 195062
1 106359 142210
1 192582 66477
1 58592 775
1 183964 179373
1 140701 112123
1 76329 112439
1 170840 37866
1 59318 184994
1 21549 12510
1 126481 107202
1 197342 167278
1 123223 197075
1 151992 2315
1 144002 132395
1 101830 115335
1 123382 116191
1 150708 124007
1 24584 28083
1 81606 63467
1 19664 56712
1 47930 192283
1 61489 24385
1 137274 163859
1 65638 112758
1 66759 199186
1 137807 43741
1 102306 60543
1 102524 60661
1 21052 97341
1 24569 86069
1 60192 130673
1 29274 8372
1 161951 2320
1 93512 83610
1 117885 7278
1 197773 181126
1 131546 129285
1 90844 184065
1 21731 137474
1 75684 19683
1 96890 170134
1 194263 708
1 34274 151163
1 75317 198694
1 32048 72325
1 72543 67489
1 149614 181164
1 33560 34127
1 81553 198934
1 177950 65848
1 1629 174825
1 18026 80000
1 16087 103953
1 72771 102671
1 61548 150287
1 61001 62593
1 141855 53763
1 117056 30544
1 193528 123579
1 18332 163070
1 67243 82172
1 120460 86791
1 157511 97936
1 55625 11782
1 54496 90705
1 198753 149414
1 141695 61364
1 101823 189324
1 81864 104537
1 42493 2499
1 22827 101009
1 93484 4072
1 196047 28849
1 63395 129303
1 40891 19287
1 96134 174357
1 50567 61242
1 26073 106239
1 7811 171958
1 90053 118707
1 126630 99671
1 93161 113469
1 44537 179302
1 421 122948
1 27076 130930
1 111843 92661
1 105977 26593
1 90726 1520
1 140576 44407
1 36695 193330
1 197699 82214
1 145870 34115
1 176347 20374
1 99294 25697
1 24570 19958
1 28963 187628
1 75833 152515
1 73744 65555
1 99109 181656
1 150004 184831
1 4517 7543
1 11020 43710
1 113455 3159
1 14415 177585
1 127788 171246
1 51957 25850
1 54504 54912
1 166538 58144
1 46463 83497
1 135730 114693
1 104836 35303
1 176956 129099
1 180339 35499
1 190699 94274
1 122585 60001
1 105859 99284
1 80322 19966
1 33873 129972
1 168931 130314
1 112510 162564
1 129929 136877
1 84757 56389
1 112962 189438
1 8274 52165
1 32458 75402
1 177453 89732
1 57209 182306
1 131815 3239
1 111786 117672
1 74517 191200
1 107119 119322
1 195306 186269
1 14771 15135
1 111690 111472
1 39343 21074
1 36620 47743
1 166033 180749
1 90702 28909
1 140649 11256
1 37823 110472
1 64278 82066
1 124585 121972
1 187313 121598
1 14333 158424
1 176248 95377
1 195556 2887
1 18365 179931
1 134211 112369
1 70416 97715
1 42894 196555
1 37034 3144
1 74384 27643
1 45659 17830
1 184313 152073
1 159990 10757
1 127081 79170
1 99898 30360
1 86780 24751
1 47236 25108
1 77910 111861
1 32308 170687
1 172976 70158
1 89757 3323
1 154276 187752
1 52657 45138
1 112629 74203
1 114219 170564
1 25698 11281
1 71935 911
1 136045 126192
1 17023 15934
1 108711 111564
1 169743 110773
1 75518 75403
1 174987 14843
1 25289 104920
1 52214 111817
1 121042 185356
1 116390 105618
1 10789 67354
1 47214 67091
1 111384 110202
1 139852 198173
1 75036 127063
1 96469 99616
1 156867 157052
1 5085 51450
1 105169 160316
1 137771 129600
1 134984 172962
1 101532 46924
1 157614 8984
1 34966 102216
1 125282 1499
1 197360 109689
1 157663 21279
1 7647 37711
1 182095 196350
1 1252 58604
1 195156 176999
1 160949 118962
1 68818 53188
1 65897 88722
1 55617 106604
1 179495 9426
1 154545 82250
1 141008 26207
1 111007 6093
1 106668 126739
1 196855 53394
1 172051 46088
1 46570 65615
1 101533 151837
1 69041 53377
1 193099 43464
1 49506 81943
1 122551 33821
1 101363 16352
1 55161 32286
1 35085 117683
1 123739 126403
1 104530 174749
1 83904 8843
1 13489 126160
1 44304 40579
1 5162 61641
1 189031 56022
1 117405 166018
1 154750 141654
1 58839 67738
1 7577 184458
1 180319 59137
1 50355 36536
1 11134 185320
1 30567 62005
1 72141 55080
1 69536 183210
1 33219 24114
1 172994 185961
1 124927 165751
1 17178 78512
1 118354 144408
1 19332 91132
1 92048 183184
1 120027 84306
1 110681 73056
1 28646 130058
1 171747 70524
1 140545 151836
1 128586 130740
1 183753 193071
1 199642 87013
1 5708 6688
1 95387 44961
1 122928 193424
1 136094 39259
1 85282 50673
1 145352 90583
1 109506 35153
1 93661 199442
1 23693 181096
1 152974 194221
1 58506 223
1 102085 90528
1 166137 174497
1 26543 117340
1 189305 99557
1 141963 163329
1 91640 190588
1 83123 18049
1 96097 127129
1 94185 23764
1 86016 31391
1 124835 104222
1 20921 40366
1 157913 104030
1 35050 96048
1 35598 103960
1 79966 188705
1 151581 183364
1 149427 116702
1 136455 191800
1 33485 177903
1 114361 3732
1 14013 37719
1 113186 71980
1 26860 89819
1 140790 39291
1 152845 157457
1 32060 56070
1 19137 145259
1 83231 84621
1 120908 18627
1 85042 52089
1 129400 2025
1 139973 97538
1 176392 34667
1 125479 49185
1 149599 180581
1 84092 194870
1 12145 98185
1 95745 166969
1 41003 6255
1 21853 195878
1 126879 12768
1 196715 130405
1 167347 149535
1 156677 54520
1 109705 44985
1 195282 159400
1 174641 176463
1 137746 164593
1 141902 7649
1 188010 37485
1 86214 34845
1 64875 171391
1 93870 152809
1 156904 182976
1 187445 15596
1 12407 77615
1 172431 61411
1 33479 177876
1 104485 127779
1 90851 126709
1 190139 90153
1 139525 190141
1 137121 37930
1 112415 79657
1 48798 163928
1 162661 107061
1 120538 178546
1 85407 131399
1 170059 36303
1 125038 10842
1 156130 87532
1 58972 51500
1 57270 48755
1 59816 71532
1 157424 88014
1 84114 92574
1 185337 104428
1 43236 49168
1 174881 64851
1 10754 83651
1 35345 82023
1 18931 126034
1 93939 111674
1 132975 62502
1 148704 154004
1 144363 121309
1 166154 167492
1 101987 103415
1 172074 9384
1 193384 190019
1 93485 75705
1 192938 79242
1 124891 23514
1 81542 177402
1 118343 105826
1 67859 58261
1 183165 142503
1 45290 105178
1 198057 105421
1 93428 153332
1 14020 154832
1 141816 86626
1 187205 133774
1 172261 159271
1 126661 197721
1 110044 66419
1 70834 152891
1 75394 162448
1 91256 156682
1 89796 128849
1 30637 84206
1 106091 168504
1 190844 156527
1 193698 66471
1 163604 49796
1 26374 98249
1 113873 144858
1 163117 27777
1 168043 186274
1 43001 104275
1 177822 57566
1 103775 128466
1 4889 127917
1 125043 161610
1 151402 132180
1 139894 20398
1 144554 113423
1 153634 49668
1 33829 105816
1 112565 120975
1 115660 27639
1 133500 2622
1 98718 90187
1 51489 182227
1 81108 77783
1 118136 141525
1 81228 108496
1 190727 3834
1 58105 179494
1 198484 128975
1 14600 33361
1 147699 102890
1 55573 31774
1 162575 71634
1 53520 130682
1 141560 74476
1 68073 158717
1 88046 70761
1 22787 185594
1 174125 66478
1 30360 117254
1 11130 53188
1 149417 43207
1 15020 58433
1 38377 171327
1 198078 165431
1 87914 120025
1 154899 84315
1 3272 30131
1 11851 112888
1 82388 154604
1 128517 17301
1 2948 172655
1 182709 94179
1 7192 113024
1 199913 167980
1 145680 103239
1 33430 190072
1 90188 153051
1 14375 58561
1 117443 120016
1 162376 38490
1 189032 40515
1 72624 150747
1 32986 53029
1 98349 100496
1 48395 93126
1 134516 39842
1 45747 52196
1 39465 121797
1 5686 165685
1 4716 116387
1 69842 145137
1 177444 110665
1 48781 160354
1 153424 180945
1 14622 97712
1 28171 13712
1 157595 153192
1 129759 31168
1 58147 91725
1 43470 115568
1 93836 29410
1 121885 41899
1 198991 194869
1 166753 118885
1 53939 179184
1 68750 199469
1 106743 153564
1 54077 21135
1 186820 194615
1 146174 187145
1 81810 82488
1 43679 44081
1 7385 101471
1 121147 189220
1 169787 110914
1 68997 11954
1 123631 78421
1 158359 152007
1 188209 181818
1 137142 73053
1 67176 2185
1 65576 101473
1 97880 105121
1 3257 129122
1 155593 30704
1 67530 18433
1 66103 147135
1 93467 40277
1 175291 41281
1 143322 109662
1 2106 70109
1 26027 21548
1 107340 124410
1 46714 160080
1 101871 166986
1 134719 188740
1 134573 14362
1 93138 141526
1 80523 170200
1 78895 95387
1 26484 12325
1 177035 132497
1 167845 161886
1 101527 199700
1 37850 62566
1 3092 42566
1 64120 133429
1 119832 180088
1 144827 188390
1 158815 82718
1 107619 180798
1 125013 136690
1 54683 188600
1 137571 8038
1 110058 119000
1 148216 4240
1 138845 65072
1 75482 158801
1 64564 11756
1 180141 53575
1 26188 162277
1 137858 181939
1 44557 124964
1 28451 127021
1 148629 71988
1 189854 7239
1 5220 95021
1 1424 78718
1 94408 131326
1 57524 52840
1 146444 145978
1 180076 158618
1 44892 189286
1 66190 172441
1 96124 76354
1 91250 68
1 72491 89814
1 119163 186943
1 101585 115263
1 39909 37603
1 189552 139002
1 125518 46628
1 31049 112751
1 107527 11906
1 128334 171393
1 163676 28788
1 116360 130709
1 150114 54290
1 181258 194849
1 53568 8257
1 8917 199032
1 193729 25636
1 186445 94866
1 190297 31489
1 23260 107616
1 195061 166514
1 12901 184848
1 88136 93069
1 179052 91934
1 61587 158613
1 175363 82908
1 54068 133282
1 35128 46850
1 85554 26318
1 131581 30905
1 144200 184930
1 180824 73637
1 23024 22144
1 41228 43121
1 40241 176401
1 80071 24479
1 153004 175858
1 98061 186511
1 6307 146458
1 30372 848
1 67339 106895
1 57473 5541
1 96787 163786
1 15667 35161
1 156149 31144
1 198735 122758
1 164029 145298
1 189659 103841
1 85207 125550
1 50942 132490
1 121117 151047
1 30376 51539
1 163297 86971
1 140094 70543
1 162808 42276
1 156105 58909
1 24136 39688
1 188639 114292
1 91410 116164
1 1681 44785
1 66179 171702
1 10006 64543
1 158839 10282
1 175032 9542
1 115727 150920
1 144189 47734
1 16565 50364
1 76184 163413
1 164141 12837
1 36945 90343
1 102622 123265
1 183027 52702
1 115809 111704
1 47349 183139
1 51465 190120
1 102634 36963
1 53875 76434
1 79596 192988
1 131792 179843
1 62661 129065
1 169968 166181
1 137376 24653
1 23505 23942
1 124400 45501
1 136296 32840
1 24351 30000
1 11118 21003
1 194618 42283
1 154287 138200
1 186842 132551
1 183247 47631
1 124566 186054
1 191134 55762
1 110695 129238
1 78045 180403
1 186588 163749
1 29585 146908
1 4543 112422
1 69960 96574
1 174342 87329
1 34025 59452
1 109503 72961
1 179008 44632
1 78582 63131
1 127625 197406
1 197736 95098
1 26685 108175
1 167405 4083
1 29019 8848
1 47457 101221
1 130745 21332
1 177811 188432
1 101643 136775
1 148274 116569
1 4082 175036
1 131956 82204
1 142856 195098
1 28296 127923
1 31211 187074
1 35839 26246
1 185608 164291
1 144310 197780
1 171370 157249
1 175175 91905
1 143555 178339
1 127473 167328
1 41146 159741
1 176964 82818
1 170229 81853
1 105105 186431
1 41704 130137
1 155025 23876
1 5470 73400
1 163668 164702
1 88840 18528
1 45933 109254
1 57732 177695
1 196444 45101
1 28975 136126
1 49852 165257
1 73261 110627
1 179182 198496
1 135096 197509
1 117510 41364
1 151848 80022
1 9460 145968
1 111426 185259
1 103861 180850
1 19395 64111
1 110778 121113
1 3374 171913
1 43480 49584
1 94740 22475
1 188722 41500
1 186339 84764
1 181093 124322
1 127090 116200
1 72178 48444
1 39436 32262
1 175536 153758
1 196667 156970
1 163955 95555
1 49303 33292
1 124343 110333
1 146318 51480
1 128786 103996
1 67830 104663
1 114393 24095
1 97233 189469
1 192592 174329
1 44575 93557
1 150552 101157
1 115498 90186
1 123796 85069
1 18574 53015
1 45084 5367
1 107719 32145
1 107558 131985
1 13376 160979
1 32113 10174
1 102296 88585
1 41780 152737
1 44343 195553
1 101958 136681
1 18258 32751
1 113423 114205
1 195579 132640
1 175726 42346
1 54572 4065
1 108652 169962
1 49365 38160
1 32609 93047
1 109348 18723
1 67173 119025
1 65236 159511
1 58170 21260
1 61049 9052
1 188472 186845
1 175754 137343
1 199993 160166
1 36336 7448
1 168453 122784
1 78734 31028
1 177152 59848
1 22929 103685
1 112786 149356
1 49914 156745
1 134295 28216
1 93737 187192
1 43657 197564
1 171564 182258
1 68458 156864
1 42888 187688
1 194550 190027
1 80903 53513
1 32840 53103
1 97602 185071
1 166795 40729
1 31280 69643
1 60708 150168
1 33136 89230
1 124958 13227
1 133588 176986
1 136982 122575
1 130478 88488
1 28456 188617
1 137567 6459
1 57305 81329
1 150237 65668
1 143942 148608
1 94213 183383
1 197069 122716
1 84641 116878
1 53306 99489
1 156155 91068
1 30132 98161
1 47522 49493
1 172712 24830
1 53052 116443
1 79862 109335
1 75021 151948
1 55067 118577
1 31878 102026
1 28063 148280
1 60945 50186
1 48128 122263
1 194652 179969
1 90014 131012
1 9509 169996
1 58280 83791
1 47236 165343
1 113287 73388
1 52030 40496
1 83529 70718
1 91657 60900
1 188368 41958
1 150555 127034
1 145979 88716
1 162553 135286
1 16277 6829
1 50236 155409
1 91132 157606
1 112485 47711
1 49749 87296
1 76325 189697
1 27119 38204
1 120102 163596
1 162868 43552
1 114333 9528
1 183191 16194
1 160532 6541
1 71482 140308
1 11379 147019
1 186078 54641
1 49359 105753
1 154641 55399
1 44213 94641
1 45523 91525
1 55416 132809
1 152969 195751
1 181689 6597
1 119461 117951
1 567 168091
1 45013 10982
1 168215 111366
1 122219 71779
1 110325 172335
1 79501 133626
1 102379 114136
1 184222 85369
1 186400 13258
1 129260 52223
1 150933 188802
1 58971 173582
1 12524 3544
1 151186 196050
1 103738 169456
1 11236 21617
1 95887 85924
1 122497 86229
1 21955 79344
1 81694 46200
1 159043 90400
1 191585 41456
1 142555 193591
1 184658 143867
1 174790 185954
1 2302 149644
1 138164 91548
1 185198 198166
1 75546 140258
1 96904 99288
1 27520 177370
1 161219 810
1 76871 17279
1 19472 17542
1 49082 142288
1 170886 135386
1 191062 88249
1 14415 40589
1 94812 120002
1 193490 13968
1 38486 87031
1 59744 189415
1 68456 34711
1 125730 73143
1 119194 17217
1 179970 105618
1 4002 98779
1 155353 108609
1 64375 192964
1 83802 89873
1 112403 81021
1 46205 7585
1 128008 83
1 139565 105514
1 75462 22544
1 194485 44559
1 155883 84770
1 118184 87783
1 75468 141195
1 48913 5961
1 76355 91531
1 178906 59736
1 165433 74187
1 159488 159567
1 88118 119371
1 141303 22221
1 179495 119758
1 158041 189348
1 133934 157892
1 48469 10526
1 159856 47928
1 114901 74193
1 187099 197371
1 194352 102757
1 28022 92177
1 83473 2468
1 113709 13978
1 187944 21889
1 2141 112322
1 133007 164587
1 52957 191085
1 142719 186515
1 195661 117917
1 140916 105083
1 186147 115174
1 50013 39554
1 17331 79252
1 183881 26094
1 69886 104091
1 146511 153721
1 174335 169791
1 100860 190750
1 23025 157444
1 52994 95654
1 34213 42585
1 168286 194606
1 55555 137536
1 156426 137530
1 37534 190209
1 171557 48128
1 121149 179920
1 127903 98606
1 94438 150395
1 1321 21949
1 198253 104536
1 186908 170682
1 61694 67118
1 76073 149714
1 138407 143715
1 172225 66334
1 174889 190246
1 10117 17199
1 64385 96094
1 73008 81115
1 131953 69522
1 172163 58504
1 50004 185177
1 119154 143737
1 113698 64389
1 153997 181783
1 120512 192652
1 67249 196417
1 197772 14647
1 63408 178774
1 165990 5198
1 39741 123330
1 146115 40642
1 169052 28551
1 164014 156637
1 172362 119822
1 56607 168936
1 196200 26286
1 184769 134299
1 146414 196923
1 63358 16650
1 8653 5587
1 62606 2509
1 132197 112805
1 108736 135728
1 165225 119555
1 102151 36508
1 134030 118249
1 63112 37062
1 123 87693
1 168931 123095
1 172782 47466
1 93248 28699
1 12459 143880
1 44892 72173
1 179115 194765
1 118355 163938
1 146305 170890
1 181424 82165
1 107280 6591
1 100787 188403
1 64939 170096
1 119970 132839
1 6797 21036
1 109650 186569
1 121979 193690
1 86519 26466
1 139061 81543
1 182763 193923
1 87908 103150
1 140476 159911
1 30336 150087
1 91833 151845
1 66562 174803
1 138109 103642
1 176842 100390
1 25340 154198
1 123408 27253
1 68942 185222
1 71184 95906
1 186745 144482
1 4082 150342
1 134468 118872
1 39224 149310
1 8953 74168
1 120811 110649
1 81466 82913
1 80775 107840
1 78855 58155
1 170342 58055
1 125390 199638
1 144363 147315
1 75380 175859
1 111344 95532
1 59171 177745
1 168305 17316
1 121557 153451
1 17721 168424
1 17311 152336
1 59149 165991
1 40897 138322
1 9112 16321
1 125869 182579
1 47704 145809
1 98774 121036
1 139270 173821
1 43194 179456
1 7179 145853
1 195699 7457
1 14945 106539
1 160954 20832
1 196038 94538
1 47677 22907
1 90473 99801
1 137634 119522
1 86670 15769
1 93468 14057
1 92356 153693
1 133486 61109
1 116745 33682
1 60989 195169
1 45307 7950
1 170138 63152
1 133122 170909
1 13904 94903
1 91772 38666
1 52907 94283
1 180073 158955
1 23305 51113
1 190424 9456
1 76901 187173
1 49362 125677
1 132961 149782
1 107653 155173
1 86484 146815
1 123763 104474
1 147093 171904
1 112603 33746
1 77766 8702
1 80232 168939
1 97763 166415
1 131737 111714
1 85069 150891
1 120113 144160
1 128146 156239
1 32928 18182
1 43711 157619
1 164912 86330
1 120169 9519
1 66868 155187
1 82168 123241
1 136046 152705
1 565 121922
1 192192 41248
1 37845 163842
1 27861 84990
1 151686 30848
1 64784 166603
1 149369 13974
1 96374 7296
1 130032 1476
1 106391 83187
1 166153 57571
1 176002 150425
1 173836 195150
1 44073 96220
1 80370 55115
1 24978 181408
1 89910 122880
1 159424 131473
1 126304 22036
1 196770 52655
1 184526 89186
1 50618 3548
1 154886 30757
1 66639 103588
1 139642 149920
1 122263 129102
1 68379 112909
1 183967 119842
1 72673 174153
1 183037 59387
1 41305 52030
1 49592 107663
1 168239 166992
1 134645 148668
1 103358 195404
1 62117 170389
1 18966 172685
1 161197 133549
1 73741 82801
1 40598 85091
1 122505 16955
1 186487 39599
1 179212 184330
1 78879 78764
1 178112 134714
1 71558 137190
1 92933 41944
1 170294 23973
1 81849 45516
1 54582 163194
1 168776 37314
1 174903 62089
1 21172 77849
1 28355 64855
1 154213 132240
1 148130 91158
1 134068 140269
1 85774 196975
1 192820 34928
1 184474 193488
1 117955 101879
1 15582 152949
1 83728 72819
1 140070 131003
1 134444 89739
1 137115 174050
1 159829 78158
1 8049 147682
1 84544 28447
1 92050 164210
1 82727 74971
1 23435 84885
1 16404 75343
1 12854 68710
1 70893 162648
1 131816 44069
1 156159 107802
1 113819 7873
1 155407 198373
1 14110 98344
1 95455 109988
1 50428 151629
1 48830 25928
1 175402 159993
1 40915 175029
1 25652 173078
1 26859 139499
1 68585 61239
1 73920 108407
1 106758 180203
1 121612 22682
1 120225 147395
1 192143 39418
1 38359 147746
1 162013 171720
1 133688 120133
1 145259 46961
1 153073 56851
1 143770 141193
1 148345 61926
1 115205 32052
1 76672 161626
1 144072 195159
1 96596 112149
1 174225 169918
1 66134 1559
1 197676 182031
1 100317 33860
1 138825 172911
1 189161 85231
1 51088 65842
1 168970 83561
1 115943 154697
1 175058 20939
1 175170 191847
1 108856 22848
1 92077 19636
1 61581 122006
1 97879 44790
1 29349 159622
1 82847 46013
1 169406 91457
1 108706 9933
1 104052 165566
1 153285 186257
1 159657 165441
1 106496 93821
1 7854 115373
1 146988 140484
1 158903 152013
1 148046 25148
1 22846 11680
1 89572 197134
1 142453 131299
1 165487 146786
1 115122 11875
1 142721 40202
1 127766 121986
1 147977 143598
1 30527 25865
1 184924 186039
1 16814 174831
1 134278 8320
1 149691 68521
1 122001 69114
1 55352 137139
1 109141 63006
1 101730 160541
1 17473 34456
1 124815 104281
1 164393 184562
1 48980 32259
1 149008 71998
1 47606 76082
1 55671 68424
1 2580 88254
1 8294 47036
1 199570 5650
1 162298 141395
1 167177 174516
1 62511 63235
1 88813 84050
1 153072 26855
1 73342 74640
1 184093 171244
1 176243 186127
1 141532 165950
1 180068 79167
1 53539 74546
1 169846 169192
1 108356 14901
1 88844 60789
1 19642 65653
1 88364 79938
1 197683 84238
1 58544 198119
1 131678 5239
1 67694 182533
1 172790 54189
1 60905 54416
1 186063 166689
1 9849 29278
1 195553 83102
1 144440 24239
1 109203 143357
1 51247 57724
1 107721 162828
1 164608 55941
1 24177 26875
1 12372 133270
1 162506 176521
1 63752 79065
1 89845 7278
1 95827 148322
1 181504 137738
1 198395 2934
1 151280 30414
1 152953 199133
1 9103 176938
1 189546 152810
1 56247 114486
1 142775 132808
1 13726 155428
1 89734 47878
1 172770 126886
1 99299 57894
1 187094 197212
1 19049 152739
1 11789 147520
1 68661 138369
1 14630 94997
1 148300 6745
1 168472 59533
1 28875 52709
1 199488 136954
1 102096 192776
1 87848 185143
1 22503 86241
1 79066 99607
1 185528 136914
1 43942 21262
1 176815 148619
1 91760 163103
1 184747 68444
1 44221 38342
1 179050 150843
1 25727 32422
1 127924 58130
1 119006 13429
1 144328 190733
1 92745 7718
1 197956 4194
1 123390 42135
1 120984 82018
1 198742 16892
1 101229 133438
1 70292 59660
1 114129 92125
1 91951 129834
1 130278 6621
1 163998 120598
1 122956 33512
1 85475 185621
1 193740 178297
1 54363 93598
1 50758 175918
1 131460 186054
1 143709 103824
1 74960 60974
1 194528 129504
1 31849 84715
1 79292 73061
1 33861 26038
1 76257 57267
1 68972 54997
1 55986 31742
1 52551 48521
1 105265 103583
1 103403 145594
1 142954 9061
1 97190 120800
1 91678 152096
1 118601 12274
1 108722 31593
1 54 87828
1 139993 87734
1 186476 30268
1 198335 12701
1 129041 67301
1 174776 91942
1 49151 14968
1 172200 193238
1 112785 150648
1 113779 39609
1 53999 121901
1 61927 7471
1 176280 14355
1 13928 32698
1 146159 199171
1 126045 108102
1 164106 162273
1 74010 37306
1 193847 176711
1 71821 194686
1 175247 143282
1 40108 175629
1 165439 131884
1 108254 26557
1 155155 69113
1 18857 76877
1 150854 101894
1 2844 83374
1 98376 175439
1 99837 4500
1 37903 36687
1 165749 148223
1 57633 16109
1 161914 112708
1 144609 51172
1 17406 196769
1 44823 182963
1 173334 26241
1 153156 51655
1 123565 83597
1 183654 103462
1 76906 85108
1 53577 175773
1 132127 186171
1 116303 138092
1 135027 185032
1 183873 118895
1 87314 98859
1 90198 165456
1 12627 41198
1 140866 26027
1 42474 12318
1 107459 142594
1 160527 133978
1 142888 103779
1 152430 41499
1 76514 160278
1 17232 95749
1 83407 46218
1 89545 130285
1 188549 81282
1 116196 127339
1 27996 54396
1 92172 151458
1 141183 153314
1 90684 179341
1 109555 105205
1 1897 10764
1 91880 14390
1 120110 87855
1 152000 148502
1 50167 25858
1 52638 5984
1 13810 10073
1 155761 197542
1 139699 94301
1 13569 168489
1 41575 158616
1 87864 62668
1 197371 112573
1 42228 8955
1 108621 91451
1 74508 126104
1 56467 154692
1 47585 96935
1 38666 175897
1 128551 54714
1 40994 151448
1 109491 52318
1 11496 34568
1 161671 9223
1 24116 130851
1 136155 136761
1 158227 549
1 149550 138425
1 73783 179604
1 189454 110900
1 11166 152144
1 192868 146093
1 69504 5853
1 27716 96492
1 79421 145135
1 20595 136677
1 73862 25205
1 71864 5287
1 47178 176489
1 7592 126278
1 184611 43798
1 176684 120459
1 9218 124330
1 175894 189210
1 193048 158654
1 186405 73571
1 12743 118052
1 136788 161805
1 65608 19824
1 31081 168799
1 189790 141898
1 77884 105009
1 36218 167282
1 105478 114067
1 77360 173012
1 122092 14844
1 25626 19023
1 172300 140789
1 68811 33472
1 169031 87110
1 48375 88212
1 186512 60001
1 117152 54798
1 67059 3406
1 181252 180565
1 149225 65367
1 89733 193537
1 91803 137973
1 78872 111911
1 107252 104762
1 138290 166114
1 156204 143231
1 99376 68453
1 73362 84241
1 44998 168447
1 128986 117591
1 75562 50093
1 104103 52807
1 42753 174182
1 132570 154250
1 138186 134819
1 6940 5868
1 80138 73133
1 77544 40137
1 113207 171755
1 54363 119220
1 131816 20523
1 59392 199401
1 573 17137
1 49303 191413
1 9227 172222
1 32295 14372
1 33290 57442
1 60484 38764
1 170242 91077
1 165857 97112
1 2867 147890
1 187737 58230
1 66437 16741
1 8314 32709
1 111151 62743
1 83 129241
1 102187 26951
1 54080 1617
1 16985 33034
1 143539 196603
1 186290 172118
1 127492 66949
1 52528 15115
1 91132 153703
1 18620 83523
1 171551 140111
1 83032 95515
1 50680 165646
1 5646 83586
1 111402 62273
1 198296 55362
1 10291 115201
1 57489 178572
1 185410 194446
1 90908 155401
1 83005 59577
1 166035 56990
1 177676 181586
1 60786 28735
1 95786 174098
1 53061 159543
1 70893 123593
1 15567 185846
1 165075 75210
1 199997 82204
1 46223 74773
1 4618 151685
1 198548 181124
1 49715 178581
1 142753 124154
1 172958 13573
1 9101 147017
1 11974 168431
1 108181 162403
1 38698 92758
1 174948 100740
1 177078 12730
1 14946 132061
1 199346 108250
1 142016 170755
1 15338 35338
1 88194 141785
1 176349 183095
1 185741 68219
1 38570 171256
1 38643 178092
1 62583 101783
1 167036 178946
1 6307 149344
1 6840 54288
1 116463 192234
1 179778 112340
1 54696 15203
1 52695 18275
1 101144 128288
1 135959 30033
1 116653 137509
1 17114 103653
1 103145 61809
1 115063 113532
1 183308 12622
1 137168 82108
1 32383 12631
1 163298 6780
1 147522 33162
1 87372 103217
1 44376 113808
1 57501 150940
1 81777 178379
1 34979 166771
1 165144 190815
1 65073 70541
1 92958 3268
1 89648 133713
1 29639 107146
1 40873 138272
1 3763 9774
1 167761 32258
1 4174 192924
1 129942 63631
1 41724 158661
1 148842 3551
1 129151 47587
1 62349 157555
1 14379 155209
1 71263 152357
1 94988 64880
1 105765 42957
1 50006 187712
1 82652 44661
1 164173 182812
1 75324 148544
1 184501 125168
1 142734 69654
1 178813 181823
1 93617 70803
1 37863 59880
1 125673 13232
1 142587 116536
1 233 157425
1 186541 193846
1 160546 169233
1 17419 142507
1 106957 175083
1 131115 14704
1 153845 11370
1 94932 53052
1 131591 169138
1 129836 153518
1 135390 98256
1 99426 55831
1 36683 44832
1 118877 141515
1 78498 57085
1 190756 178986
1 12106 92270
1 118350 78314
1 77637 89295
1 59757 2919
1 4606 79229
1 196919 63405
1 131987 191174
1 196853 131076
1 11620 160272
1 122479 156093
1 49050 121224
1 66903 66877
1 170874 123534
1 31988 101448
1 101868 59231
1 126610 45839
1 144135 111618
1 187752 27388
1 186656 146615
1 193226 61628
1 171666 81181
1 172560 185678
1 46671 133410
1 180550 60684
1 33960 117105
1 126806 44216
1 153881 182486
1 34866 39816
1 187289 75957
1 162630 67508
1 186208 152876
1 158109 58751
1 29945 153286
1 140626 166149
1 116298 58913
1 171962 132228
1 149217 56674
1 121488 154477
1 8193 21015
1 166369 29163
1 21421 41004
1 108408 127093
1 70132 47571
1 65293 15889
1 75262 103533
1 65897 106666
1 63382 97662
1 94237 109331
1 188600 91600
1 111332 48156
1 194332 164006
1 70997 57940
1 4674 24419
1 181581 196191
1 58497 107772
1 144732 109946
1 123147 46555
1 68591 155980
1 47235 158293
1 187390 158128
1 65090 145935
1 54455 54528
1 93797 41259
1 31530 70691
1 135579 63673
1 125750 135194
1 15469 131228
1 101939 31111
1 44942 50042
1 65313 4030
1 28838 65384
1 92049 162833
1 124697 191381
1 87058 89174
1 44445 190069
1 184031 7996
1 40508 140145
1 123335 100238
1 186854 67405
1 131868 130694
1 96826 22746
1 177888 87190
1 16470 185244
1 91692 184115
1 192733 159678
1 186147 82338
1 7304 64501
1 13719 89671
1 37488 36338
1 66617 31979
1 11547 53772
1 122503 73870
1 173509 183852
1 102897 11949
1 18736 180795
1 166603 83733
1 170222 60681
1 33274 27049
1 73902 69439
1 49689 123056
1 121606 155015
1 134379 69410
1 189248 114746
1 179590 18292
1 130920 125386
1 192380 83874
1 96788 45361
1 104845 81405
1 93236 185689
1 114636 187573
1 195036 68557
1 178832 182760
1 47567 142240
1 162588 128746
1 63502 193180
1 49360 163543
1 52833 119341
1 112337 57047
1 135846 138127
1 11253 191474
1 7384 72181
1 79348 96980
1 124448 148411
1 163467 84258
1 50722 74254
1 182898 9469
1 40193 187867
1 53761 109013
1 143732 34037
1 145566 144242
1 82318 115018
1 71658 147776
1 44488 17608
1 45485 20761
1 198545 102027
1 40830 79574
1 100248 20171
1 181367 22424
1 985 94980
1 114712 31572
1 143398 73573
1 9402 103070
1 184184 15164
1 81144 119
1 148726 133154
1 173785 1241
1 40389 34211
1 168320 88066
1 1680 145904
1 9943 148223
1 111065 101640
1 152952 153595
1 90369 188132
1 34590 99207
1 137621 77859
1 125004 181484
1 59097 99125
1 169468 27951
1 52376 17738
1 182155 145060
1 42092 127293
1 136163 86518
1 145803 179006
1 148968 139189
1 23636 9213
1 120615 183073
1 184472 154141
1 13371 79094
1 56555 84248
1 162690 198265
1 178732 6447
1 165759 150977
1 23315 112021
1 48529 176073
1 175482 36636
1 191444 31989
1 110767 46880
1 20373 135394
1 23034 131058
1 4988 173683
1 32425 30792
1 162229 172120
1 137252 66915
1 27103 141986
1 49261 135104
1 40057 195397
1 138487 32130
1 171017 104748
1 14507 159327
1 124367 3587
1 85110 151115
1 94569 32513
1 33815 194018
1 89800 69556
1 69799 144345
1 190867 156113
1 3562 46311
1 52761 3452
1 73557 43184
1 106749 186837
1 182176 173042
1 17629 145731
1 134222 160371
1 92995 120837
1 97081 63466
1 110607 25974
1 88995 145517
1 177124 92320
1 22971 4827
1 75602 23493
1 133037 2634
1 4 167018
1 56493 8115
1 134315 166692
1 164996 188189
1 74219 119207
1 167835 199687
1 39236 160973
1 128456 80154
1 91075 178339
1 189079 103438
1 26857 96250
1 85082 98907
1 110556 168428
1 169780 167459
1 25677 186861
1 111330 176029
1 162217 167892
1 8970 22085
1 22660 28777
1 47880 189250
1 98882 167217
1 7223 39576
1 59208 173048
1 82941 52559
1 37090 110687
1 100890 23779
1 90230 806
1 33394 1709
1 29417 137339
1 189337 101458
1 166416 189763
1 151070 97706
1 39321 126887
1 9306 190579
1 52986 150691
1 41851 189752
1 133723 17483
1 66892 102651
1 60799 93534
1 119687 173738
1 160505 191568
1 9629 41537
1 158028 138451
1 94724 141052
1 170467 71077
1 102403 163712
1 135154 89631
1 46394 97418
1 43372 146236
1 180469 126615
1 137127 164393
1 31538 46869
1 148684 84812
1 24817 36874
1 105603 150807
1 90555 88899
1 150302 18959
1 88054 18048
1 44997 194968
1 46184 118942
1 8866 126531
1 39497 111749
1 125837 198874
1 73742 88595
1 21370 61099
1 115442 157640
1 6369 71827
1 85127 73522
1 197486 31309
1 14718 13340
1 13483 140539
1 17588 78259
1 49899 45043
1 97917 23288
1 69047 40654
1 166645 169965
1 14462 178093
1 117316 12921
1 79800 83724
1 198193 124894
1 90843 177803
1 140778 127581
1 41922 135610
1 46930 68648
1 174298 151141
1 42892 58952
1 191375 42593
1 140552 140496
1 114038 32213
1 110603 94082
1 31036 134796
1 36227 131903
1 7055 111994
1 66443 126452
1 203 143564
1 179451 134787
1 108391 116213
1 182772 166192
1 49761 66358
1 183851 183693
1 126183 54509
1 10931 30120
1 86087 121377
1 106703 198451
1 47449 196877
1 130232 2484
1 13803 165291
1 180011 108078
1 65005 11202
1 45431 13583
1 172254 134579
1 13894 141979
1 72502 15296
1 130217 89752
1 178133 125662
1 120616 22203
1 168236 188861
1 189898 141011
1 121643 1108
1 168866 82293
1 72682 164850
1 98843 154343
1 82011 77442
1 150917 67088
1 25264 134495
1 171168 140960
1 21641 1304
1 179111 96572
1 15264 123333
1 173921 127469
1 161720 194315
1 116068 61833
1 5187 93164
1 144298 47585
1 22419 152530
1 57881 173484
1 46083 111325
1 19725 22772
1 33702 199850
1 27880 74623
1 93488 109030
1 70365 60609
1 170980 172372
1 128313 129728
1 106430 174043
1 181107 58439
1 38625 4436
1 9269 7951
1 140547 187538
1 152491 68202
1 97815 25202
1 146187 14322
1 162747 46629
1 102757 34097
1 71971 126075
1 117677 101906
1 56518 101554
1 186119 119560
1 181575 49023
1 34642 76669
1 177382 2907
1 196151 36158
1 73064 2002
1 29940 20900
1 10180 133000
1 29220 106502
1 130831 128525
1 160017 43101
1 20330 37219
1 37692 71160
1 6058 156108
1 153515 162273
1 105096 190425
1 122997 55887
1 117002 3888
1 177802 160077
1 72945 190045
1 13062 194986
1 179493 107164
1 44920 4706
1 77918 154918
1 147117 190861
1 146707 59450
1 179010 105287
1 72936 111790
1 69033 118687
1 175379 145078
1 42427 71684
1 51087 20851
1 170048 157356
1 124869 58623
1 123002 163015
1 138232 148984
1 92600 7907
1 110192 51083
1 174361 132576
1 46505 73219
1 91999 62039
1 12348 29586
1 164343 183431
1 197453 83167
1 92613 36800
1 36790 61648
1 152373 148051
1 130100 184345
1 98431 35321
1 68049 103558
1 136826 184706
1 30673 68229
1 20004 80321
1 190625 8631
1 116785 22710
1 145725 182776
1 34386 75132
1 62432 21805
1 134023 139828
1 103793 176653
1 185000 116082
1 24363 164211
1 61552 115302
1 177102 121891
1 89931 22541
1 196548 176090
1 1505 81112
1 128534 153947
1 160227 113245
1 12816 50743
1 169558 158652
1 57394 195292
1 180765 172565
1 106456 72098
1 4747 94952
1 148268 46737
1 180265 10509
1 88074 43894
1 133637 148693
1 150004 1768
1 45755 125567
1 97784 24854
1 145160 26976
1 145694 84243
1 199181 102925
1 52629 60324
1 66720 24011
1 15840 98120
1 198681 19064
1 98941 28617
1 133019 185658
1 87574 194051
1 132321 43816
1 4204 103346
1 133835 53368
1 45312 33537
1 40169 106089
1 53827 133711
1 181382 44466
1 22528 52420
1 47737 110826
1 22601 82517
1 79016 123705
1 81375 156052
1 173021 146046
1 6629 101755
1 36302 92290
1 120135 35514
1 108775 16989
1 103271 138175
1 178074 154727
1 142281 102149
1 10602 126946
1 67455 113568
1 83316 34214
1 72918 150599
1 128255 180429
1 184770 128867
1 91525 161375
1 55751 137623
1 156546 113152
1 174570 2512
1 161277 176600
1 175640 91535
1 171284 24707
1 16340 84276
1 15436 50939
1 36134 30733
1 98264 124802
1 90050 33439
1 134378 72404
1 70711 186356
1 89528 198860
1 97177 171301
1 163921 64917
1 119217 173034
1 43488 154452
1 77667 122591
1 145663 135764
1 49055 52313
1 21247 90098
1 10316 159146
1 20855 170634
1 178609 162800
1 182283 111713
1 183846 148580
1 186431 145940
1 196667 61090
1 197628 145217
1 148711 48948
1 132641 57396
1 89715 128612
1 186894 93012
1 172072 132481
1 182253 29774
1 40438 92401
1 85505 40066
1 138789 135352
1 182707 153454
1 147969 40647
1 17306 29143
1 64386 101193
1 95563 54078
1 62266 182505
1 173282 124226
1 180354 11048
1 104335 129426
1 27879 154526
1 151716 33751
1 35984 199118
1 39390 91935
1 193523 30894
1 113714 13644
1 193209 19575
1 65817 136701
1 54958 30698
1 4510 156925
1 61934 126307
1 163815 147179
1 84556 196899
1 124483 44201
1 158148 31000
1 24883 74121
1 161315 169263
1 35131 83764
1 82549 10589
1 168747 733
1 67696 23785
1 1129 112806
1 77727 65150
1 122945 41041
1 67984 110512
1 56047 191081
1 55938 22860
1 119339 33265
1 165833 75429
1 25206 92621
1 96196 172892
1 59941 52975
1 121985 144176
1 40107 149445
1 126382 14342
1 34027 198177
1 54275 101242
1 87550 70249
1 13294 23590
1 8642 125056
1 33408 180594
1 159652 133172
1 198038 108956
1 177774 77417
1 162185 56586
1 159508 84230
1 148825 33358
1 8507 20766
1 41816 55992
1 39115 139937
1 38675 97826
1 132791 25860
1 48326 79928
1 28938 2734
1 164864 45126
1 89268 3684
1 10900 2887
1 172949 132023
1 61762 75435
1 173257 159596
1 158372 10023
1 109300 18412
1 180765 197123
1 128016 107629
1 175423 97056
1 103796 104608
1 170108 146697
1 122983 182492
1 67792 100220
1 116837 25035
1 86508 76087
1 24561 63892
1 176869 69576
1 123419 56840
1 32414 67280
1 174036 136016
1 86963 42967
1 133168 1367
1 38375 18966
1 138938 64884
1 130000 174528
1 51710 90330
1 138689 83986
1 69586 127555
1 90552 56989
1 71014 37017
1 103434 56337
1 111311 60455
1 73611 174540
1 117262 32321
1 17410 8483
1 173542 125295
1 138828 175408
1 127261 96479
1 87247 40157
1 18450 85066
1 133282 57839
1 66688 166183
1 79354 40982
1 62353 91663
1 49368 112180
1 116774 159025
1 5682 183467
1 190502 139639
1 95327 156332
1 122565 47160
1 80326 174461
1 147799 30559
1 135560 38026
1 51541 64220
1 191277 192304
1 94191 93257
1 63117 55366
1 66834 158367
1 48320 175340
1 132859 106586
1 140807 158232
1 47805 47722
1 197244 56478
1 155855 64091
1 169335 22847
1 4633 28871
1 71618 148726
1 124928 116090
1 20032 108479
1 123504 43494
1 70169 41448
1 123689 53832
1 168233 122204
1 98701 29274
1 196905 137773
1 19369 111547
1 85597 76706
1 5442 39515
1 103360 117569
1 123553 139243
1 99949 159966
1 34658 81220
1 152783 78501
1 105849 101655
1 131722 4452
1 169157 192085
1 94699 69021
1 148186 127327
1 91662 121098
1 4105 133680
1 47566 137968
1 183602 171786
1 197682 195817
1 12813 29214
1 131734 104237
1 127029 180415
1 193495 80673
1 131895 60233
1 34755 192931
1 198425 135182
1 50560 140948
1 177965 14273
1 53563 14438
1 182168 186214
1 158100 20775
1 39325 39354
1 35848 17806
1 185711 190814
1 154271 162950
1 97271 87050
1 162454 16889
1 49123 144687
1 62479 64607
1 16368 132589
1 165944 118087
1 100921 175543
1 86905 156836
1 45439 123587
1 185953 172507
1 31995 79285
1 5139 119244
1 57506 143054
1 34989 69279
1 82936 185041
1 116666 72273
1 109464 52151
1 135256 94654
1 71490 79764
1 154156 112177
1 146534 126728
1 138052 18090
1 21744 100970
1 136268 22447
1 106324 150705
1 185014 71382
1 116188 44325
1 80547 47185
1 35183 34565
1 177367 33914
1 24548 143354
1 15836 162721
1 94215 84797
1 132085 76116
1 26091 64004
1 99845 25582
1 38321 148146
1 74625 168419
1 113751 12607
1 192467 104907
1 160708 157604
1 71120 20076
1 152786 187980
1 79581 126413
1 27549 2616
1 134684 64504
1 50764 193905
1 158365 164239
1 118173 51060
1 91971 133266
1 170165 91032
1 120820 110063
1 68968 173059
1 163461 173451
1 132549 73934
1 31973 197904
1 146662 91957
1 177097 18552
1 187702 85315
1 81111 79128
1 137988 115453
1 57430 66672
1 25927 48846
1 87830 181362
1 30898 173812
1 78428 92817
1 114489 50857
1 123472 195851
1 189668 147859
1 75946 90106
1 79251 141551
1 71194 27479
1 90131 124283
1 56759 720
1 61216 117091
1 197866 85772
1 47163 113454
1 176860 190203
1 180078 140970
1 120605 156579
1 34332 58261
1 179798 128296
1 73231 118861
1 33585 120219
1 30332 62522
1 124167 121415
1 198681 153338
1 88586 91640
1 117986 171149
1 38260 119372
1 1127 64002
1 32815 105406
1 111770 195298
1 177350 84784
1 187544 90075
1 92364 46841
1 195574 61551
1 56587 188272
1 84110 26013
1 116399 18871
1 176521 110992
1 31028 23051
1 176750 143367
1 157261 166986
1 96556 61957
1 110614 71045
1 161380 46522
1 28925 182921
1 72571 138864
1 57452 106216
1 199710 76538
1 71033 23757
1 88982 28954
1 79057 159040
1 102734 127090
1 137122 29046
1 63074 145517
1 23433 179933
1 139563 31215
1 15803 99558
1 170888 184442
1 138935 170771
1 32174 198689
1 41323 8131
1 182515 82610
1 62566 103099
1 19928 27104
1 86270 20727
1 91989 128558
1 9346 7729
1 55080 52963
1 68322 109553
1 30624 52714
1 8030 149462
1 112039 34376
1 159980 75939
1 65999 141764
1 92462 158797
1 104222 28881
1 90131 54916
1 164253 52607
1 95372 132480
1 107229 179427
1 64561 140238
1 87946 13060
1 109557 10842
1 126964 8967
1 80456 38847
1 84059 129501
1 35595 40077
1 192059 124139
1 23096 95066
1 82072 189114
1 164242 844
1 193548 142497
1 106764 159973
1 28302 25327
1 161782 59536
1 42821 61532
1 95980 153130
1 26062 41074
1 72066 182932
1 128841 144568
1 116714 165177
1 41130 161056
1 109992 30363
1 30782 184305
1 48568 418
1 45564 23670
1 162173 99943
1 8911 78504
1 179693 59838
1 181537 87706
1 180860 171458
1 19881 51748
1 169286 145701
1 24312 84946
1 70912 78007
1 158272 100941
1 107361 177910
1 175782 145929
1 17933 85655
1 45193 20912
1 187202 128212
1 105491 104335
1 48262 130551
1 9407 137920
1 91920 128998
1 121452 7960
1 130422 169007
1 180833 85074
1 162327 118356
1 120929 168762
1 31241 45146
1 146224 71070
1 189894 43983
1 36710 31282
1 116306 148826
1 115380 101698
1 57967 117704
1 45748 138461
1 151301 2388
1 5494 90048
1 152780 66037
1 28487 137345
1 11452 102446
1 198340 153661
1 97783 47954
1 119136 87364
1 111860 148566
1 146034 187395
1 16751 63004
1 60099 178673
1 179855 168316
1 118614 70910
1 73176 7637
1 53560 56761
1 42898 76565
1 163017 174848
1 7929 129093
1 90059 145197
1 163878 78360
1 76907 165631
1 84798 187893
1 64782 169415
1 121369 154498
1 38366 137748
1 113078 193972
1 173588 195360
1 182813 1812
1 166535 190460
1 131155 99284
1 168822 91129
1 135685 188818
1 33107 44440
1 65711 188523
1 133840 24948
1 122125 44356
1 52334 154735
1 164164 62549
1 172227 57882
1 29841 138871
1 129803 107497
1 135025 29935
1 142322 60758
1 189010 99899
1 103073 153043
1 109370 68828
1 115655 140406
1 139382 33316
1 10601 175840
1 127238 132290
1 187245 7343
1 9415 9419
1 143460 193509
1 96289 170699
1 109206 36311
1 20850 165261
1 118353 28378
1 44922 92262
1 18293 17323
1 156167 64264
1 35193 72989
1 193508 154630
1 86082 156168
1 164798 197219
1 103910 90672
1 128918 47328
1 90747 109876
1 89198 31429
1 145253 40249
1 26797 199919
1 57375 146261
1 141333 125338
1 49354 171199
1 72743 133937
1 89204 162422
1 81365 194516
1 148970 164977
1 192104 175849
1 179136 182728
1 58419 179302
1 190944 147617
1 167096 123613
1 172241 121564
1 90840 111177
1 4298 185538
1 131072 183448
1 90616 54636
1 77458 68345
1 86667 134192
1 150226 184359
1 84935 85393
1 159123 181047
1 42954 8999
1 128288 67806
1 13593 157260
1 57518 73670
1 50543 134665
1 94722 91666
1 196360 152704
1 158111 146224
1 65259 134107
1 91379 89951
1 132406 188788
1 87426 1408
1 160495 181702
1 26386 26657
1 61768 86995
1 188056 39624
1 19441 185943
1 161891 137661
1 107492 123886
1 43784 163226
1 152556 196673
1 158925 143575
1 168056 49974
1 198170 152081
1 5407 61081
1 122716 86555
1 92980 8645
1 56187 79752
1 152780 85527
1 180607 13431
1 101260 157140
1 42558 35679
1 165304 4377
1 148809 119261
1 166265 22212
1 108311 41979
1 35695 62178
1 102642 20803
1 56120 142744
1 30624 58373
1 144703 24533
1 31829 35557
1 161352 148279
1 113303 11496
1 195706 56252
1 108849 19584
1 160110 9709
1 172956 46933
1 193719 72262
1 132778 80854
1 67122 176680
1 47669 134977
1 102287 80130
1 113223 165807
1 32224 167549
1 193867 41891
1 168290 45671
1 58740 163796
1 96202 191906
1 95596 177081
1 153746 176910
1 132160 79124
1 145603 17332
1 162570 136130
1 117765 130868
1 43422 114945
1 165284 194481
1 84024 40451
1 78117 31547
1 190502 20978
1 65418 51900
1 85106 103044
1 115873 119207
1 36947 74433
1 56339 125534
1 185620 141138
1 70956 78947
1 48452 69068
1 121958 119426
1 180959 69117
1 55291 72636
1 178109 182518
1 141482 24246
1 28538 64154
1 160776 66595
1 98469 20709
1 176587 29487
1 159725 56192
1 128660 32366
1 95240 33284
1 198267 39684
1 111142 105868
1 167775 178773
1 106581 99456
1 123821 43183
1 136757 134303
1 168112 154487
1 83295 126157
1 174682 103313
1 72146 72285
1 106321 37332
1 190878 117152
1 194494 168493
1 87444 132462
1 35218 11858
1 172589 183540
1 55641 164650
1 50169 91839
1 108995 42811
1 8011 25095
1 44464 16724
1 165475 110911
1 15037 112251
1 57500 40220
1 101452 63449
1 117080 183652
1 60312 93541
1 176232 171514
1 163640 101070
1 163455 136422
1 41075 175469
1 5785 111081
1 136902 91818
1 140647 24130
1 144242 78700
1 511 63098
1 167241 109959
1 156930 197558
1 114489 32418
1 90573 93438
1 22489 171814
1 72803 178761
1 103988 36781
1 159707 135947
1 132756 172778
1 171398 23362
1 153361 165141
1 101220 53629
1 108185 119962
1 139335 117613
1 103937 96450
1 183367 42864
1 49421 189346
1 89896 146140
1 192445 48962
1 199688 142217
1 128473 170896
1 111309 166114
1 109437 182150
1 169998 178284
1 199208 158745
1 104001 71767
1 59713 139492
1 8421 29509
1 165867 96660
1 158897 80409
1 102603 156180
1 35132 61314
1 133463 11707
1 177070 199368
1 7008 34741
1 151911 171221
1 52515 127983
1 131565 54407
1 169805 31367
1 134427 34229
1 101964 167475
1 185673 91008
1 40734 118128
1 37942 194588
1 126163 22510
1 91837 176926
1 45414 164858
1 179831 139592
1 186620 94124
1 59180 171218
1 179900 54481
1 157952 88188
1 173072 41371
1 67419 112977
1 141945 126536
1 148185 115261
1 27930 122896
1 91444 163155
1 90365 86739
1 168942 186264
1 101674 148738
1 94275 99859
1 31914 26764
1 9742 85721
1 118423 197195
1 51258 174676
1 109862 173552
1 31149 32211
1 169207 182829
1 163119 71640
1 22684 170081
1 56288 6557
1 55079 141064
1 149595 157800
1 187385 195748
1 74469 81681
1 198216 92839
1 18907 65681
1 52976 40034
1 113627 111693
1 132798 19122
1 186033 123043
1 68408 52521
1 120068 134388
1 178097 50299
1 154306 14771
1 165323 37418
1 124809 71277
1 149645 82100
1 56855 182936
1 58600 83643
1 137972 168864
1 25476 185204
1 48157 93168
1 142928 43220
1 178868 7742
1 44425 41784
1 6823 174938
1 18122 67476
1 7519 2487
1 97877 184990
1 166826 145979
1 108961 49019
1 198314 176260
1 102372 14698
1 17150 66811
1 150050 110512
1 41137 89181
1 168759 136067
1 70050 90823
1 70305 88634
1 16627 120193
1 123281 175093
1 28470 58894
1 69811 27081
1 114324 58356
1 155132 134255
1 2176 87687
1 51444 159405
1 39580 116346
1 37508 190276
1 167658 22184
1 46400 139483
1 83637 102751
1 22712 108843
1 198080 26094
1 79996 23149
1 139951 179121
1 156206 111425
1 12212 74778
1 36940 41248
1 1085 68802
1 127742 177732
1 178204 198192
1 78620 82838
1 190903 141352
1 183555 73048
1 5297 42360
1 158490 41620
1 101080 165055
1 146912 129476
1 108752 157310
1 100088 91843
1 57728 190243
1 34935 48628
1 53627 89684
1 56621 186609
1 42801 122105
1 69810 55799
1 32407 25677
1 55218 193231
1 44308 99878
1 121340 169664
1 15661 55170
1 58503 10355
1 16115 93780
1 29510 157414
1 171819 33999
1 41326 96149
1 29310 94834
1 198725 171878
1 194658 37908
1 41389 7316
1 139784 72946
1 93424 114398
1 60615 82551
1 121486 46577
1 169993 139595
1 115333 153682
1 170229 18207
1 36960 42448
1 97052 136311
1 89923 64937
1 106535 151416
1 152757 78076
1 156737 36340
1 30575 162735
1 60289 73972
1 21732 184097
1 110554 150149
1 63314 5267
1 27590 31429
1 42247 89874
1 92144 98672
1 102839 36584
1 33441 82406
1 95997 92035
1 122989 22335
1 51055 7269
1 123998 146450
1 57702 70286
1 199649 151361
1 188878 165479
1 75823 171145
1 46828 35249
1 76991 841
1 5229 133612
1 83690 178768
1 90806 40972
1 16671 43116
1 126569 148120
1 30088 183472
1 75636 88356
1 138108 146565
1 116513 18611
1 100775 12724
1 54809 135909
1 65782 104627
1 85498 91686
1 140166 184941
1 138202 37274
1 159759 58583
1 172764 29187
1 123725 132848
1 6450 190837
1 14832 42072
1 129395 6460
1 31620 199381
1 153952 76
1 49507 50209
1 32497 165865
1 48473 183
1 61605 171223
1 83480 193055
1 143882 147077
1 72925 89848
1 133512 147829
1 198754 24582
1 146805 146287
1 17542 152636
1 90196 85415
1 76729 181387
1 141295 83179
1 131692 18860
1 176983 132881
1 121209 20650
1 174136 21664
1 40846 108595
1 24099 3198
1 38687 193695
1 188310 20570
1 51724 162178
1 26446 149019
1 45072 70447
1 149392 25928
1 76717 47757
1 7796 188536
1 28116 197086
1 15603 31165
1 41816 72781
1 87922 21517
1 198869 62072
1 11214 129521
1 88669 118399
1 66410 19953
1 30051 194123
1 124535 43135
1 149419 48226
1 179076 173922
1 180594 130217
1 165062 11686
1 53274 75706
1 142697 16450
1 174680 164137
1 74647 143306
1 125344 94673
1 119304 33878
1 82833 5093
1 158090 44786
1 49246 125171
1 40659 94664
1 134205 111163
1 106309 153994
1 192339 3696
1 109377 149540
1 74718 104077
1 125359 10529
1 188132 192732
1 196875 178012
1 165021 8195
1 78068 89386
1 170461 170768
1 55153 81286
1 1220 102854
1 110725 44093
1 35689 117416
1 176629 95259
1 1539 126278
1 50839 41109
1 108250 19589
1 178077 88695
1 48878 96755
1 182498 116945
1 134693 51019
1 154932 126750
1 185147 100229
1 163617 189429
1 102309 106722
1 195463 195444
1 161478 188598
1 76247 198696
1 171606 53494
1 9769 25537
1 91535 75076
1 33670 26934
1 162585 197945
1 131121 46965
1 19960 79090
1 50359 62030
1 142708 96670
1 136633 60896
1 140746 91846
1 101048 86851
1 23313 71581
1 178720 175863
1 4399 154123
1 73559 93069
1 41021 56180
1 48839 198676
1 23543 124174
1 33833 20807
1 144744 115619
1 138709 133301
1 45270 149155
1 60168 177648
1 130922 101485
1 167733 123258
1 102050 43743
1 1998 83501
1 41978 71260
1 34196 55209
1 114455 69085
1 132701 176963
1 155702 52219
1 69734 18411
1 149717 193660
1 67865 98079
1 13344 137116
1 112800 168655
1 167774 861
1 85547 186896
1 61213 150353
1 154045 63940
1 136859 16615
1 1213 111241
1 193398 107381
1 44604 60001
1 198806 98565
1 174722 86690
1 177305 162851
1 81822 59039
1 41087 187173
1 57646 68822
1 144663 84667
1 154603 149915
1 33962 87929
1 147512 102852
1 3558 4066
1 110764 70038
1 128205 28855
1 42141 124208
1 190239 37889
1 146480 161335
1 83844 49499
1 162718 13890
1 132350 11907
1 12169 110726
1 182799 19362
1 29247 3459
1 23399 81369
1 151309 20785
1 149009 49422
1 6024 63973
1 185309 51703
1 75800 17928
1 133008 61287
1 1158 162747
1 129099 178199
1 89159 192771
1 92154 184950
1 125960 40122
1 84990 165171
1 1212 154809
1 113628 94986
1 60581 3200
1 112038 133389
1 25247 75241
1 189290 24245
1 178354 88396
1 158171 84457
1 21465 166195
1 194301 191950
1 7119 13440
1 187092 116559
1 161497 127965
1 48910 136687
1 1561 138596
1 193007 170380
1 75666 123728
1 43902 39478
1 68343 45540
1 16046 28016
1 72569 2139
1 72207 142662
1 71440 129743
1 58870 77328
1 158856 149101
1 177258 117636
1 65872 56345
1 117840 89091
1 147328 111517
1 74521 39965
1 152425 107095
1 59818 31078
1 148385 70308
1 48844 65853
1 145613 89287
1 34838 186202
1 85554 100767
1 96983 108504
1 34039 187144
1 101383 128322
1 160829 190287
1 183408 76963
1 165538 35740
1 148889 102857
1 181201 161627
1 9396 196313
1 23310 34092
1 69640 186392
1 184129 64203
1 15584 153912
1 132417 42050
1 173813 68258
1 174050 82701
1 18202 153667
1 577 171598
1 18983 140378
1 19983 114482
1 193128 42368
1 30237 146211
1 168838 137529
1 38695 127151
1 90741 108666
1 84003 103545
1 139680 46267
1 191883 18527
1 162577 109695
1 134377 190955
1 95461 1313
1 44322 116477
1 61552 30368
1 56134 120888
1 186605 173230
1 60631 19948
1 51944 138102
1 89176 169285
1 43311 32108
1 168216 186354
1 165046 97753
1 185022 138007
1 165513 9510
1 180631 82550
1 68024 873
1 164573 147291
1 193917 149678
1 91338 177096
1 84273 38855
1 7837 2592
1 158832 157463
1 158508 88663
1 89482 66587
1 102316 58329
1 21996 153465
1 44540 95738
1 35405 164750
1 98424 5790
1 71197 189874
1 179516 16746
1 123883 82830
1 156918 185578
1 177941 136162
1 129969 146436
1 103285 63503
1 116511 196445
1 67018 81196
1 19431 97418
1 192613 185927
1 186096 69049
1 54101 4025
1 196140 169056
1 30740 18416
1 80744 191335
1 75251 134007
1 96082 39057
1 117571 73480
1 113100 45105
1 90053 42900
1 41520 60682
1 63125 9297
1 89252 145351
1 12946 58182
1 198944 172956
1 58832 174291
1 75645 176060
1 164226 90436
1 160320 81021
1 138402 143511
1 199271 3016
1 96674 138764
1 114163 71045
1 144920 33644
1 502 199110
1 62437 175837
1 193758 160819
1 13159 197285
1 40131 95350
1 131232 148348
1 82030 56551
1 5029 67863
1 199978 115450
1 199627 89073
1 11599 176871
1 35791 45853
1 96012 46427
1 114756 52041
1 73716 126365
1 38914 75797
1 64140 22275
1 131469 182804
1 171156 141589
1 77508 73506
1 189140 146626
1 40012 17767
1 176617 166978
1 124731 107050
1 49232 139019
1 147336 58521
1 49010 96760
1 34866 94743
1 141040 35254
1 147632 63367
1 155120 130481
1 134042 103321
2 98198
3
