200000
1 116877 112963
2 28399
1 75082 54689
1 99872 186683
1 197051 118381
2 16712
1 11074 63414
1 12415 71107
1 54280 7538
1 186398 167859
2 114241
1 91795 25057
1 8476 135097
1 162505 88977
1 173934 37196
1 22988 85
1 166792 71373
1 28147 58107
2 58098
1 145682 89566
1 142703 142959
1 174180 110690
1 64893 109893
1 85405 164728
1 124633 44104
1 19525 83302
1 58725 191723
1 77189 104365
1 156323 58505
1 190193 11764
1 33118 87216
1 15641 33204
1 59737 131247
1 31565 142246
1 169336 15586
1 30191 78506
1 148653 104571
1 92477 126777
1 127206 75411
1 73183 78093
1 151285 33073
1 27949 100623
1 22912 120473
1 147332 114497
1 73386 17497
1 10507 23917
1 109441 180560
1 159361 133837
1 110633 174463
2 189385
1 107069 19145
1 163261 133816
1 113471 98164
1 53439 174494
1 144890 100634
1 29453 66195
1 97761 25712
1 13795 189763
2 52287
1 23511 67984
1 104233 32644
2 59683
1 188088 94860
1 138204 21541
1 25831 84911
1 42756 189456
2 82623
1 48885 53255
1 106137 142726
1 80363 188827
1 156414 15710
1 164795 12849
1 198414 167889
1 16745 27104
1 21445 50463
1 103346 151762
2 10260
2 95355
1 157806 79936
1 81361 37865
1 47237 3592
1 73828 47090
1 104192 162041
2 145414
1 142984 102858
1 156731 131760
1 21549 97914
1 94631 73941
1 78876 73667
1 58091 142643
1 82092 76959
1 197894 176280
1 66187 108985
1 92490 175736
1 61518 3866
1 108494 173934
1 32825 123414
1 9688 63504
1 147979 10935
1 102789 37559
1 14222 100266
1 74555 112015
1 57757 95144
1 21585 11293
1 181494 296
1 1341 146062
1 176130 75459
1 53309 61959
1 26595 141992
1 80010 183850
1 115965 99713
1 45946 53989
1 85896 90021
1 140916 135106
1 133909 61888
1 102426 196970
1 56926 129919
1 180529 117179
1 66770 106687
1 149844 75787
1 187297 198584
1 97242 11645
1 10885 143462
1 106116 162499
1 10513 18617
2 176044
1 128357 116606
1 24886 84650
1 90853 31924
1 8882 63752
1 100082 193046
1 7736 163881
1 88464 118545
1 110736 199669
1 139758 182629
1 49049 56584
1 91726 160052
1 80727 113627
1 120440 50315
1 181309 52722
1 38304 8238
1 109692 55560
1 64020 9449
1 164685 107960
1 196906 532
1 181371 191533
1 79593 5222
1 168884 50444
1 148535 184894
1 96912 81567
1 168643 189805
1 133731 38469
1 166836 66696
1 145920 39128
1 167569 59308
1 107918 74079
2 115825
1 60125 97551
1 147444 37158
1 151121 101998
2 84131
1 21121 140350
1 179577 159471
1 195679 137910
1 190041 143419
1 194750 78700
1 164871 194936
1 137795 77860
1 198371 100725
1 86068 38747
1 141290 32231
2 190081
1 125051 147428
1 173883 199316
1 195674 74062
1 33843 58139
1 94194 5194
1 45615 28627
1 121078 199494
1 194939 10326
1 36852 178154
1 91713 198056
1 176428 78982
1 133619 95358
1 103505 192762
1 30781 78929
2 172510
1 172048 172394
1 134205 18013
1 70940 44949
1 87846 85748
1 137653 94995
1 196054 100465
2 146466
1 177057 161517
2 176298
1 198086 196646
1 49385 130005
1 44244 29845
1 38903 61362
1 194174 100599
1 57574 154210
1 69648 44982
1 114564 138921
1 65242 4326
1 127564 131537
1 197911 175124
1 18358 105565
1 148126 89235
1 102595 37616
1 34061 10627
1 11463 11071
1 178545 148068
1 135223 149748
1 13882 37916
1 134325 35876
1 91679 73542
1 150618 84404
1 91598 181692
2 172995
1 161624 178519
1 35085 38047
1 68682 180825
1 74771 167607
1 177721 129260
1 17930 109054
1 164433 129552
1 177240 198300
1 56760 66006
1 104982 122293
1 43032 116109
1 162624 59071
1 120170 184432
1 47585 83012
1 90886 80590
1 31679 135924
1 68969 126585
1 7491 160622
1 171014 90355
1 61675 90000
1 121487 53526
1 99699 97277
1 27781 171522
1 89920 83054
1 8318 129612
1 110991 60796
1 81591 141156
1 129758 13997
1 58906 194568
2 68313
1 6834 152401
1 174409 27911
1 29622 10508
1 70903 162166
1 35866 83406
1 130865 158372
1 189894 189758
2 195198
1 133014 192036
1 73978 75927
1 70614 15053
1 110187 86319
1 107108 117107
1 81432 34946
1 86678 127504
1 95423 50915
1 133212 105294
2 16756
1 2835 4042
1 154329 17805
2 103423
1 28577 105661
1 114146 74518
1 64787 66206
1 161109 165976
1 123130 5217
1 30907 94189
2 4626
1 116043 27164
1 31876 88206
1 198975 70116
1 71699 154442
2 75948
2 196640
1 97716 20094
1 148857 63482
1 24374 148457
1 180120 13622
1 131366 179689
1 157083 123929
1 184369 124103
1 129710 168964
2 113093
1 23388 19885
2 35463
1 110569 50947
1 87831 24244
1 181901 199026
1 182885 18555
1 50470 69929
1 43871 102894
1 139088 190594
1 142547 8006
1 192339 26901
1 120692 149674
1 100906 112108
1 8134 49983
1 23184 71465
2 185805
1 95581 85642
1 48131 91511
1 111660 97146
1 119429 187400
1 124381 63587
2 191223
1 97191 22162
1 37965 150434
1 93201 96058
1 39796 146315
1 38871 133510
1 112344 40838
1 80849 50959
1 185062 74878
1 94773 36421
1 1858 8899
1 131748 108955
1 196854 59989
1 155054 195953
1 288 168880
1 118631 193282
1 42077 4377
1 79662 47246
1 130736 170983
1 37243 127115
1 177848 63765
1 186537 185416
1 139153 8583
1 172035 78497
1 6344 178906
1 31060 149034
2 43077
1 166290 141482
1 68674 115572
1 152861 96426
1 54063 107509
1 3681 88857
1 190290 82884
1 43881 126889
1 174466 156651
1 111022 73987
1 150355 103846
1 169155 132820
1 46498 9559
1 140544 87579
1 416 153259
1 82225 9265
1 70110 198476
1 20223 184154
1 17624 139976
1 165406 17931
1 43524 127682
1 55545 132156
1 79004 85016
1 107226 153392
1 81258 173076
1 157086 20354
1 76051 137622
1 24217 15729
1 173479 29185
1 123462 111919
1 11368 152869
1 144625 148967
1 142617 46702
1 38440 76429
1 9865 68747
1 187039 43754
1 36895 133088
1 20386 75047
1 67752 173359
1 40321 44570
1 181534 18692
1 193398 21327
1 191099 97761
1 155418 123928
1 4478 173033
1 81609 58520
1 84029 31888
2 27667
1 159972 66413
1 131554 187813
1 8418 90413
1 126429 144822
1 165589 115225
1 153707 195126
1 126721 5261
1 162200 68596
1 191150 111351
1 6405 38670
1 76440 155170
1 190514 167006
1 98968 72448
1 4813 81699
1 35027 37816
1 35835 82350
1 154465 193905
1 168677 40270
1 196801 189533
1 35783 74877
1 176891 34377
1 19573 64780
1 30229 178723
1 87087 148172
1 150201 123661
1 111654 48062
1 45350 10785
1 197007 30590
1 22935 31813
1 111719 19371
1 191729 49777
1 65607 29337
1 142513 163262
1 110762 150011
1 37204 42865
2 156221
1 128360 177992
1 11345 20774
1 153997 53779
1 23806 109591
1 101853 121282
1 35183 56341
1 148606 57685
2 34252
1 26640 55158
1 198756 79935
1 161337 174269
1 34687 5344
1 8558 1096
1 136747 199395
1 27396 138898
1 76160 123584
1 153400 76078
2 104429
1 138263 114717
1 184981 32453
1 118187 183051
1 26146 80845
1 1129 38086
1 94206 120773
1 178730 32941
1 65896 29365
1 160399 199845
2 8458
1 32571 10772
1 667 172581
1 184948 155545
1 76538 166138
1 9809 195630
1 172712 184763
1 184447 140703
1 110088 122162
1 194282 152321
1 139722 147823
1 151015 190267
1 96179 167991
1 19427 5400
1 132529 103978
1 5388 48972
1 51679 91574
1 119422 35460
1 53014 88442
1 111664 148851
2 131828
1 70385 115808
1 32782 8369
1 77579 173372
2 28247
1 5185 31950
1 199153 114431
1 106050 58465
1 172131 199887
1 177689 70376
1 114407 56745
1 87753 89680
1 127236 170423
1 54784 46874
1 108763 133331
1 145538 193511
1 18414 78008
2 14613
1 107076 100018
1 27039 57518
2 74929
1 59103 181479
2 55236
2 180948
1 63748 156532
1 4348 43832
1 167587 123644
2 40291
1 2872 52371
1 149322 9677
1 36685 149268
1 191471 183644
2 40188
1 53395 112518
1 52771 139105
1 89626 179824
2 178319
2 167498
1 55588 11768
1 39802 64310
1 152828 81086
1 13799 38635
1 119622 88580
1 151000 15493
1 90569 68189
1 177905 18534
2 160085
1 198537 93025
1 132562 56272
1 152156 76486
2 158727
1 71831 158122
1 44035 87972
2 116080
1 163186 118731
1 156594 79848
1 130750 114023
1 32206 8562
1 109411 94541
1 69091 9132
1 116176 195021
2 171341
1 192583 167726
1 445 139724
1 181444 175755
1 17417 79064
2 166263
1 191660 21556
1 178415 134234
2 27959
2 156542
1 116278 65425
1 10536 79094
1 50674 104452
1 138335 166993
1 149149 119300
1 135532 66365
1 96057 36321
1 115101 189160
1 102728 2694
1 192060 79237
1 143771 79075
1 66432 62493
1 84312 169118
1 114676 41817
1 39627 99893
1 67431 181198
1 172336 135735
1 40341 46922
2 197888
1 51721 127894
1 51022 190522
1 53092 13446
1 129337 162100
1 187250 144628
1 167514 88418
1 180745 97359
1 17645 170597
1 118260 22093
1 70361 116183
1 143093 115102
1 142049 29270
1 152664 72336
2 3919
1 125692 94080
2 50115
1 47117 57143
1 110544 162380
1 166274 40468
1 17974 153607
2 14805
1 130046 77637
1 36205 151148
1 110771 194702
1 78913 92923
1 147939 164490
1 171412 186894
1 181476 149833
1 195115 41939
1 199221 181342
1 160560 35947
1 82439 79817
1 83810 38194
1 84750 149542
1 150971 197453
1 172873 54804
1 125218 97203
1 68496 134887
1 178962 123711
1 172766 113873
1 62731 78133
1 32031 4942
1 113399 112146
1 14523 11855
1 198559 126425
1 42083 4906
1 106511 12187
1 176348 117056
1 133511 102727
1 49097 103342
1 10660 183794
1 48125 120759
1 41229 1767
1 192577 55986
1 159074 83186
1 34787 31280
1 92577 174186
1 145792 30833
1 49947 129790
1 199378 178119
1 2007 186369
1 32701 54922
1 148932 49144
1 163094 107646
1 132133 197539
1 107317 51649
1 30776 105481
1 191357 1337
1 22503 184521
1 116393 188350
1 51187 75422
1 47833 17155
2 85661
2 86552
1 24778 48857
1 131944 122891
1 88713 113368
1 84578 136158
1 166487 58428
1 68633 5544
1 195164 7244
1 146974 110357
1 160632 119605
1 33899 125586
1 15217 22162
1 99824 89213
2 184674
1 50718 33755
1 136793 181859
2 151382
1 154748 99534
1 134727 28226
1 83197 93534
1 158965 815
1 160540 184911
2 6425
1 147095 165681
1 174962 132911
1 175569 37130
1 79977 129907
1 119728 101846
1 117751 28340
1 112373 194582
1 145080 121179
1 133504 44353
1 179622 86459
1 74527 144439
1 123651 145499
1 35607 138089
1 83915 33282
2 20722
1 110008 109977
2 6809
1 11433 156759
1 132744 110214
1 35264 152908
1 32739 30126
1 136576 161073
1 151634 13120
1 61575 26327
1 5267 49827
1 119826 92757
1 67561 61086
2 188128
1 122770 18413
1 4109 57958
1 22715 184088
1 45584 89716
1 147262 152975
1 54344 60903
2 20967
1 166520 93118
1 14890 174301
1 47779 57345
1 180559 185806
1 43655 135863
1 142601 106200
1 155757 91748
1 23041 163257
2 123486
1 160975 184143
1 98964 34965
1 129355 187653
1 157070 17443
1 167422 9666
1 130711 50018
1 109253 123638
1 95486 8796
1 69652 161200
1 93367 94843
2 173025
1 37134 68453
1 61988 26961
1 164177 138025
1 23443 49571
1 126648 47595
1 171596 44508
1 11534 105896
1 10987 114866
2 27314
1 62821 19313
2 100819
2 126387
1 37260 10650
2 62812
1 70600 126697
2 81336
1 40459 89232
1 19018 111917
1 132169 144993
1 135259 151953
1 45816 94982
2 170261
1 112124 175792
1 104578 149919
1 111210 165570
1 119685 183794
1 137768 82237
1 103395 155911
1 99930 28794
1 42432 112126
1 141235 64750
1 178906 101136
1 109726 170225
1 81238 35255
1 79536 75850
1 94672 172764
1 194638 159934
1 21922 112129
1 28059 160472
1 155124 62192
1 47333 103930
1 126660 114275
1 127248 168869
1 111608 46453
1 117763 149509
1 32930 166345
1 189521 127744
1 75922 178041
2 93482
1 64846 102690
2 22425
2 33152
1 136830 78573
1 88579 93331
2 49586
1 119939 11631
1 95409 128313
1 2249 148696
1 135829 185795
1 77699 163779
1 99534 168710
1 154517 39385
1 111548 184519
2 149814
1 139033 182132
1 133748 139840
1 31954 164583
1 169153 2937
1 35713 24849
1 130855 175261
1 2961 125475
1 139307 82287
1 104879 9330
1 67228 175808
1 182882 55585
1 96312 179134
1 136719 18380
1 144158 138176
1 64261 94710
1 96692 92240
1 50320 27061
1 49049 140154
1 38396 153756
1 106254 115988
1 35944 38186
1 196128 19215
2 16973
1 109917 163225
1 94355 47055
1 84894 93799
1 101762 47875
1 164763 72077
1 69350 130176
1 32494 125512
1 162604 33643
1 89857 60228
1 146573 134654
1 47961 45441
2 138496
1 184710 934
1 150787 65439
1 74553 191050
1 100286 4118
1 4745 55975
1 187972 167890
1 180876 182510
1 134538 130409
1 117609 156709
1 123297 7303
1 39234 175481
1 82757 7449
1 110684 166852
1 88229 143996
1 145554 103712
1 181742 6888
1 135419 199852
1 150429 39193
1 111320 138142
1 119749 110015
1 155587 72394
1 157981 103014
1 143828 81841
1 128397 123688
1 65429 20622
1 81466 172945
1 186921 56605
1 115664 146259
1 173688 199916
1 1040 111915
1 144926 98918
2 167193
1 36166 52756
1 24562 88891
1 15015 26590
1 169661 74874
2 95857
1 50397 123940
1 197478 101212
1 31617 114429
1 53270 27253
1 40813 104079
1 67998 26345
1 180978 124480
1 56242 151249
1 36433 183807
1 11826 47294
1 98692 69939
1 142746 130310
1 48401 10147
1 83625 16144
1 80079 190951
1 115859 190428
2 40377
1 7524 81642
1 199636 132019
1 71243 197514
1 35254 194587
1 20979 17797
1 149705 108242
1 24045 98126
1 40570 24202
1 171934 73449
1 28585 98961
1 57545 175699
1 162259 171615
2 47522
2 119125
1 30108 3528
1 40943 147903
1 163958 176819
1 16139 171378
2 32481
1 127412 69854
1 193755 58031
1 63811 63134
1 131634 3858
1 193456 170944
1 198417 178991
1 187057 31849
1 139928 142182
1 192382 45079
1 131560 43551
1 126106 18832
1 97995 78871
2 89120
1 63345 91104
1 62315 115344
1 127049 193545
1 13754 20762
1 102682 26583
1 183796 39530
1 57319 33206
1 10533 185909
1 74879 82005
1 20866 194370
1 20554 111129
1 4951 57339
1 135378 27138
1 11444 99638
1 83285 40797
1 72660 101951
1 17482 166380
1 28238 154537
1 158450 178515
1 165312 128149
1 184609 59588
1 27320 102081
1 98829 172396
1 101988 173844
1 83414 131743
1 113723 31081
1 4501 87554
1 137645 176089
1 107114 136056
1 68169 182286
1 14208 94286
1 59886 176517
1 108580 37802
1 91956 72035
1 125574 96177
1 147611 36796
1 55118 39160
1 116916 86496
1 134563 15150
2 106510
1 79554 29176
1 17500 10212
1 137926 132567
1 174402 194501
1 192215 30578
2 180544
1 82233 102558
1 34487 143304
2 91530
1 25556 39539
1 40630 199831
1 71133 158333
1 9381 165608
1 69753 169293
1 82050 179614
1 69314 22099
1 110974 101891
1 104829 181414
2 189844
1 12054 102760
1 176038 110455
1 131959 61188
1 67131 139387
1 176681 41700
1 25641 1474
1 71530 132597
2 24532
1 20125 17432
1 1038 105614
1 166384 83995
1 177050 29791
1 159507 99665
2 122995
1 193161 129730
1 24190 43283
2 97507
1 30501 35423
1 145864 23707
1 46427 129976
1 163233 12871
1 8138 134861
1 160815 46700
1 140212 53021
2 95884
1 94540 13337
1 112636 34393
1 190509 27809
2 73783
1 8561 199640
1 79801 129702
1 164552 61180
1 90579 14629
1 116457 30010
1 73749 28898
1 969 55287
1 88358 96263
1 150784 92128
1 187002 195498
1 141942 95166
2 86372
2 81484
1 101564 83101
1 130911 145736
1 110006 199023
1 15996 94421
1 115077 141158
1 199044 163492
1 114248 64711
1 146038 123447
1 138229 98340
1 31680 53997
1 27295 178251
1 198705 91083
1 181898 62767
1 167903 25421
1 53485 185428
1 182553 55277
1 123078 188990
1 135183 116403
1 83108 136539
1 112065 93566
1 194417 170543
1 6565 27537
1 88447 122177
1 134237 35681
1 84821 82564
1 134744 50462
1 58489 146504
1 63815 145024
1 13439 125410
1 51971 85972
1 63442 37017
1 15804 162951
1 146818 187218
1 139685 179057
1 184591 111294
1 56990 82661
1 36725 67971
1 172258 148728
1 129976 178088
1 64881 140432
1 177330 45316
1 99009 158383
1 37851 124200
1 106081 82368
1 160599 46028
1 108653 132065
1 57158 145207
1 67385 6961
1 174535 49075
1 132471 123867
1 82126 174193
1 138283 90723
1 105384 115064
1 88145 178801
1 38924 165779
1 26828 187163
1 67109 171708
1 98066 78712
1 118365 148035
1 196823 19490
1 11243 69891
1 110263 61643
1 99552 48839
1 124776 129027
1 129198 67448
1 183134 25928
1 114426 143946
1 87872 159568
1 158755 123432
1 173963 184851
1 64467 21276
1 85061 145435
1 193670 29251
1 62117 3152
1 193176 58033
1 37057 91647
1 100755 178401
1 172472 117419
1 33209 9631
1 89312 159126
1 98318 43001
1 179827 134289
1 10922 127971
1 183605 162179
1 163390 169001
1 148713 46390
1 182180 136603
1 59700 188584
1 144108 94515
1 136017 174224
1 111139 96074
1 118839 20526
1 64102 8316
1 159560 192472
1 59048 51609
1 21307 111362
1 28736 91534
1 130124 196238
1 95031 121426
1 92770 165716
1 179472 111957
1 46785 20595
1 195608 94182
1 42865 38233
1 96687 85347
1 183982 22991
1 91416 3110
1 83986 51080
1 136893 67630
1 80319 111275
1 24518 12428
1 197009 110174
1 90204 198991
1 70787 86
1 181752 194865
1 109664 146716
1 24882 191555
1 83373 129378
1 31686 61526
1 46996 176326
1 145769 194667
1 176084 50278
1 29708 76638
1 134632 60260
1 96752 126158
1 132469 81019
1 163115 171535
1 53368 136387
1 28601 30356
1 151598 81601
1 176582 97047
1 84869 145651
1 160827 88971
1 31747 53018
1 56071 165123
1 14582 52424
1 115632 185379
1 98075 10284
1 90457 106376
1 83090 63195
1 176918 58164
1 25602 79521
1 3438 182268
1 64265 18569
1 57904 179829
1 167591 138281
1 143225 97436
1 145387 2992
1 90436 33668
1 139101 124276
1 96690 37446
1 66605 128823
1 71004 164004
1 124572 115450
1 137175 91389
1 182313 116933
1 185031 25272
1 129214 50933
1 188520 80234
1 88476 75591
1 146904 160842
1 151557 131555
1 162856 141592
1 184552 196972
1 86564 141064
1 93906 6919
1 67168 120309
1 99858 128490
1 142726 74052
1 749 75815
1 41566 177430
1 108483 54969
1 4700 16370
1 193218 155214
1 83056 31729
1 197321 133589
1 178122 875
1 120223 18890
1 9771 5794
1 174166 46847
1 42356 37614
1 6137 173228
1 195241 104489
1 46077 48250
1 103237 55196
1 16551 61517
1 35908 142377
1 31802 12496
1 95469 198266
1 152868 187589
1 60639 101929
1 165929 144076
1 125469 186929
1 27599 61363
1 107804 195540
1 99531 168448
1 90315 56526
1 125612 62523
1 71460 189179
1 14919 31295
1 130163 155140
1 120226 169345
1 134372 68496
1 38437 169569
1 32081 86120
1 19645 167281
1 5772 159338
1 70034 59588
1 139114 139954
1 107372 148473
1 158352 149510
1 175329 155207
1 163842 25217
1 3394 127883
1 183274 145409
1 176774 18959
1 194981 136021
1 147383 74077
1 180180 79969
1 6619 127173
1 154977 3284
1 147814 82603
1 196048 172748
1 35294 34132
1 181960 28615
1 63054 81778
1 175266 113550
1 144687 94445
1 120433 2589
1 121235 67124
1 188050 91349
1 73172 156869
1 27509 114533
1 104188 197113
1 55725 178038
1 66486 15379
1 141812 112854
1 35701 84362
1 165442 178727
1 27107 142229
1 163856 61897
1 25677 58038
1 153128 163717
1 118413 134282
1 32303 124539
1 129271 143056
1 4597 198990
1 92295 169783
1 151547 130318
1 8011 179884
1 171782 124006
1 45389 88868
1 77283 190470
1 77764 59815
1 86011 113812
1 24635 161310
1 133338 45839
1 138817 40030
1 185338 57411
1 199571 161205
1 35861 22515
1 33222 70260
1 189162 100420
1 1977 169854
1 172559 153894
1 114363 122255
1 107959 69576
1 79544 86992
1 9222 37629
1 172649 136026
1 126675 192233
1 111613 109960
1 12413 28912
1 80898 100866
1 62641 181792
1 33625 23943
1 17786 6814
1 167000 117819
1 97610 24526
1 131713 115377
1 119879 58951
1 153443 134522
1 12058 11254
1 36943 153070
1 9460 70993
1 147518 12154
1 40097 38591
1 7616 138731
1 97234 4742
1 48104 108857
1 65893 65205
1 182071 16215
1 759 28050
1 11206 103675
1 128876 28422
1 84023 155753
1 96510 7944
1 8925 41796
1 135685 145351
1 170410 15255
1 147909 53404
1 138138 186400
1 39102 102703
1 32606 140318
1 169648 172648
1 125068 194780
1 53613 87448
1 153477 32190
1 167715 141737
1 91174 17228
1 47401 43523
1 4850 1021
1 137354 88960
1 120000 65093
1 187984 57299
1 126753 183266
1 23123 15220
1 136853 2019
1 152961 133327
1 41774 132153
1 16816 181229
1 192132 108483
1 101473 69859
1 177627 197524
1 59095 196985
1 109201 188039
1 127513 81437
1 49420 45446
1 9220 58185
1 90660 79575
1 468 74290
1 122572 72104
1 163251 194675
1 178183 61532
1 177795 2553
1 140168 50261
1 26153 115823
1 43241 134788
1 80219 161388
1 145745 23536
1 151339 176860
1 38176 174404
1 9811 153580
1 134236 8347
1 22275 75386
1 37921 172559
1 143209 113148
1 122244 108224
1 32128 91247
1 42759 29026
1 73180 196227
1 92996 38922
1 50356 3909
1 139156 19386
1 8369 140813
1 158911 155883
1 187574 9577
1 178857 37594
1 148912 143176
1 166330 41045
1 81055 74859
1 76047 70343
1 99430 47625
1 184287 14467
1 7632 28994
1 102895 10254
1 100323 95495
1 36986 22127
1 133736 124359
1 61979 48123
1 35643 198493
1 27198 100828
1 174800 31351
1 110342 56929
1 164551 77194
1 50559 123468
1 150322 69684
1 71238 28951
1 153635 133106
1 164150 124488
1 19387 102083
1 70167 107063
1 98480 1884
1 157634 38941
1 167646 165837
1 108568 117984
1 139538 71283
1 144676 147099
1 94355 193632
1 93197 7987
1 91505 137288
1 85313 135767
1 49426 168173
1 42014 126679
1 82170 151373
1 158562 39848
1 147098 187338
1 124757 90806
1 96156 171097
1 130229 93100
1 130478 162735
1 77218 133824
1 109133 124137
1 64330 166530
1 174292 31419
1 179032 69413
1 2309 35675
1 128089 119375
1 188631 91886
1 163311 199646
1 190976 58483
1 70137 38203
1 195140 181935
1 17346 25507
1 114623 142680
1 82729 136115
1 44207 128070
1 139472 13107
1 89477 62166
1 61833 77351
1 142190 151392
1 64382 75474
1 125020 160988
1 162015 18187
1 6938 23952
1 7377 68548
1 76048 102973
1 64469 191768
1 56403 54602
1 54006 65813
1 39856 73328
1 69687 78794
1 161146 7272
1 118076 37331
1 36690 37778
1 96632 97058
1 154998 24231
1 57494 22096
1 62670 97249
1 95340 55908
1 31346 136105
1 61340 6306
1 117184 85953
1 88268 75096
1 129692 121971
1 118729 118629
1 35720 63417
1 171576 112074
1 175910 148334
1 24189 176502
1 103947 64629
1 155438 126028
1 158407 33064
1 25914 183735
1 161458 17732
1 16342 146801
1 79481 10898
1 43049 108112
1 137640 21401
1 58424 96914
1 30329 199106
1 195220 37226
1 29214 83531
1 174978 189131
1 30156 124656
1 160235 147828
1 19657 1367
1 77893 86013
1 151863 170875
1 198337 22688
1 21280 11419
1 5942 80587
1 99332 159396
1 55758 14245
1 54689 52123
1 127856 152095
1 642 159119
1 94701 76605
1 99531 141182
1 66990 137444
1 140804 147399
1 56734 152742
1 14627 129488
1 151636 158668
1 122591 26744
1 75075 98403
1 34034 191040
1 184933 122058
1 92397 77941
1 70565 152890
1 99843 143073
1 150028 74838
1 172431 12338
1 55086 85813
1 17959 63531
1 166997 135534
1 42469 93257
1 28974 27748
1 46962 88696
1 36595 45073
1 100374 83448
1 25112 94231
1 93501 112138
1 127098 139461
1 113484 195295
1 82116 94886
1 164837 68866
1 35940 119696
1 96631 68100
1 39085 97835
1 102025 124072
1 188558 79936
1 168263 150352
1 138035 180741
1 127566 188264
1 69625 138918
1 22580 144721
1 153944 175701
1 55388 188432
1 21068 4884
1 177721 38968
1 157637 191042
1 188256 188501
1 109071 85029
1 195090 194331
1 9028 131319
1 78153 19214
1 167216 80755
1 132675 140915
1 145733 34401
1 110414 14006
1 67968 112160
1 166035 101852
1 194715 196724
1 39781 109548
1 198069 85584
1 187338 130714
1 31486 27238
1 154379 47540
1 191335 77548
1 185209 176784
1 177930 171504
1 61953 71413
1 86101 125151
1 136433 76681
1 173116 166162
1 103306 172603
1 194527 159514
1 32072 66034
1 196794 170573
1 178480 180341
1 8460 89745
1 16474 11612
1 189577 188777
1 70655 120438
1 90371 148989
1 116292 18620
1 6614 187567
1 141894 19766
1 14484 184539
1 182888 146476
1 32176 58861
1 94299 79504
1 17391 71722
1 165358 57449
1 45515 173431
1 180566 150915
1 153705 110191
1 92351 162261
1 144701 145699
1 91027 52915
1 171196 141490
1 99722 71541
1 16642 83083
1 163443 127015
1 124293 42047
1 157377 150835
1 164090 160845
1 149593 178251
1 131974 23912
1 78043 47835
1 152807 15243
1 22575 180462
1 4964 86208
1 157330 199071
1 83442 138669
1 91424 79235
1 40 33312
1 189476 170261
1 19749 196445
1 14301 198754
1 18304 121765
1 97683 193974
1 19632 143880
1 128987 47558
1 189693 181485
1 141351 180191
1 103 140833
1 32018 91086
1 32341 3423
1 103146 187793
1 21888 101343
1 151230 168126
1 25504 79074
1 26729 113075
1 158039 154108
1 73055 110526
1 177821 50146
1 154743 147213
1 107820 125686
1 97786 58455
1 44972 33681
1 23147 156684
1 100129 176592
1 92440 52987
1 50388 192482
1 27231 155459
1 185471 24848
1 78788 115388
1 177276 108174
1 111730 73126
1 43824 78913
1 16783 86290
1 126772 118417
1 84485 81808
1 166084 28912
1 50189 145432
1 27372 103467
1 157951 152892
1 166063 16881
1 155992 26317
1 115321 10401
1 142859 195917
1 119623 84505
1 154954 85014
1 148437 103548
1 72150 54920
1 5896 134915
1 142341 144824
1 79581 92103
1 194772 68503
1 84498 48910
1 183597 197472
1 199123 189524
1 61050 39558
1 146919 192091
1 92523 132189
1 171356 103926
1 179844 197959
1 26352 39633
1 168362 105506
1 185153 145221
1 171694 98288
1 127863 26203
1 96731 38407
1 154800 12127
1 59005 117818
1 37164 69863
1 46962 168519
1 108858 147427
1 115317 11522
1 149987 134119
1 132712 46849
1 134421 13942
1 127906 71241
1 71186 138705
1 186681 79161
1 123482 49729
1 121426 180726
1 161173 52065
1 126566 86615
1 123333 86255
1 40791 53713
1 85804 151188
1 59123 107685
1 157626 167793
1 80775 22920
1 73850 171308
1 197288 93650
1 143484 30715
1 55422 116140
1 19845 171889
1 152082 21812
1 90998 56519
1 108889 7858
1 116411 46572
1 172032 73472
1 26997 4687
1 71482 65268
1 50089 143916
1 83465 44178
1 102057 92501
1 125257 153200
1 174403 140995
1 7043 38889
1 70634 182045
1 172591 187206
1 131234 149512
1 177931 73129
1 28911 56560
1 47515 194300
1 110911 152213
1 166529 126874
1 97238 167896
1 74304 164155
1 107195 145992
1 36619 20198
1 161569 177384
1 119955 151890
1 151704 15684
1 16528 133660
1 84981 23860
1 116495 135024
1 121215 133039
1 28860 67506
1 44955 81171
1 20338 77484
1 31930 40499
1 139905 16381
1 153090 155618
1 188415 46911
1 68922 163519
1 22290 15033
1 52857 137986
1 4860 88582
1 154832 12614
1 142567 177541
1 101943 9303
1 2995 133699
1 162869 162877
1 8318 107237
1 187156 180489
1 129908 183834
1 54789 77983
1 118167 40833
1 123471 128516
1 43727 188950
1 184638 159530
1 49781 168099
1 92873 157690
1 111132 154404
1 129347 41313
1 91874 10491
1 40646 91038
1 131061 195797
1 106845 193483
1 26793 16860
1 93937 180137
1 166457 13790
1 57270 199920
1 116763 178942
1 118871 84631
1 9417 118618
1 56543 169953
1 112653 138428
1 76008 55465
1 39948 20868
1 152329 3183
1 118614 21141
1 167420 156514
1 94893 19264
1 142925 151216
1 76820 199086
1 166026 150924
1 162394 64209
1 25703 79615
1 190246 148620
1 161968 111218
1 15813 100833
1 49397 50747
1 153009 199580
1 188528 14054
1 7908 156671
1 105850 8261
1 47838 63597
1 77679 169979
1 34674 161114
1 45599 194757
1 187160 946
1 19447 102922
1 109358 55433
1 151790 80676
1 77776 154819
1 98036 23918
1 175898 180933
1 96472 39121
1 182842 170203
1 83832 149130
1 182011 127723
1 152750 39678
1 83856 99930
1 85625 31744
1 141085 71229
1 162346 76129
1 63820 67778
1 158416 21114
1 128654 78560
1 170853 38198
1 184048 74236
1 66042 4323
1 109344 76317
1 80928 93754
1 10176 106514
1 111192 175532
1 130922 160481
1 186238 30575
1 33796 136052
1 196401 146122
1 174790 141823
1 185925 85469
1 196553 132917
1 79981 61108
1 76114 146028
1 198371 185037
1 193823 187149
1 68186 102952
1 143793 189120
1 149093 188431
1 38874 160279
1 114216 167013
1 150665 166138
1 66816 65459
1 152467 150739
1 41071 76336
1 146692 39866
1 133834 175505
1 167462 80675
1 92518 179089
1 50769 18759
1 28352 49411
1 184500 41808
1 152555 43477
1 4706 43848
1 118080 4135
1 197601 191556
1 16065 103245
1 68783 83341
1 199629 192288
1 10645 14479
1 154891 96203
1 26031 150981
1 60944 105556
1 186876 17444
1 104723 18217
1 37796 84999
1 5268 156525
1 68296 69083
1 165447 29380
1 129358 181964
1 90567 5915
1 47020 142191
1 5177 74619
1 161716 120945
1 82814 156942
1 141025 92736
1 184029 31474
1 39649 164408
1 181359 154687
1 190755 190928
1 184972 189396
1 166626 95302
1 158903 152358
1 46258 90440
1 55173 187786
1 145355 52836
1 178259 81026
1 40340 77490
1 77353 196999
1 165745 105984
1 55849 1943
1 48655 197502
1 157885 107326
1 164335 112683
1 157503 49577
1 156210 104447
1 32234 176168
1 120100 111387
1 175745 119812
1 71691 42286
1 6078 153346
1 179377 26728
1 8317 35125
1 115760 48612
1 197801 70410
1 34430 24721
1 44840 68240
1 36217 66529
1 171523 97095
1 30388 17398
1 110296 90539
1 55553 61066
1 112771 154944
1 19713 77725
1 4362 36639
1 61291 128228
1 143240 164929
1 162201 154032
1 90076 52812
1 43993 145180
1 116306 112220
1 79602 40955
1 29457 79764
1 94197 15746
1 45959 98340
1 127685 98033
1 146322 168220
1 133738 126599
1 47729 162610
1 152594 150438
1 16234 172624
1 65641 87556
1 153852 22370
1 122715 164116
1 31495 138526
1 179879 196468
1 163450 197908
1 187366 194328
1 18814 177784
1 181147 126455
1 9377 50926
1 167421 63220
1 84165 47253
1 117314 98959
1 27018 171351
1 38895 13197
1 8697 70703
1 83806 37733
1 117810 3323
1 110542 125932
1 191064 118724
1 121073 104771
1 173691 189195
1 126577 18431
1 112646 11159
1 187524 135897
1 142569 107068
1 155186 100247
1 128842 116782
1 30948 174715
1 129256 33542
1 45231 187882
1 162383 192467
1 39713 6623
1 160258 130468
1 110731 89233
1 37350 142997
1 161935 104993
1 145387 81497
1 131372 171464
1 127936 61255
1 26887 119873
1 66104 162087
1 98428 96691
1 66871 178622
1 46694 63905
1 62177 109271
1 128683 123349
1 76868 83157
1 184907 1546
1 72773 105143
1 194921 185881
1 145672 33002
1 180570 70438
1 145316 182933
1 162542 47691
1 65542 54368
1 152829 136581
1 60900 64710
1 98548 137054
1 79717 181341
1 31072 177883
1 177487 155044
1 156026 72550
1 135921 163596
1 198643 178238
1 113297 148361
1 54017 65821
1 80664 168154
1 490 166570
1 76221 140887
1 180240 171809
1 183791 180987
1 187902 21695
1 156231 22898
1 52786 183153
1 59501 39972
1 59115 180927
1 141961 120450
1 132853 54709
1 32748 6481
1 15986 104851
1 2944 12596
1 88555 53046
1 166317 61694
1 342 35845
1 74446 155832
1 190954 6816
1 183379 197680
1 146209 199109
1 50423 181827
1 198669 117765
1 19685 192171
1 125791 143015
1 151014 165004
1 152371 36507
1 12943 176251
1 148383 95457
1 4776 52816
1 6398 156474
1 199263 134894
1 62711 18767
1 112430 194704
1 21331 182945
1 71050 74902
1 153407 92401
1 149006 82256
1 70046 192816
1 113319 165386
1 2515 166634
1 156736 31704
1 29517 129518
1 114160 101923
1 128851 78080
1 198115 107509
1 94610 131075
1 35462 124033
1 157029 112097
1 134839 21814
1 10340 1788
1 58604 7814
1 172271 143706
1 51107 199409
1 30140 102476
1 84617 21463
1 136736 165151
1 15534 84798
1 125274 127623
1 121513 95713
1 100838 55305
1 179976 193657
1 86208 193127
1 175675 80400
1 166455 3921
1 164416 52163
1 24244 120202
1 30673 22743
1 63114 92632
1 113805 9280
1 40768 167792
1 189733 154413
1 92509 35488
1 196360 119447
1 169140 180543
1 108433 59468
1 159855 28882
1 56750 89015
1 16928 156800
1 25812 86194
1 4421 57016
1 1185 172558
1 142172 163681
1 163666 170594
1 90024 154627
1 76390 82898
1 152770 163955
1 42898 82082
1 8227 22084
1 167718 130811
1 197488 46252
1 152191 163900
1 142407 142068
1 151919 179141
1 122249 133605
1 38378 50688
1 100521 62831
1 198962 72688
1 179379 25051
1 18053 36030
1 70304 55859
1 173765 27714
1 146265 17199
1 127272 160719
1 37641 168291
1 153760 17793
1 194664 198440
1 17485 11467
1 102661 54984
1 147810 157948
1 54868 99054
1 78805 4241
1 97400 19404
1 142219 140225
1 137618 172686
1 17923 9540
1 6154 81472
1 29634 124006
1 195485 20283
1 163070 3467
1 165736 94997
1 168783 135490
1 7412 111369
1 152722 178510
1 172290 41636
1 174751 59507
1 176472 76466
1 35694 59582
1 90700 114281
1 85829 63192
1 195729 154516
1 121829 59212
1 20864 19138
1 43701 144342
1 36008 148975
1 54190 134830
1 168408 33266
1 21193 2453
1 190955 195177
1 30502 148768
1 104342 16738
1 48702 101058
1 55598 135819
1 78795 188895
1 50365 119452
1 88246 15118
1 180743 154436
1 126849 177133
1 36951 165713
1 25398 76971
1 4943 27619
1 127503 62610
1 93808 172626
1 178855 190163
1 132582 161951
1 51873 79255
1 171672 120921
1 134679 75395
1 151086 64912
1 190214 651
1 125795 42751
1 21495 43834
1 19340 1397
1 112497 26048
1 113450 181509
1 126365 35645
1 65005 156143
1 34169 153356
1 156361 185678
1 41345 45012
1 5949 154690
1 43547 166411
1 122784 45345
1 86082 59020
1 120751 143513
1 32565 120026
1 17429 179689
1 102433 41012
1 111418 120193
1 148875 65372
1 112846 166134
1 168386 80163
1 147479 57771
1 5636 29623
1 90426 21692
1 116144 193199
1 32519 116652
1 68780 54101
1 137607 154577
1 165207 67957
1 108489 383
1 168434 160869
1 166827 104178
1 172042 93206
1 189990 99839
1 18601 191642
1 32670 183613
1 171261 115061
1 65448 31535
1 102089 198313
1 16412 30197
1 110538 164988
1 17436 165428
1 179436 27277
1 30437 82371
1 18479 88663
1 176214 116376
1 195988 157444
1 86078 28722
1 149900 758
1 177771 86727
1 179106 43601
1 199600 82992
1 135079 58765
1 72374 10899
1 145822 53242
1 56198 194770
1 157033 30164
1 117845 168242
1 2676 183434
1 100113 193550
1 55008 155721
1 32747 199485
1 194290 30030
1 78118 140929
1 176957 161068
1 196191 174001
1 7565 152666
1 129564 18728
1 67030 141312
1 5529 192752
1 87900 46531
1 16721 58985
1 195300 161743
1 90378 144446
1 140698 136229
1 173284 153546
1 114051 159973
1 28195 86086
1 173094 197468
1 37434 186551
1 96759 3409
1 61466 127381
1 39492 160333
1 95355 117566
1 83811 159145
1 157930 163292
1 29724 51868
1 82452 136340
1 120466 115460
1 23634 22960
1 198647 105397
1 70325 16847
1 84593 576
1 183252 16972
1 33607 65158
1 77395 129644
1 81553 145213
1 44085 72459
1 176542 82305
1 141477 156361
1 151015 28062
1 123585 99952
1 179508 47580
1 88488 168425
1 34701 113100
1 194438 84769
1 160164 159635
1 161117 78645
1 96256 13684
1 111574 50533
1 40749 135971
1 199560 140024
1 25378 73287
1 146696 193131
1 34099 168462
1 63089 63712
1 41208 132151
1 97909 128773
1 74493 25628
1 19941 139906
1 107436 61439
1 91517 17959
1 26487 138774
1 15348 35156
1 13706 184153
1 50050 110315
1 27568 176203
1 7602 126003
1 101508 183303
1 95914 5070
1 197787 61901
1 173560 111197
1 186992 104717
1 139935 148977
1 186832 136883
1 74530 94454
1 46855 85428
1 170128 76571
1 906 144983
1 92945 151429
1 118694 102087
1 29424 25268
1 53480 21079
1 66984 146037
1 32398 76759
1 19059 110858
1 67182 69718
1 50449 41239
1 132198 67960
1 141462 19790
1 182916 122746
1 173624 4252
1 187190 114435
1 134615 98325
1 115572 126510
1 102156 188638
1 93867 55381
1 142967 39514
1 34925 99039
1 145731 129815
1 102104 90508
1 11005 188792
1 144964 128129
1 69397 108774
1 97905 136975
1 97331 122163
1 7600 78025
1 121342 28814
1 101457 10437
1 158313 91886
1 149452 190194
1 115583 175928
1 87603 16987
1 29807 164787
1 72408 93050
1 24219 133551
1 135802 172993
1 12190 162161
1 15542 143972
1 37404 24417
1 36907 199147
1 39374 71479
1 117678 80055
1 146317 145635
1 112048 112082
1 98910 183228
1 112428 94203
1 168191 142508
1 37333 194098
1 144178 37273
1 16063 5825
1 775 169430
1 53388 98700
1 238 156491
1 116698 4698
1 381 173986
1 108523 131747
1 177854 55220
1 114581 102428
1 140284 187571
1 49451 62081
1 172112 58585
1 50795 67107
1 61671 40400
1 55145 98290
1 49557 19427
1 44859 119883
1 53856 103077
1 86950 32709
1 30726 182816
1 37065 114745
1 144656 41408
1 83465 109136
1 72411 55233
1 55229 148625
1 92580 68694
1 152474 147627
1 40788 42459
1 96225 194495
1 85196 11774
1 171719 85554
1 46579 8873
1 19493 29937
1 8701 188658
1 156769 177925
1 62781 106630
1 46876 148121
1 147374 1939
1 59741 167626
1 57215 14838
1 56446 21870
1 29981 132004
1 79573 13031
1 139013 191900
1 71270 119082
1 44041 54476
1 159559 122955
1 74914 170115
1 41491 50891
1 14071 158487
1 87827 196964
1 195693 28119
1 156969 147219
1 175151 24820
1 199551 27240
1 34687 128363
1 99440 173130
1 3262 164789
1 127093 187598
1 2680 85363
1 172754 192122
1 151092 191892
1 75393 8148
1 34810 154441
1 189086 9264
1 81701 120299
1 197269 185145
1 179563 169834
1 40970 54207
1 120426 92729
1 59271 160578
1 169014 155640
1 161707 75646
1 133408 158562
1 36048 114872
1 125960 62648
1 159165 154695
1 28645 15469
1 98893 40678
1 68756 67219
1 12575 182264
1 143008 6981
1 7488 32861
1 87249 85655
1 52053 13108
1 144312 180411
1 11341 101873
1 123705 25461
1 168647 115106
1 125658 169345
1 191743 41724
1 67979 55810
1 111743 172842
1 108342 194927
1 40131 61656
1 38280 175929
1 11565 177021
1 57152 109631
1 8170 163879
1 109111 16502
1 71524 124299
1 70769 199826
1 84522 167693
1 83171 179898
1 35164 145996
1 188037 54827
1 81819 75314
1 195737 169643
1 38896 175291
1 2364 101553
1 16635 32515
1 116589 162387
1 194399 30036
1 171356 102704
1 169901 156720
1 187700 22751
1 186190 9180
1 65132 90839
1 142964 51629
1 96458 114207
1 54786 143191
1 115832 377
1 199290 105267
1 138891 168650
1 60776 10833
1 81297 86349
1 117390 174207
1 87132 66745
1 30031 138456
1 80972 178800
1 68191 164495
1 121761 101930
1 44970 137662
1 57345 12064
1 165124 112682
1 161734 161149
1 166097 19545
1 101516 197889
1 177398 68887
1 51833 178935
1 163968 59525
1 22925 18138
1 658 7715
1 37612 55044
1 156948 174750
1 34218 45847
1 166938 13661
1 162710 6191
1 39826 32585
1 88329 67655
1 44851 191131
1 118896 12330
1 108450 178219
1 198168 141853
1 67942 45493
1 890 20682
1 86862 91886
1 183688 173296
1 44001 8839
1 55734 93514
1 44102 26753
1 165579 182141
1 1205 100274
1 125994 124678
1 113117 96278
1 98204 76962
1 199511 34713
1 58592 99263
1 86027 177892
1 25525 10403
1 73889 124070
1 144231 159260
1 86635 179109
1 28633 73000
1 16209 72261
1 39697 1444
1 20797 91799
1 45386 92154
1 147399 133797
1 105717 99463
1 75491 25789
1 44817 122827
1 163786 191484
1 156141 138069
1 155558 128925
1 157883 73773
1 58561 181506
1 134295 2435
1 194608 85057
1 147928 37656
1 118780 188914
1 175062 130795
1 60241 166584
1 125885 64422
1 14698 178575
1 187281 29066
1 42876 98261
1 134273 31961
1 190498 28955
1 158192 105218
1 20873 137389
1 122881 22546
1 41245 113503
1 145955 124184
1 109299 177755
1 85534 78681
1 190200 58345
1 54173 42742
1 45530 14142
1 20092 191258
1 188149 190535
1 190163 86888
1 129152 138743
1 154179 129315
1 149433 62159
1 62144 92768
1 26382 132781
1 163232 69801
1 124941 103896
1 105123 14900
1 13262 37963
1 90371 121411
1 142495 72448
1 97085 129116
1 96304 108414
1 32032 186220
1 96576 174950
1 119509 151159
1 7815 123002
1 7152 93635
1 127334 189807
1 83830 88389
1 190796 118452
1 185519 92300
1 81065 182019
1 89198 83565
1 34776 39400
1 58846 44015
1 37896 77455
1 110735 113015
1 57899 189586
1 88129 98549
1 157539 144003
1 82223 116176
1 105514 183735
1 121503 199696
1 157568 188116
1 93226 170443
1 67418 8411
1 147527 162258
1 90633 17465
1 181469 37724
1 40488 17546
1 84744 96691
1 166411 166639
1 86250 160030
1 48420 10258
1 186166 175630
1 116278 41527
1 182393 144588
1 29439 67461
1 67561 194274
1 3233 182741
1 183731 67721
1 132178 79034
1 23807 194131
1 64389 54737
1 190727 43610
1 42904 157771
1 124504 162024
1 44991 12728
1 189735 130920
1 199665 42646
1 29911 131725
1 165265 37658
1 40394 132098
1 102943 160061
1 60134 37201
1 171808 80011
1 179689 61655
1 163467 69160
1 136560 168743
1 54709 131236
1 162820 143038
1 131391 96384
1 174759 88615
1 74494 68481
1 54877 59631
1 192619 86644
1 184126 141260
1 141900 188227
1 107962 16457
1 129891 140855
1 132653 146677
1 101141 162317
1 29414 168717
1 178077 176446
1 79346 40678
1 105650 111113
1 54830 174879
1 94261 36292
1 87948 162055
1 19359 54947
1 117413 185354
1 63787 63495
1 113728 17954
1 162752 60298
1 39650 42363
1 166689 125578
1 5591 77926
1 59480 193268
1 38335 155587
1 29408 28307
1 59612 9769
1 14610 99609
1 159323 7767
1 153554 76909
1 108704 40543
1 178938 92213
1 125015 133265
1 35719 180837
1 184184 109286
1 71107 2568
1 35098 57967
1 142899 158863
1 31419 20285
1 169729 83416
1 99407 187089
1 185644 35904
1 162183 99334
1 4718 140011
1 171619 150653
1 93038 101779
1 39803 54473
1 149416 18768
1 63818 80284
1 128793 134759
1 118076 39154
1 190639 190037
1 16505 16060
1 61167 120349
1 143538 48976
1 126376 35664
1 191595 131151
1 91161 1756
1 177738 171798
1 185055 10008
1 175775 138345
1 44769 92367
1 80500 182940
1 103615 58635
1 117654 35459
1 57143 112932
1 158820 129757
1 87258 108104
1 792 139580
1 62767 39181
1 165459 56568
1 157862 94197
1 26862 110805
1 117759 59712
1 140286 130097
1 35515 192312
1 100199 85299
1 161923 100089
1 68516 169648
1 132696 184703
1 85397 74399
1 139259 58933
1 164105 199103
1 83421 170426
1 192142 14086
1 82442 52854
1 199031 80718
1 139601 49438
1 131182 9659
1 120630 82756
1 171066 102256
1 14364 175330
1 193106 160242
1 106157 26792
1 160034 9501
1 73611 188036
1 43036 160518
1 17724 30641
1 169987 122224
1 199697 75651
1 194612 80498
1 64152 168625
1 18230 6312
1 110530 149540
1 101315 124249
1 38615 146943
1 138071 158953
1 99480 144175
1 169720 154433
1 188277 93109
1 192711 151355
1 73457 105969
1 18502 175185
1 154834 70897
1 159401 31752
1 176205 169786
1 27553 81432
1 159344 146965
1 33191 57440
1 114002 170014
1 84038 122760
1 63480 174537
1 130668 68150
1 81929 23798
1 48115 150325
1 128436 28727
1 110890 90530
1 111456 51998
1 148328 35224
1 198997 76940
1 188820 115231
1 52520 143415
1 15855 51856
1 165868 127292
1 59939 94412
1 134999 24101
1 37583 122462
1 40819 48252
1 128083 111085
1 108038 14032
1 56408 66471
1 54083 38407
1 37028 192042
1 28914 152293
1 181405 46900
1 157661 86619
1 88731 127437
1 12092 18323
1 7283 6451
1 173603 18619
1 92673 160902
1 96171 80
1 89461 93557
1 50910 35245
1 28769 39272
1 155431 104340
1 57346 2671
1 58104 18428
1 25100 96043
1 20349 47899
1 25275 86267
1 145346 159286
1 190679 90922
1 1824 101670
1 84423 63703
1 141677 8684
1 171994 76388
1 23844 76345
1 147729 133347
1 42003 10615
1 40944 20670
1 86659 39963
1 20231 34085
1 99629 126575
1 115067 86845
1 175003 116827
1 12314 108359
1 189596 45620
1 152864 47502
1 192684 135239
1 41923 3221
1 87522 63527
1 90181 105216
1 193116 47029
1 34554 186114
1 143976 146032
1 63640 3783
1 50804 23805
1 102655 72738
1 117561 3960
1 196745 125305
1 147363 54011
1 67412 126639
1 32131 40429
1 17101 167314
1 154808 109967
1 17918 9094
1 53211 25283
1 151835 149745
1 14954 54494
1 133129 138216
1 95223 180848
1 125360 116314
1 30929 146641
1 102659 3516
1 151091 9966
1 152589 85941
1 93356 162323
1 159422 61386
1 169551 87163
1 29686 80844
1 131868 36053
1 179345 52928
1 37550 180825
1 74419 72527
1 143334 113036
1 165078 153775
1 101399 175376
1 28945 62289
1 124914 144688
1 115051 165965
1 57013 127785
1 16352 17930
1 99856 45692
1 6707 58674
1 153304 39475
1 76980 189717
1 85872 130674
1 65683 141917
1 104884 98497
1 106086 164082
1 139623 14166
1 148408 163502
1 87135 106920
1 94867 166723
1 176880 37361
1 187598 19883
1 88470 54851
1 130265 171345
1 170406 64462
1 151304 179070
1 145527 182640
1 72287 158854
1 127052 196670
1 83101 11123
1 102149 113810
1 7692 13618
1 170695 125013
1 20423 45501
1 124201 10383
1 114509 176456
1 131425 49453
1 139781 57264
1 71854 129681
1 184849 122848
1 87238 86112
1 183000 38790
1 83394 92360
1 166286 114421
1 33096 11664
1 64071 41884
1 67834 1572
1 70204 111015
1 148445 73569
1 132892 102324
1 105612 148957
1 128343 15544
1 152798 98747
1 10023 31282
1 42837 29422
1 140064 108241
1 88840 14987
1 187833 79138
1 165779 157395
1 3482 60028
1 150077 16577
1 18984 31214
1 170857 151760
1 63759 126761
1 47489 142737
1 63311 72939
1 68192 144108
1 130186 86956
1 165951 38196
1 50509 187275
1 107043 121776
1 79517 148795
1 59204 84518
1 97731 124330
1 19648 181738
1 145690 71282
1 8577 90856
1 23129 117571
1 150828 24494
1 41820 154768
1 179723 34045
1 140279 77754
1 110973 84818
1 143550 193850
1 157213 55023
1 93198 136210
1 31088 158703
1 50208 159285
1 177618 84426
1 143759 186358
1 69859 108837
1 158183 125231
1 173357 80541
1 127665 68978
1 90329 107797
1 58620 62197
1 16468 160190
1 132013 31097
1 101371 163431
1 15626 44027
1 29582 34245
1 108803 82719
1 187412 76676
1 157058 58329
1 139082 180814
1 97653 74078
1 18962 48219
1 183833 27466
1 77018 8698
1 155849 146579
1 167946 58974
1 187078 130542
1 146674 118572
1 152201 168640
1 96498 48196
1 88263 176263
1 154668 193998
1 182916 9482
1 167463 160071
1 1371 85182
1 73093 194891
1 185228 134202
1 79719 87525
1 57991 165213
1 28574 110549
1 37432 196350
1 58454 85473
1 81939 53460
1 173822 27166
1 122530 38631
1 139579 90368
1 119052 198327
1 62605 112161
1 156328 22315
1 133313 160271
1 73538 105020
1 46297 43225
1 177261 35298
1 13305 1818
1 27466 153343
1 28563 185350
1 154391 182987
1 19413 19380
1 130939 57600
1 30352 45485
1 107408 141190
1 113644 134517
1 124850 52705
1 132427 100055
1 76680 141466
1 161339 8885
1 183056 90283
1 150815 156239
1 73839 144750
1 96736 3859
1 162937 185416
1 54096 157670
1 74173 154002
1 98846 107378
1 166293 57480
1 9281 164721
1 165484 168438
1 76958 20536
1 42257 98463
1 166332 146375
1 35643 163439
1 76267 120720
1 24412 87267
1 70064 92678
1 78251 175927
1 14579 51623
1 44653 105232
1 117036 3789
1 5059 30699
1 25547 125361
1 56825 190278
1 19879 191105
1 151758 109709
1 43434 21155
1 182784 190663
1 86330 198986
1 24218 40834
1 34730 173689
1 29311 101884
1 55138 64085
1 111608 156115
1 19532 57071
1 95485 174895
1 3073 199634
1 50945 53166
1 19507 1674
1 152705 67473
1 195228 192373
1 130125 126244
1 81254 186446
1 9303 131891
1 9884 45879
1 107452 170923
1 134417 99591
1 77777 8654
1 85711 60117
1 172975 19676
1 156994 164611
1 181186 185534
1 190694 45133
1 102030 126068
1 29038 199444
1 152962 11136
1 14518 195686
1 153282 174484
1 66348 153936
1 59375 22138
1 128634 9959
1 14586 5634
1 178166 8403
1 79913 163569
1 199182 176157
1 137384 39144
1 105390 133882
1 146259 32531
1 195507 42072
1 190723 141523
1 8980 134952
1 65495 186989
1 32399 171756
1 105476 106420
1 184082 155074
1 14816 87540
1 26796 93490
1 142955 35680
1 26611 170101
1 30559 113726
1 74230 39878
1 166650 21649
1 181990 37549
1 33737 30279
1 143232 15496
1 188343 55524
1 46782 74333
1 1366 51631
1 6526 49758
1 192364 121371
1 4722 17404
1 87105 145720
1 140298 118959
1 72424 173787
1 178911 126212
1 67085 140683
1 20449 116455
1 72830 73710
1 56771 52147
1 92284 177394
1 98853 48312
1 125507 24960
1 28738 76940
1 170327 126430
1 47195 88597
1 34130 195619
1 40611 39061
1 62507 113248
1 10924 17334
1 2249 108301
1 176850 52504
1 120328 92082
1 53030 91929
1 9419 56086
1 28125 125477
1 108483 127981
1 124602 146238
1 139838 73277
1 25337 176396
1 243 115602
1 31934 122856
1 69325 79459
1 60797 136677
1 16310 86979
1 164010 56609
1 75237 124108
1 188259 20362
1 7979 28873
1 52893 169652
1 129722 182115
1 197004 87962
1 111863 110030
1 109079 184370
1 119937 89333
1 149691 81270
1 37634 134307
1 186622 138608
1 46581 144755
1 122200 156933
1 130809 23865
1 167196 172357
1 6741 71666
1 16940 34290
1 116555 113514
1 89566 141263
1 128738 127596
1 87401 121643
1 197167 129007
1 38036 116397
1 26084 85054
1 198369 17762
1 147227 138793
1 145909 130308
1 55587 171562
1 56907 163725
1 33100 182490
1 122906 26685
1 169200 166998
1 126596 86760
1 116995 137579
1 188673 20867
1 129372 197577
1 38218 9775
1 50564 120295
1 101322 103111
1 121150 197170
1 124481 119847
1 129111 78140
1 2298 54525
1 118191 23778
1 82224 81108
1 199176 121727
1 120125 119455
1 63567 33807
1 100483 1731
1 179945 179622
1 72990 21031
1 176512 138962
1 32265 45247
1 110669 141261
1 87823 118999
1 13543 168872
1 87733 113758
1 24653 128500
1 134694 122739
1 31216 98290
1 177246 162675
1 115653 141246
1 174747 3331
1 52873 109047
1 160065 16859
1 154133 116786
1 26509 660
1 136485 89759
1 105468 63411
1 169827 48315
1 46972 72694
1 118008 63800
1 73939 12318
1 74454 79593
1 173839 131261
1 2111 171827
1 58798 49410
1 142170 139824
1 9230 78914
1 129975 175845
1 18838 11209
1 119009 174950
1 41510 51297
1 93859 177160
1 140093 13730
1 82013 99208
1 125034 50683
1 126729 6138
1 60277 25920
1 165065 196532
1 167630 168052
1 113460 31163
1 42166 6552
1 132192 159021
1 74604 129780
1 58161 76913
1 139355 29797
1 172386 143260
1 72833 42855
1 197011 56421
1 135971 53541
1 16661 85644
1 180079 194303
1 186546 199686
1 137010 75803
1 154943 52971
1 192379 149231
1 46438 158307
1 37135 93133
1 23534 51406
1 75727 163696
1 92110 66675
1 165158 163014
1 7730 178411
1 102327 16446
1 17357 77071
1 134854 143443
1 163936 163807
1 132965 62425
1 168329 116532
1 195362 123016
1 45328 191208
1 72303 184903
1 36205 66499
1 92177 10362
1 4765 67817
1 83725 59151
1 1575 191299
1 104272 8708
1 61993 60075
1 57374 73661
1 136553 126172
1 12605 184581
1 120152 183577
1 66915 113250
1 87657 10268
1 146332 37662
1 165523 64385
1 89728 83347
1 89634 9716
1 108693 18231
1 4933 125912
1 197760 93864
1 58003 93817
1 163825 113017
1 72863 59892
1 156239 51581
1 121981 175653
1 181410 39827
1 24789 196754
1 144256 159090
1 188392 59862
1 190522 123958
1 180960 175952
1 19591 186796
1 28893 158732
1 561 112219
1 167037 49905
1 75647 66324
1 59435 68205
1 146786 104571
1 159211 61982
1 77475 4949
1 84900 145475
1 652 77779
1 49902 42082
1 175702 119456
1 199774 93626
1 141203 128808
1 100753 190827
1 55453 176554
1 25205 154020
1 1855 86015
1 156573 25806
1 56737 144682
1 150470 126007
1 168057 114466
1 59493 99714
1 66289 48222
1 130804 140044
1 179667 132192
1 58876 119265
1 104508 139269
1 77093 132896
1 166335 127563
1 14267 151212
1 57113 50212
1 94147 168533
1 13781 140154
1 47998 100422
1 54592 123971
1 88637 84336
1 152016 13255
1 180646 172278
1 189968 96431
1 177733 35226
1 181775 35280
1 15127 32231
1 43018 59576
1 190546 100129
1 74838 160056
1 87481 51434
1 130962 102002
1 165278 140150
1 112077 78181
1 65080 183793
1 93299 153399
1 62184 63982
1 112510 63553
1 66822 125587
1 52570 48353
1 2865 28035
1 197720 112380
1 98518 50701
1 185304 153554
1 36544 48595
1 169329 119046
1 199137 19325
1 183010 169582
1 180383 17566
1 165117 155735
1 161442 53798
1 90578 163677
1 194526 150282
1 22426 152810
1 141724 64753
1 7590 151307
1 112461 191777
1 24327 59579
1 159825 105065
1 64638 59306
1 187268 105423
1 21350 166030
1 191691 189884
1 82080 11373
1 183454 100263
1 171967 45289
1 139861 157567
1 134965 174989
1 26359 1501
1 84478 25047
1 138625 34281
1 46219 39238
1 16307 192843
1 118642 10662
1 65121 21332
1 79892 192281
1 82297 175022
1 29326 18216
1 10448 193281
1 102564 70346
1 154802 77352
1 193258 163507
1 9065 35475
1 193140 133920
1 71436 163325
1 183745 73698
1 188876 72785
1 16995 92138
1 97275 50457
1 25522 166996
1 90718 140583
1 14194 25975
1 151477 52998
1 33985 49451
1 88136 180451
1 36294 90906
1 160883 89016
1 116502 136716
1 52661 137210
1 134440 87918
1 153781 179588
1 1019 8995
1 66006 126915
1 193605 19022
1 117949 170146
1 107360 93662
1 95903 91192
1 178864 196443
1 64400 130737
1 160152 136175
1 193802 149627
1 80158 152248
1 136186 33009
1 89499 36173
1 173393 132300
1 137447 56399
1 141577 25545
1 140996 59250
1 83510 14037
1 137289 77387
1 125584 187456
1 113426 56220
1 175165 45729
1 2726 21597
1 5795 33862
1 189225 84685
1 146286 130335
1 65668 186554
1 122591 64042
1 41681 92877
1 131158 112866
1 175050 125209
1 127201 113443
1 58868 96037
1 123333 27169
1 174855 59320
1 27148 192394
1 175330 118437
1 192208 89785
1 32109 160086
1 115718 4317
1 17294 24541
1 175950 33896
1 57424 90425
1 169721 114747
1 112080 45861
1 69596 155282
1 183657 111655
1 110933 13548
1 155811 164887
1 108187 160318
1 119832 124654
1 103626 77912
1 193382 100113
1 136495 93848
1 8219 110942
1 88208 107277
1 40221 83702
1 163968 146862
1 87130 93580
1 165345 165948
1 17648 22764
1 49274 188277
1 51677 72335
1 7484 149435
1 181225 77150
1 78479 35012
1 24594 176964
1 2082 85763
1 98168 67897
1 181682 44309
1 96586 182924
1 45082 63856
1 167472 191793
1 133916 27785
1 158010 82955
1 181615 191942
1 48201 29499
1 121865 121251
1 62140 5738
1 26030 142376
1 3486 131347
1 133882 146123
1 187534 142419
1 71339 198113
1 86959 11893
1 99826 138826
1 61712 58297
1 142331 10781
1 184990 189861
1 42427 6098
1 41672 125840
1 121082 107631
1 189043 103978
1 56224 155957
1 168544 88591
1 107268 137483
1 56794 60365
1 67763 102826
1 113508 113139
1 88126 53579
1 107426 150364
1 151943 85966
1 119175 51837
1 48268 5484
1 32447 170539
1 56564 58463
1 128349 179056
1 34522 165392
1 84231 140560
1 47448 183937
1 183840 196566
1 49238 58236
1 144310 169380
1 8275 177339
1 45549 29563
1 157618 51737
1 84523 125511
1 14344 127993
1 93381 136687
1 32293 8821
1 190634 70811
1 117600 4042
1 46735 40454
1 49320 45441
1 168731 146950
1 148937 47841
1 55379 19801
1 25019 192467
1 54344 58418
1 139761 81110
1 85247 136964
1 160416 39716
1 171105 158158
1 92814 107811
1 132196 37223
1 64029 97936
1 110265 40012
1 88663 29545
1 137208 6696
1 121980 150363
1 99784 14371
1 43914 36907
1 55443 184301
1 111820 123688
1 24425 58317
1 95910 190545
1 181556 154469
1 107167 157570
1 23196 133384
1 94320 29028
1 180347 194302
1 141196 31766
1 9283 183831
1 185392 3414
1 100462 163502
1 144557 15860
1 112935 48000
1 56435 109817
1 129591 177453
1 64160 152339
1 154098 144333
1 79497 105861
1 25058 177271
1 89736 55181
1 165108 170061
1 167495 165461
1 196066 70092
1 29195 9245
1 22944 152595
1 198596 51304
1 187083 99761
1 185364 54182
1 198862 47348
1 148510 83490
1 183447 169007
1 157008 129133
1 15481 62987
1 190195 145546
1 189923 50833
1 22067 135387
1 76225 143606
1 171882 78476
1 192689 103912
1 43762 187582
1 103336 45016
1 115434 170039
1 174437 20297
1 117256 67271
1 70999 69720
1 143136 173822
1 44491 97419
1 99892 37964
1 111704 21022
1 108284 29624
1 90702 119884
1 193655 117254
1 15451 88091
1 161906 189474
1 120832 163627
1 101144 63122
1 14388 22592
1 133307 165658
1 187734 76429
1 133538 86385
1 194777 102659
1 38356 130340
1 190891 170010
1 31907 85322
1 117478 186272
1 23227 166248
1 96506 165887
1 88685 76964
1 126682 178835
1 19447 140336
1 18471 20460
1 115670 173743
1 110106 103201
1 54543 174315
1 33141 196694
1 72954 60219
1 1259 186382
1 52495 71214
1 176847 150388
1 141365 110909
1 112251 129510
1 20681 192880
1 2753 92035
1 113836 51407
1 56791 142327
1 36304 168972
1 63358 152772
1 39300 161007
1 35571 4051
1 132029 196545
1 14938 154107
1 139879 181245
1 181479 112081
1 103916 140659
1 125135 2800
1 79812 128703
1 169006 181770
1 97341 117034
1 32058 100336
1 162829 110302
1 80168 57054
1 29974 131407
1 193757 148363
1 88696 31144
1 163351 175023
1 120541 95220
1 191069 73621
1 168577 182478
1 71396 144547
1 95489 117643
1 170307 177255
1 120869 175526
1 73625 26020
1 2224 174316
1 198845 167837
1 120615 153769
1 37286 98273
1 137824 98130
1 179740 198296
1 35789 180532
1 144287 100813
1 95881 182556
1 11926 22460
1 81313 117832
1 41978 111197
1 71398 186062
1 87363 173872
1 139763 170508
1 173267 64268
1 173882 161680
1 6434 52707
1 128339 94344
1 151274 144216
1 31367 92652
1 181075 185796
1 30681 51753
1 13409 69444
1 10518 74961
1 16989 196039
1 181471 198722
1 168321 65686
1 41780 173781
1 117032 4900
1 23235 33672
1 78708 8792
1 35250 125420
1 38081 134105
1 36329 162707
1 160970 130970
1 176610 72564
1 27547 140646
1 11061 481
1 6071 148588
1 190175 193196
1 68618 158414
1 167570 48852
1 89553 53479
1 187267 53942
1 173128 99867
1 15536 2417
1 50004 142179
1 48496 19802
1 98162 28568
1 2176 44194
1 24032 193151
1 116938 122564
1 130314 83158
1 183544 85555
1 25399 63711
1 52025 1155
1 78837 174122
1 32147 17686
1 177090 196455
1 57450 114186
1 38396 29356
1 67920 149985
1 112459 97539
1 192909 70001
1 172365 190071
1 59824 144845
1 119171 182945
1 58839 52531
1 64250 182574
1 175419 44727
1 16187 22643
1 42623 59695
1 118262 159795
1 164218 36705
1 95724 141231
1 84226 48041
1 150173 2735
1 46907 72751
1 2418 11473
1 152673 90697
1 86251 41295
1 28626 116460
1 106314 146965
1 182176 102681
1 135361 1476
1 31445 107077
1 111322 77120
1 88007 168969
1 86822 180288
1 27294 110539
1 189928 49623
1 57314 9324
1 91137 25022
1 137546 30323
1 51871 100452
1 16003 13562
1 78882 138040
1 70398 43095
1 195919 10422
1 188861 109902
1 106041 69552
1 9439 23733
1 186284 198047
1 84329 7271
1 188763 61354
1 87639 8877
1 129100 13110
1 4963 128041
1 53506 194350
1 96533 175429
1 187371 75348
1 164492 177564
1 146059 197961
1 85259 359
1 44265 195994
1 40392 83434
1 176952 123339
1 124144 68191
1 140488 68263
1 178750 85283
1 66222 177480
1 156926 178527
1 37617 103204
1 155421 76218
1 180663 5465
1 82611 33853
1 193519 198459
1 182867 133447
1 177279 70171
1 16146 193010
1 176048 175001
1 27286 5637
1 195224 140717
1 72865 173851
1 14280 68785
1 52254 126291
1 54648 176435
1 106795 41914
1 173808 165690
1 175783 188853
1 90167 6359
1 65341 35699
1 165377 42415
1 128369 57363
1 156052 3973
1 81003 84049
1 126332 191116
1 99842 126199
1 752 58029
1 184394 62273
1 134659 42517
1 58912 337
1 130831 35971
1 43381 84116
1 6175 23888
1 190809 111540
1 122844 42176
1 51979 95616
1 8058 23112
1 178174 151256
1 54116 99872
1 67309 114781
1 58405 107210
1 101857 58968
1 120728 118819
1 148610 45226
1 174353 12266
1 52189 5940
1 6989 8207
1 161525 38087
1 177880 87806
1 120973 64206
1 134781 148075
1 101235 15802
1 101683 28319
1 4497 126318
1 148038 34691
1 83760 158125
1 181315 107821
1 73230 15872
1 124968 139945
1 181666 15468
1 144906 39753
1 31276 23315
1 125961 79152
1 172354 58025
1 86833 152858
1 196056 17435
1 159538 142448
1 188624 1658
1 17027 74571
1 22082 125358
1 10385 151111
1 88461 137240
1 123438 97866
1 151519 179016
1 181240 35796
1 108481 149536
1 114311 12681
1 151142 29512
1 1114 42621
1 153269 35924
1 17156 33791
1 41877 69362
1 39123 113704
1 183608 161689
1 45889 15078
1 51627 48494
1 105887 118788
1 93980 132536
1 39614 151867
1 81772 36486
1 65952 100543
1 192568 43743
1 25310 189187
1 85091 161642
1 21274 179598
1 40870 172063
1 179240 69955
1 186073 178029
1 128952 59563
1 6532 138157
1 82951 47237
1 84897 103751
1 197383 143633
1 104628 61412
1 100555 24664
1 7119 14035
1 54584 91200
1 95070 118655
1 58344 98959
1 26042 49361
1 90912 58621
1 161964 145185
1 34676 139390
1 36223 95331
1 109241 171536
1 104139 54160
1 173548 36162
1 182271 193106
1 25313 110342
1 113966 135027
1 3374 104121
1 15453 41544
1 99800 2927
1 45580 152602
1 57341 89604
1 184067 137429
1 192644 196832
1 109983 197300
1 104642 138762
1 61725 170924
1 134766 180592
1 11493 136600
1 102152 90933
1 21979 44645
1 52805 149244
1 79778 63231
1 167933 175221
1 70129 109436
1 179288 49317
1 58650 25286
1 87862 68602
1 186071 10638
1 170398 9679
1 20760 55983
1 130601 43708
1 169547 146784
1 10608 190946
1 188268 153375
1 174195 102645
1 60685 22106
1 51979 95371
1 34598 171103
1 163602 2340
1 58912 6470
1 187472 184250
1 115743 19741
1 196457 176970
1 95054 98324
1 171398 77475
1 46767 151850
1 118465 39087
1 130850 61976
1 78037 166527
1 173366 52860
1 169797 105243
1 119278 127240
1 140875 24394
1 183253 103915
1 175747 143327
1 63813 48192
1 162265 175621
1 15731 33590
1 36592 57868
1 194815 192127
1 45524 174900
1 127163 66109
1 163298 91000
1 44730 54698
1 1654 63967
1 12955 110982
1 101398 142271
1 123797 42694
1 125917 123730
1 174469 175483
1 15786 149054
1 160694 23617
1 61065 158623
1 50800 70249
1 126817 1751
1 124483 83368
1 186784 94041
1 87893 6400
1 108836 71154
1 112746 70767
1 168556 115417
1 99508 91095
1 123838 104952
1 118172 35566
1 158105 132731
1 35087 11943
1 51741 130712
1 63243 43936
1 25465 93855
1 162795 169614
1 46358 42436
1 147122 143141
1 150530 174122
1 164565 23883
1 155808 170675
1 45515 101119
1 178893 139781
1 68889 198086
1 167637 181470
1 169816 77655
1 197975 166236
1 91658 48520
1 17910 113286
1 51485 159351
1 184386 107422
1 118527 64316
1 186598 192810
1 190627 47951
1 180307 101121
1 120850 198263
1 3564 6675
1 109557 20083
1 42099 116604
1 187489 11115
1 9203 197835
1 101348 102617
1 137008 73037
1 2383 129844
1 3020 90655
1 73412 93981
1 31995 180083
1 103170 142926
1 101033 153058
1 74158 47679
1 127401 138420
1 133476 39322
1 47137 90475
1 130558 100513
1 39668 278
1 51300 37854
1 189937 173716
1 85845 91468
1 25914 142311
1 56437 69188
1 46263 172156
1 125335 139690
1 92027 63607
1 8204 87641
1 136822 56004
1 60524 127307
1 45661 185435
1 4900 38093
1 3031 114323
1 139585 34403
1 58858 91242
1 66300 42359
1 48293 132052
1 119046 143048
1 88270 52930
1 99157 91920
1 47375 104692
1 25135 28982
1 63516 49730
1 104182 47542
1 196967 199399
1 18293 55181
1 82952 195407
1 84330 135977
1 13927 37922
1 117844 196879
1 161964 77201
1 166142 128527
1 31720 164832
1 150605 168677
1 129157 40309
1 158406 97777
1 28780 9696
1 140259 140569
1 81461 153323
1 40600 46781
1 32851 95459
1 20256 33564
1 110848 58983
1 36301 90052
1 128615 41137
1 40912 14975
1 34962 47011
1 137797 94716
1 26835 178195
1 53122 160571
1 58998 173209
1 111009 177725
1 133926 42776
1 157964 109548
1 141150 21835
1 78729 156294
1 110674 81426
1 26886 161231
1 125663 61564
1 101350 8120
1 167217 134103
1 100556 34378
1 30195 90039
1 21927 168151
1 192957 87619
1 155902 175075
1 166456 197637
1 180606 132622
1 15125 95795
1 120321 97029
1 136110 68793
1 168417 143401
1 66492 106953
1 129534 176064
1 11836 159846
1 114572 33051
1 82140 97261
1 113312 102856
1 42473 117605
1 129724 48632
1 90941 98504
1 178905 61043
1 17509 65554
1 26804 123
1 175313 188681
1 59675 127037
1 3903 58574
1 164090 130495
1 9450 7651
1 134817 111750
1 158766 29372
1 5016 119943
1 107839 152331
1 71142 21264
1 154251 27718
1 129757 105080
1 128301 49147
1 106986 40324
1 193940 37080
1 19420 82843
1 102386 127412
1 127410 171821
1 104296 170529
1 123626 168222
1 3378 127094
1 110406 132409
1 46223 120663
1 125922 17363
1 39604 193224
1 80564 190396
1 35953 170482
1 97762 32365
1 47780 81012
1 41482 144495
1 139100 81518
1 45453 104776
1 28688 144457
1 76125 186859
1 7746 124875
1 133449 152224
1 65069 142938
1 129671 106481
1 86198 185230
1 36801 27286
1 148242 26620
1 140642 105571
1 129972 31168
1 120226 30321
1 127865 117194
1 43152 135690
1 139479 158508
1 42144 45017
1 56452 33379
1 12021 86416
1 198819 167460
1 151792 143963
1 103795 189352
1 114617 62470
1 179131 111674
1 124557 26730
1 111665 165952
1 130953 20829
1 89962 136585
1 115510 165274
1 136070 3158
1 22357 83695
1 21724 118955
1 16812 161126
1 135012 184664
1 25681 10293
1 33828 89475
1 180854 183081
1 66781 40056
1 12982 133520
1 70774 47347
1 166047 19302
1 140777 76332
1 71744 156290
1 81900 70052
1 180405 12994
1 91618 86255
1 6256 55796
1 181059 65667
1 175050 57479
1 41417 64064
1 50506 107505
1 97885 39872
1 54452 78561
1 173377 152353
1 80086 4263
1 192063 145616
1 9423 12194
1 174482 45463
1 25057 13483
1 103954 94762
1 145400 110656
1 183973 164910
1 196346 6259
1 48804 32843
1 178961 136660
1 119820 91956
1 97655 155291
1 81958 102580
1 107522 70618
1 98041 57531
1 195376 30563
1 168430 153321
1 75572 159734
1 188804 108506
1 191809 122350
1 73013 107442
1 161366 192748
1 96999 9451
1 55179 28035
1 192855 81052
1 175771 74469
1 47107 55436
1 37553 111181
1 71256 34359
1 74743 137902
1 192923 135968
1 139549 151388
1 32923 29335
1 141287 20090
1 81175 175117
1 74298 72740
1 124971 52629
1 194408 1693
1 8576 191229
1 77754 191100
1 182325 103246
1 61757 196882
1 94216 21023
1 61136 196318
1 95369 144288
1 54316 178100
1 188353 5093
1 152052 170731
1 187423 14578
1 62400 88390
1 106659 120838
1 50340 179685
1 175374 191211
1 116038 191341
1 146761 141372
1 81696 197237
1 132436 180728
1 104657 42419
1 88690 65542
1 64171 164390
1 27027 141128
1 31736 2500
1 164674 124005
1 127246 176806
1 195216 136465
1 97877 49203
1 69504 39456
1 62295 121994
1 144884 66059
1 23815 135027
1 65752 129730
1 128020 174408
1 77325 180402
1 12911 172640
1 197337 116504
1 186586 40509
1 75468 27463
1 114996 101814
1 151158 126838
1 122179 37927
1 83719 28621
1 70721 123415
1 138246 19057
1 80170 105961
1 88055 166222
1 21380 2311
1 102854 153828
1 17455 90956
1 174073 13077
1 108590 20913
1 41684 67566
1 52407 54843
1 150158 13620
1 196920 60962
1 133300 163888
1 112618 135492
1 94621 149502
1 136602 43531
1 73422 50898
1 109301 183068
1 92909 191755
1 2708 67714
1 190380 116029
1 82504 79129
1 168686 31417
1 149223 158911
1 103485 20511
1 17175 14200
1 152240 51751
1 127963 48736
1 50326 75116
1 19868 8407
1 101608 164346
1 59449 73640
1 127086 60250
1 33105 77689
1 91632 169819
1 146192 36666
1 174624 179170
1 45048 122183
1 173318 188149
1 81458 182688
1 95723 90564
1 189205 90508
1 48778 40761
1 163765 14025
1 71987 90626
1 65456 198134
1 92162 181340
1 159221 81284
1 149568 106402
1 130518 127258
1 125207 185301
1 74959 111816
1 89788 115694
1 23062 101551
1 182871 148642
1 77862 191278
1 190198 127669
1 163975 145359
1 159987 114498
1 99039 82291
1 100707 51081
1 28351 68923
1 29441 74618
1 52839 128633
1 794 165441
1 101467 123286
1 143738 150162
1 40106 137220
1 17622 32183
1 149499 36583
1 4027 119959
1 39387 99135
1 199478 139081
1 194693 113369
1 181829 183385
1 164401 30263
1 44542 22234
1 146272 121021
1 152895 101741
1 27046 13661
1 29718 198288
1 168697 79429
1 187057 554
1 14136 115207
1 114312 115989
1 6655 189640
1 164104 127789
1 176810 1133
1 23172 174425
1 181928 64387
1 30103 55383
1 180290 140206
1 27357 181324
1 106156 113748
1 38675 52748
1 79435 44106
1 140490 162982
1 95815 194175
1 140244 178036
1 165778 21927
1 101864 197537
1 24697 71083
1 144216 190396
1 79403 30607
1 76918 67452
1 167624 46435
1 196801 142931
1 78571 68974
1 114262 163768
1 81530 139544
1 79956 167856
1 57453 9174
1 53840 179100
1 41182 142491
1 60219 184137
1 61648 3133
1 176336 94771
1 168258 151462
1 117250 110043
1 19637 1532
1 144101 143499
1 139452 48083
1 92827 93734
1 143556 138192
1 20226 164725
1 47715 17889
1 120220 112432
1 117093 53083
1 176319 194442
1 153173 193971
1 20350 131840
1 131465 129890
1 139095 147426
1 155057 12690
1 33950 83874
1 170657 187022
1 94057 23133
1 147356 163369
1 100542 78312
1 157412 140141
1 139770 189980
1 162047 189767
1 98306 23589
1 181707 624
1 160431 3143
1 168261 154142
1 15733 3122
1 122390 136237
1 70677 159367
1 157663 51400
1 193796 108330
1 122758 157212
1 25819 109067
1 128130 179711
1 55360 38256
1 8675 152732
1 185364 97797
1 97573 160674
1 67230 91046
1 151862 130029
1 100984 94956
1 181190 12789
1 128248 158262
1 102478 98421
1 153954 39737
1 100836 125087
1 190220 178187
1 101821 36606
1 69073 4076
1 173956 48107
1 4090 174551
1 38938 178996
1 45417 145095
1 4910 72394
1 102088 162892
1 85055 35946
1 196402 50064
1 31471 6542
1 181216 189733
1 172554 197588
1 175958 73617
1 70679 10542
1 13454 78428
1 5662 121036
1 191973 174937
1 95738 33863
1 96516 188724
1 34913 78735
1 57746 32955
1 104305 65239
1 181336 37231
1 85501 146303
1 73141 100684
1 181016 184706
1 120963 45846
1 44641 47905
1 42377 176743
1 135120 911
1 105954 88310
1 127232 125598
1 5485 149802
1 173501 188522
1 140855 175007
1 7055 26884
1 76390 20664
1 109255 172129
1 4262 77606
1 166921 9604
1 123033 155127
1 135131 85545
1 166395 167202
1 180332 161588
1 90195 126546
1 47080 63257
1 50464 6385
1 83260 122060
1 21251 8310
1 146020 33451
1 20585 129010
1 167229 23211
1 118524 99607
1 199 184769
1 190667 82890
1 188218 155409
1 5494 75818
1 84365 130268
1 144670 81953
1 184451 147429
1 169868 160874
1 188791 19236
1 43617 120676
1 141801 3310
1 8254 89238
1 151752 79460
1 61236 178307
1 62914 189660
1 104174 91503
1 26762 131021
1 148893 84018
1 162153 121470
1 110244 105277
1 7433 90865
1 162950 188330
1 180157 184460
1 44172 1801
1 121364 48840
1 20283 153063
1 179680 91101
1 116085 78817
1 46657 187372
1 172462 125226
1 176951 114607
1 151827 69913
1 174568 45278
1 198325 87607
1 133678 195812
1 121212 64327
1 173093 115777
1 36553 159510
1 114227 56065
1 126188 12676
1 156376 165469
1 92935 125971
1 161272 167279
1 62594 8240
1 170086 179291
1 16689 164416
1 72883 69308
1 156995 24685
1 149112 181133
1 27052 43760
1 82080 164633
1 124500 134752
1 30137 166309
1 141441 91132
1 11452 91996
1 83266 45686
1 133850 55867
1 134046 192320
1 163658 109949
1 126652 24667
1 176784 127945
1 132244 29469
1 19471 347
1 68693 189954
1 4178 80561
1 162328 191798
1 181144 8566
1 168581 168098
1 46046 3828
1 58885 164149
1 156529 126965
1 149480 32884
1 40947 101754
1 112406 90373
1 139757 178400
1 49595 109241
1 15830 60622
1 42927 147992
1 73251 157796
1 69411 156208
1 52880 44449
1 36627 27489
1 117869 121236
1 185192 79458
1 108780 159749
1 51628 100440
1 183721 112676
1 154420 78297
1 137851 14322
1 194249 144123
1 46330 106606
1 10583 38498
1 16529 88387
1 4761 47625
1 173510 30959
1 22596 128401
1 44999 176951
1 133235 94152
1 183928 2633
1 143699 183483
1 164794 16050
1 137680 190654
1 104381 39105
1 68352 145275
1 159497 176379
1 91277 110713
1 84681 7105
1 113064 130863
1 180569 2302
1 140268 25354
1 157585 167829
1 32145 32378
1 140178 19530
1 99090 76355
1 141776 150767
1 10848 52803
1 93537 32466
1 81096 188351
1 148101 19941
1 63714 130418
1 109365 52717
1 50236 196568
1 93297 70767
1 67462 88056
1 87045 600
1 63423 185904
1 143323 191724
1 18720 10438
1 123783 62385
1 92935 17707
1 71054 2845
1 76838 44370
1 48376 57341
1 199852 149874
1 183320 162918
1 75252 142359
1 52761 106017
1 157485 96048
1 52875 183954
1 192393 46420
1 16365 140458
1 197034 122070
1 186877 130958
1 198090 155595
1 84414 184326
1 54378 9816
1 162057 159338
1 24764 86593
1 126104 85002
1 59668 160623
1 122638 29854
1 21645 72002
1 41482 90285
1 14200 51928
1 25326 198465
1 127370 75484
1 59818 183370
1 85765 100050
1 57230 133777
1 96295 195425
1 176784 126368
1 89362 83426
1 66586 107568
1 31804 170152
1 33304 142355
1 3672 41040
1 10048 70371
1 108740 72202
1 61219 172907
1 41845 185448
1 54643 5076
1 55135 136167
1 195476 149778
1 155240 122428
1 170919 110287
1 149648 144161
1 16405 86935
1 28953 168671
1 182681 54790
1 93181 18846
1 55761 176047
1 184081 129898
1 68102 125327
1 62387 46856
1 44538 114289
1 41340 16826
1 18609 127330
1 153697 120654
1 197186 156312
1 166956 12077
1 168800 151774
1 185243 28323
1 189092 131395
1 36438 42154
1 13533 116356
1 74263 128187
1 110939 144247
1 73557 2968
1 54583 21880
1 23153 179859
1 190375 126873
1 16869 197091
1 169409 104581
1 51689 5737
1 141517 119606
1 122727 179133
1 134864 190552
1 146017 22206
1 134678 151485
1 186401 85913
1 172735 142146
1 128546 79769
1 120525 194689
1 6781 129584
1 50220 186808
1 1302 26180
1 74243 39738
1 165256 150654
1 96314 159572
1 161485 9423
1 180237 186370
1 25010 23875
1 128976 75988
1 166843 18378
1 184642 47579
1 79122 16516
1 56214 61592
1 6326 65614
1 138623 169062
1 167649 57226
1 17341 29414
1 59066 1843
1 118053 74475
1 19837 62048
1 40629 13991
1 5799 33176
1 114776 152726
1 24422 135128
1 104695 130218
1 184384 31585
1 151233 58806
1 30722 142917
1 69883 153886
1 45739 3122
1 146507 99646
1 47130 132159
1 145281 131866
1 63733 131831
1 193383 6086
1 160604 141092
1 10954 189591
1 50574 164189
1 160585 50633
1 155033 117395
1 160158 95601
1 77575 193304
1 5354 81574
1 155847 11441
1 106245 141740
1 8153 119326
1 135942 65634
1 144126 105895
1 11600 109292
1 7200 53416
1 41630 189218
1 64893 110880
1 71120 135674
1 26457 4086
1 31414 180851
1 25509 103501
1 112412 143363
1 43754 118090
1 99478 182660
1 6714 78755
1 90509 34138
1 181337 173353
1 153739 126184
1 168935 3801
1 145155 170932
1 28241 63456
1 29349 196055
1 172345 95148
1 169120 117417
1 159010 142522
1 67960 173292
1 9376 36957
1 81354 12343
1 105408 199245
1 136605 188582
1 175539 110192
1 93227 189953
1 54657 46764
1 65904 69097
1 4268 182382
1 166770 129290
1 126241 42612
1 165393 42237
1 69030 109793
1 148305 129212
1 6976 71426
1 5350 43468
1 41956 58972
1 156671 14438
1 132577 40441
1 185750 114534
1 101707 55923
1 106614 63351
1 168426 68799
1 86413 101630
1 94564 121661
1 179444 121286
1 69673 91263
1 7933 152812
1 1565 17047
1 59708 99660
1 38987 55462
1 35417 60011
1 166536 136418
1 58708 155750
1 133988 67879
1 37657 76058
1 195672 180482
1 159175 101717
1 176493 50553
1 111803 191934
1 152617 197343
1 42530 7296
1 62783 94870
1 29887 27708
1 180343 146213
1 139065 107631
1 10907 141245
1 133736 138401
1 30883 77446
1 78177 154128
1 5475 88175
1 139328 54236
1 79668 74293
1 134133 96308
1 51616 161459
1 34706 173568
1 46866 162219
1 172051 48528
1 136509 101204
1 182255 25349
1 18186 189348
1 117663 3135
1 190152 149983
1 54828 154822
1 53391 60449
1 188413 189436
1 148853 141992
1 141920 81987
1 190134 135589
1 6297 167850
1 197085 72324
1 105 5790
1 137143 77818
1 57696 165519
1 61497 41999
1 58918 77535
1 103536 192043
1 139654 192466
1 148714 19877
1 70524 17202
1 50915 24202
1 139329 642
1 119859 128299
1 182548 81830
1 55029 177194
1 55306 6353
1 19066 90373
1 179289 199343
1 52400 173092
1 135969 46995
1 176845 69855
1 50172 165731
1 60096 186835
1 70087 27906
1 151705 77671
1 47025 84030
1 158391 74202
1 180804 151419
1 99123 108303
1 185970 129503
1 31691 157979
1 153121 54784
1 113169 21774
1 148857 70987
1 110421 39168
1 3501 32053
1 87439 24989
1 68424 62503
1 142290 175924
1 2234 117093
1 169453 138364
1 180259 174720
1 43555 196904
1 155871 168253
1 50830 132013
1 139922 21509
1 139023 84753
1 115189 66574
1 60281 162422
1 123618 105545
1 43966 18598
1 73436 5902
1 157017 148833
1 34339 193860
1 120637 129189
1 5750 77077
1 117823 33597
1 154793 55186
1 166399 86285
1 144297 45730
1 163356 87580
1 90957 151024
1 12505 61667
1 167071 172629
1 124170 132821
1 12395 26755
1 98627 187247
1 129672 137716
1 188866 175874
1 4644 194579
1 104987 46014
1 198100 138217
1 198053 181761
1 186588 3594
1 161699 71393
1 119867 81600
1 6902 141685
1 185083 61432
1 169920 192874
1 87991 173548
1 109019 196868
1 181485 152848
1 180924 42739
1 159302 91009
1 148194 127321
1 70628 68715
1 17411 183065
1 48683 97721
1 192632 180705
1 79443 164034
1 140200 41467
1 148205 85105
1 198642 51856
1 173043 139957
1 35422 106621
1 106324 32683
1 92806 70043
1 125504 74889
1 85505 193098
1 169137 159308
1 37969 27645
1 125882 118691
1 75917 72203
1 177940 179933
1 61649 89845
1 170023 157264
1 155428 12083
1 190870 166860
1 69737 189700
1 28237 76479
1 160394 155445
1 160271 70762
1 193442 196209
1 110331 135684
1 181675 49674
1 181918 168300
1 49255 30343
1 53119 138453
1 63761 160623
1 15719 81005
1 47878 167572
1 177903 76942
1 138800 181154
1 18894 157928
1 198260 49066
1 2979 183023
1 146461 26858
1 75711 50561
1 1031 70175
1 26295 113562
1 66704 181966
1 111336 103675
1 140668 157263
1 72907 167128
1 147559 154203
1 100795 57601
1 123569 191063
1 120708 195091
1 140709 188512
1 46 94239
1 149098 162521
1 21259 190555
1 31469 90803
1 138173 104584
1 90445 148477
1 176011 177571
1 116873 107052
1 139429 67600
1 56424 57964
1 173813 182659
1 34664 110887
1 125865 97137
1 129192 147989
1 72894 159671
1 144793 24132
1 157134 121672
1 97186 130346
1 143645 91484
1 63059 161385
1 117280 121751
1 134349 138466
1 73808 149816
1 95279 172925
1 81453 26307
1 150787 74678
1 166870 11504
1 90922 127212
1 149384 52629
2 60758
3
