200000
1 85168 31335
1 74683 36296
1 104522 68064
1 152787 139499
1 150299 140401
1 142188 84807
2 28243
1 78671 93474
2 11187
1 23054 78407
1 94885 75681
1 134315 120643
1 62264 37442
1 86104 32532
1 89529 158006
1 29894 118459
1 104999 102297
2 95273
1 106563 48508
1 107913 140033
1 132498 31967
1 183460 80867
1 50558 149836
1 94764 77517
1 38866 143424
1 66938 158826
2 11788
1 196038 123126
1 97448 28011
1 5352 178760
1 125311 113851
1 162758 170305
1 72785 84766
1 111822 109451
2 177979
2 17541
1 110478 82581
1 29999 198954
1 91173 44724
2 43016
1 90446 145216
2 33777
1 198519 153569
1 7211 105070
1 178476 50577
1 111385 194560
1 186148 144368
1 142240 88447
1 19278 90243
1 163477 145071
1 179050 21770
1 20752 194350
1 45369 68813
1 1204 13091
1 36773 680
1 109308 32611
1 39724 9754
1 156424 103909
1 141202 63562
1 45096 181160
2 57032
1 169296 165544
1 117171 113879
1 73183 87132
1 156467 173841
1 3365 36717
1 93600 58874
1 134414 10341
1 12900 95026
1 27208 49655
1 162141 29414
1 143086 75218
1 69538 126007
1 157753 49832
1 173908 172715
1 168998 39354
1 180519 96979
1 74274 934
2 89712
1 30277 86653
1 141983 173809
1 142306 121678
1 77283 197666
1 142136 122083
1 82582 59202
1 142899 138732
1 173729 51807
1 127380 9767
1 57950 117026
1 50747 45455
2 191175
2 28633
1 136960 73272
1 115866 171431
1 38830 102571
1 163165 155437
1 97735 84604
1 170874 50754
1 59558 47862
1 162907 2027
1 10362 154567
1 31890 137743
2 53493
2 53229
1 98717 105710
1 123339 108573
1 27452 170625
2 36644
1 45548 191284
1 194569 194874
1 55308 51867
1 170059 194512
1 96531 29313
2 131669
1 24691 22694
1 87380 146821
1 19864 163043
2 18085
2 43845
1 173355 12900
1 164091 56774
1 188529 86020
1 13369 95260
2 150465
1 41503 62882
2 73946
1 129492 135313
1 97242 125142
1 194246 57748
1 133869 50415
1 182544 133783
1 41797 127557
1 158539 23191
1 15829 94983
1 166337 4143
1 164396 163933
2 149085
1 137110 140295
1 98608 179985
1 106115 26269
1 42640 63945
1 130128 77990
1 93935 8721
1 1989 45294
1 162376 190978
1 48216 164825
1 143736 172978
1 18078 63030
1 148874 92892
1 108983 60361
1 196350 21390
1 191930 27475
1 7514 100562
1 63071 45988
1 12597 78558
1 169644 15908
1 131327 65215
2 86114
2 191581
1 10179 152281
1 123790 23175
1 146022 44280
1 174764 89601
1 106367 131827
1 199674 179439
2 36076
1 194363 82634
1 143490 195963
1 191625 157011
1 186656 9562
1 12524 78581
1 176981 147714
1 118669 39178
1 159525 74719
1 127918 67759
1 119323 131650
1 63897 159763
1 122201 2250
1 150536 162112
1 182752 156368
1 36310 163751
1 40668 128722
1 151718 13553
1 172916 69154
1 177618 97923
1 143632 148303
2 137943
1 52588 166059
1 179549 143678
1 117672 10075
1 144302 27470
1 155280 48222
1 128720 113072
1 158901 24423
1 60982 42467
1 67612 58537
1 128853 179937
1 192686 178083
2 20019
1 84757 106337
1 71834 127026
1 137276 48614
2 62153
1 129974 133136
1 191885 76014
1 100184 27729
1 127608 14076
1 58776 103934
1 142066 113031
2 45637
1 54358 152770
1 49643 105054
1 76241 195018
1 47828 95679
1 9449 168669
2 28309
2 174991
1 170819 78714
2 146803
1 181424 68812
1 31477 117987
1 197707 35731
2 198434
1 51298 129652
2 66538
1 934 6444
1 154034 50558
1 194160 125102
1 68098 118630
1 176722 114343
2 26332
1 129405 173258
2 80833
1 72311 145708
1 28919 79519
1 140764 78176
1 192295 71949
1 10471 147529
1 63642 178536
1 48983 457
1 89202 66715
1 178978 183491
1 156691 38548
1 147425 49957
1 106293 79462
1 34426 190968
1 10920 60288
1 92175 171880
1 108777 61710
1 85925 80719
2 28964
1 158509 170583
2 195739
1 88341 29133
2 186095
1 11925 28098
1 4758 47741
1 122712 60516
1 14524 180549
1 102348 120840
1 28042 62729
1 49369 98501
1 50951 150401
1 15457 77291
1 109718 27372
1 161619 188072
1 38369 90967
1 159215 70589
1 96963 47597
1 122837 32033
1 45429 33536
1 76818 22323
1 122364 26839
1 92205 57318
1 151056 80313
1 47663 113192
1 119183 142200
1 60337 51219
1 190243 24768
1 73834 192791
1 433 26082
1 198841 193127
1 13955 63836
1 157359 171108
1 192504 179499
2 101536
1 94742 172523
1 178360 164844
1 154683 144353
1 58680 72905
1 180131 56054
1 27099 188819
1 157561 186378
1 147290 4950
1 36635 8615
1 110269 135002
1 51048 149494
1 59148 140656
2 123468
1 14773 151865
1 30011 68809
2 147033
1 42693 17120
1 138996 164866
1 14585 180855
1 103581 40924
1 4099 8500
1 26566 84625
1 68240 199436
1 112913 198553
1 87903 5467
1 45612 53314
2 115530
1 198677 197183
1 162523 73491
1 104947 180826
1 155004 114864
1 19856 174302
1 195141 43353
1 148196 86314
1 22657 120337
2 164794
1 97910 193419
1 15793 168376
1 84774 16504
1 61312 46956
1 168570 52291
1 107910 14297
1 158197 102585
1 192410 7618
1 97244 197094
1 146419 36086
1 92293 64127
1 10329 32477
1 77282 14225
2 13772
1 129699 144782
1 86925 160755
1 176058 159702
1 167667 89927
1 119557 6859
1 30392 56768
1 175784 185480
1 144000 74816
1 168597 196287
1 14024 81279
1 9082 171464
1 63607 189943
1 84521 108012
1 172328 82384
1 43079 194670
1 94837 24910
1 191289 187867
1 23749 146874
1 177356 129812
1 165465 111758
1 10083 194073
2 80147
1 171113 96551
1 16421 113351
1 35661 20138
1 70457 135943
1 180670 136475
1 29712 124137
1 54831 157425
1 23777 90140
1 63531 95505
1 150910 24875
1 109473 198915
1 151993 112144
1 132659 64980
1 137297 145085
1 81852 9868
1 114083 183143
1 103392 172115
1 7118 43731
1 12952 69918
1 142439 69157
1 27453 14816
1 160415 106214
1 4116 97775
1 16241 6614
2 68571
1 140685 187344
1 120292 66580
1 182974 107088
1 66258 23119
1 158280 659
1 5007 59964
1 76111 68215
1 108025 162801
1 20453 173374
1 34488 62008
1 199186 128126
2 73834
1 39200 39333
1 53445 75024
1 127100 103868
1 77037 77175
1 126793 81680
1 100770 83176
1 61010 79620
1 137345 135123
2 84778
1 7966 110753
1 49412 109723
1 91414 22107
2 17076
1 195216 156748
1 36319 89094
1 138022 124118
1 88712 76212
1 92999 60713
1 77079 93866
1 13317 157574
1 48446 36169
2 197866
1 34706 32263
1 24968 41996
1 77143 49347
1 4200 63251
2 163665
1 40620 182258
1 142937 199339
1 173827 41173
1 142672 21442
2 15513
1 113480 199111
1 36159 124061
1 171379 61332
1 97372 180939
2 118306
2 91604
1 23605 172134
2 41042
1 45913 124052
1 878 5044
1 188600 168911
1 114252 155306
1 2393 121931
1 63816 74006
2 38143
1 131109 111786
1 21648 96280
1 46226 94225
1 43640 193128
1 80883 190464
1 161186 167990
1 42342 114477
1 105620 77365
1 109085 63493
2 15444
1 1500 65480
1 56048 107126
1 102765 198464
1 8092 75941
1 76089 148661
1 46055 78065
1 102878 164122
2 169562
1 78684 2992
2 62488
2 110748
1 123648 37647
1 108911 80892
1 179886 58907
1 198706 113169
1 52402 152486
1 187064 125206
1 191718 108674
1 83232 120111
1 197016 88139
1 191159 128185
1 69583 24722
1 113442 38039
1 124700 98636
1 72848 64953
1 43492 156924
1 80224 71216
1 185130 98334
1 119630 154864
1 120737 35542
1 178532 15844
1 121010 117464
1 12574 52856
2 82186
1 46245 79582
1 163052 14568
1 83882 53009
2 130348
1 35297 70910
1 76701 138265
1 78100 167840
1 68549 87719
1 14001 22787
1 127883 154369
1 169208 28322
1 106070 170482
1 146350 163718
1 35301 195797
1 193035 168855
2 66259
1 118559 168418
1 179905 119786
1 14068 131605
1 196740 1580
1 61971 109498
1 169851 188958
1 91312 83144
1 187223 125333
1 161684 116166
1 53307 35653
1 126248 90422
1 51306 43207
1 159874 74429
1 14061 116331
2 67630
1 134007 201
1 123959 158398
2 172529
1 40222 92390
1 147205 171639
1 33339 36222
1 100213 144637
1 28784 67631
1 191233 130853
1 150914 56944
2 105876
1 167227 184503
1 24300 92718
1 125845 171163
1 140127 138331
1 164981 17103
2 116825
1 78486 52605
1 71412 10558
2 104619
1 186325 74487
1 168476 110122
1 119097 79121
1 110250 25274
1 153515 152464
1 124248 169293
1 77284 176942
1 63409 95216
1 70713 125756
1 1850 18769
1 58473 35147
1 109022 101201
1 86888 68701
1 77018 140685
1 42215 133579
1 112745 52456
1 35815 172215
1 194098 34907
1 87294 116277
1 52401 95358
1 6760 166133
1 175587 108185
1 178066 167412
1 175478 112678
1 160738 115236
1 74800 95465
1 73610 86040
1 117727 110260
1 166799 97397
1 154113 102195
1 100821 20885
1 74484 102847
1 96173 35133
1 118175 184609
1 2273 39489
1 144418 105316
2 27007
1 124245 38460
1 90989 81764
1 147831 96572
2 15647
1 170558 167211
1 129443 194416
1 143099 179406
1 135938 73909
1 75477 189044
1 159969 75063
1 65578 198329
1 73160 6754
1 147937 54405
1 41236 65905
1 132943 13279
1 47554 67417
2 152171
1 187194 61498
1 177523 90869
1 25625 184992
1 137931 183458
1 126207 149463
1 7844 23754
1 22779 18390
1 51493 97877
1 50642 9327
1 191193 88931
1 113381 156252
2 89140
2 84212
1 143565 195244
1 152822 112913
1 26928 175309
1 29293 182247
1 131649 14460
1 74912 108714
1 157074 44519
1 71784 162352
2 78363
1 35084 154783
1 142663 93829
2 82117
1 172095 151916
1 163834 150496
1 149439 21307
1 185313 145060
1 108104 21537
1 75751 105266
1 88516 34274
1 78405 29452
1 91012 63620
1 142617 126823
1 91216 75069
1 145941 105394
1 176495 106969
1 5096 42343
1 177268 128944
2 141613
1 50454 99658
1 34120 101459
1 136157 123073
1 54212 164748
1 153713 20057
1 44976 63034
1 147119 18509
1 80991 67095
1 164595 191396
1 193968 39587
1 3971 158580
1 143194 145427
1 118906 134071
2 125370
1 39821 184887
1 118416 149083
1 88228 130630
1 177788 67141
1 136879 70286
1 112221 157576
1 138968 198589
1 96995 43274
1 47587 116593
1 31063 169551
1 80695 6953
1 92867 114569
1 154285 147435
1 142944 154017
1 144152 181366
1 18304 101956
1 116693 77994
1 80573 36016
1 114197 166902
2 77474
2 103211
1 50179 123193
1 2231 133810
1 110367 30927
1 56906 191944
1 192749 89288
1 45872 103724
1 170058 164170
1 64046 186595
2 88258
1 35038 187997
1 135542 126388
1 41348 174527
1 152472 139907
2 184081
1 109668 73274
1 161251 87440
1 121177 8353
1 185439 91598
1 153948 117787
2 144166
1 59911 30196
2 181881
1 169844 83290
2 5257
1 97857 89654
1 127624 107845
1 157120 1796
1 89318 48892
1 102834 43379
1 55153 83565
1 121972 104610
1 127370 189294
1 62968 198432
1 51691 25587
1 125079 39577
1 52364 180957
1 147481 199495
1 124055 51078
1 144576 164310
2 121742
1 45937 130075
1 99129 39675
2 89886
1 192170 133530
1 193 1431
2 109542
1 188033 60717
1 135953 24842
2 19799
1 106680 50364
1 122657 60598
1 180899 79993
1 26993 73432
1 190202 13504
1 75929 21322
2 24036
1 162298 85798
1 13121 2023
1 9630 54673
1 154800 92050
1 100328 39691
1 36382 171371
1 58611 116746
1 11376 90780
1 20832 178772
2 91485
1 131335 24258
1 56147 16704
1 9116 53067
1 52954 166621
1 15988 10807
1 54694 193329
1 180087 193528
1 155068 24767
1 46166 112609
2 41068
2 131541
1 174550 180754
1 46506 74914
1 73587 139195
1 141325 39993
1 109564 5448
1 173897 117874
1 144453 63789
1 100267 135744
1 152162 188453
1 165002 49821
1 162770 67458
1 190613 12788
1 39 105525
1 4511 12303
1 173177 120794
1 51501 166912
2 178124
1 147080 116670
2 80702
1 35990 20026
1 46259 94509
2 144561
2 75875
2 117072
1 121758 28451
1 73023 123143
1 91659 171164
2 23932
1 116964 14555
1 157302 49214
1 45153 68337
2 75768
1 177660 3135
1 45108 124422
1 45368 104290
1 20528 99058
1 175338 128685
1 96075 25974
1 106568 188838
1 142066 149442
1 146750 85798
1 21702 137860
1 20798 151621
1 119181 140279
1 99019 151621
1 123224 20207
1 173762 93117
1 196213 68899
1 120042 141321
1 163541 20092
1 169533 96433
1 71936 183453
1 124599 198806
1 97784 42035
1 190878 53476
1 84714 59263
1 145811 188404
1 24348 66209
1 37336 23872
1 99539 58343
1 69537 42509
1 5572 30998
1 13856 118803
1 60733 142904
1 45963 56305
1 35093 26662
1 130096 36111
1 45969 41304
1 143293 128659
1 52056 124906
1 73225 35848
1 120410 149041
1 66918 150027
1 24635 115391
1 198571 1144
1 55494 60082
1 179964 7124
1 132432 153027
1 177437 10812
1 160745 167246
1 36407 22285
1 29706 165405
1 98409 161877
1 103036 185914
1 65043 86010
1 153221 164980
1 86046 139946
1 145112 42353
1 96208 137859
1 61565 156661
1 138895 72451
1 36606 109681
1 170611 34994
1 94675 117135
1 16913 191374
1 103248 130877
1 8261 42743
1 189134 74361
1 45055 43484
1 89751 162396
1 45585 90917
1 47958 133096
1 181688 126370
1 21373 63446
1 123561 30068
1 20600 61468
1 174365 187962
1 69075 163516
1 47263 18623
1 135463 90962
1 49301 62370
1 8522 136222
1 36430 582
1 165367 42321
1 184907 171898
1 86012 103317
1 112080 29355
1 291 20063
1 88621 86024
1 10210 159929
1 48840 147382
1 111814 190027
1 195757 110966
1 92893 80490
1 135704 61331
1 112355 140643
1 13057 115728
1 135983 98761
1 190889 52305
1 189535 170557
1 56100 96201
1 37953 138686
1 137000 117156
1 136836 83697
1 105493 85941
1 4638 9714
1 82245 138210
1 83518 20315
1 198806 143182
1 109492 193492
1 169653 108615
1 36703 64091
1 99116 19761
1 96152 118742
1 11503 34034
1 154653 50838
1 155427 130975
1 135680 6382
1 91120 76519
1 2769 91701
1 17737 198271
1 134664 15832
1 10745 49230
1 115191 51683
1 17712 2713
1 63664 136465
1 141326 120433
1 142515 166546
1 164015 176411
1 182107 74011
1 54263 177984
1 136969 10356
1 9056 157398
1 59152 95038
1 156481 101774
1 59682 47108
1 157281 170176
1 161594 165891
1 24572 99795
1 159051 42812
1 33493 134257
1 180009 69242
1 67836 24170
1 198391 173662
1 75682 68072
1 187601 146355
1 121114 195795
1 8314 140783
1 120946 160453
1 184905 19654
1 177395 119728
1 172559 78581
1 193332 97934
1 131403 197517
1 63461 182474
1 118993 59518
1 123034 10349
1 44472 189734
1 38359 111115
1 17155 69146
1 10267 159086
1 74770 131764
1 109552 149379
1 91914 86685
1 140273 178372
1 125570 146141
1 84253 52517
1 84272 7201
1 50971 11459
1 5139 114635
1 96717 138633
1 67617 80064
1 188826 176613
1 113523 3310
1 179958 133867
1 184944 149660
1 20981 125895
1 136375 194614
1 131792 146152
1 14352 6169
1 26039 171179
1 198293 30236
1 198743 167877
1 166109 104607
1 70445 84214
1 194410 60440
1 109388 23530
1 65555 61787
1 117483 54129
1 109492 148649
1 163762 55777
1 50388 143613
1 118854 144010
1 1814 170003
1 102739 57882
1 167716 20729
1 93465 71186
1 2713 39386
1 95546 91241
1 134638 23432
1 60611 152062
1 105576 27146
1 104697 86852
1 169087 90598
1 145445 118633
1 195473 145072
1 118051 120775
1 97480 145876
1 71783 54990
1 182665 42528
1 19408 151217
1 96991 40341
1 21810 82321
1 21926 109424
1 125406 78631
1 83196 38963
1 27124 50485
1 174693 110777
1 92716 84782
1 126973 67130
1 149665 37669
1 14308 25115
1 149535 81460
1 103909 171066
1 11951 57965
1 8870 124855
1 10272 54534
1 119383 23943
1 36247 58560
1 49876 33525
1 175642 141528
1 194461 182393
1 14233 20466
1 41017 93054
1 35966 156994
1 30182 96814
1 56439 72125
1 185411 147521
1 75201 126207
1 171329 29702
1 102903 23294
1 127879 52592
1 91418 100911
1 97637 110564
1 130915 169335
1 145916 39874
1 22599 82644
1 173099 52914
1 99594 153165
1 60988 32049
1 176135 180567
1 23120 195227
1 194686 189641
1 194184 115899
1 94623 102786
1 109750 99665
1 99862 118489
1 84803 1251
1 101847 191365
1 19937 136135
1 36396 137102
1 76212 192303
1 94332 170996
1 51196 36213
1 17246 170782
1 75910 148905
1 11102 120581
1 114388 125913
1 33167 109281
1 20362 131680
1 186642 135060
1 88730 3762
1 172773 71958
1 82546 103847
1 3823 57441
1 72548 142149
1 168394 30301
1 57045 184211
1 129042 159630
1 163498 67931
1 82542 194365
1 110256 54527
1 194140 183716
1 146443 54015
1 108097 119326
1 76769 73161
1 133681 148493
1 45127 21122
1 36155 60749
1 55276 61652
1 115321 34457
1 115652 129721
1 91542 125629
1 136184 191558
1 74145 119804
1 24524 58363
1 167953 8322
1 196240 121354
1 166552 187852
1 140363 117094
1 31469 152790
1 104165 37773
1 22421 29253
1 149779 32665
1 173809 174102
1 1992 184515
1 198222 84551
1 199002 134585
1 119080 158404
1 50035 71841
1 106624 34837
1 3449 81198
1 176096 122437
1 115072 32995
1 121003 62549
1 117485 193253
1 117738 25122
1 50990 83397
1 176213 106068
1 122008 47694
1 198175 168841
1 11936 55692
1 59141 126018
1 165439 198941
1 9303 35084
1 61215 149820
1 102151 68016
1 99211 111051
1 48882 93406
1 17046 103393
1 10029 14231
1 28682 65237
1 183505 55707
1 191060 79561
1 25162 194195
1 171821 151865
1 65756 85695
1 69707 81094
1 117751 167713
1 70218 129662
1 90492 199275
1 152277 85615
1 154383 53543
1 2201 122731
1 176736 3750
1 119852 122461
1 161589 164907
1 137977 2637
1 150970 53975
1 160367 19376
1 166347 197528
1 179626 4532
1 61953 63822
1 181154 91018
1 172603 71422
1 93714 35124
1 46894 17339
1 51052 33040
1 32880 190673
1 171451 165414
1 90049 75123
1 130392 109935
1 25628 112295
1 123665 182246
1 187516 112048
1 41687 194643
1 47665 127292
1 147623 129877
1 132197 15183
1 180539 37807
1 58794 124784
1 184817 57942
1 29254 153426
1 121787 196538
1 116097 78406
1 176201 43923
1 63918 198174
1 133876 63406
1 186297 121188
1 105772 175287
1 197680 173309
1 74660 106313
1 31508 115480
1 78140 147572
1 121569 192923
1 19631 110286
1 197147 198543
1 83774 25981
1 124828 13834
1 162204 84163
1 4763 5213
1 67611 102091
1 41855 174656
1 77271 43314
1 150500 140731
1 103329 43481
1 165037 128469
1 26222 193195
1 103179 51522
1 39169 7082
1 1932 58376
1 81814 121982
1 134439 65587
1 141265 53696
1 10951 134458
1 124582 78339
1 72982 65136
1 25097 141477
1 56459 88623
1 111896 194453
1 173815 76930
1 27592 191588
1 152716 5394
1 147726 144016
1 60079 5588
1 58510 65422
1 3071 8048
1 161481 45848
1 97062 150388
1 134914 182968
1 34463 103354
1 78449 138900
1 74889 148374
1 9963 179322
1 79083 1541
1 62545 54700
1 133960 128147
1 70329 151471
1 61924 49675
1 24346 107089
1 91031 21028
1 51835 188281
1 113682 116778
1 3358 146548
1 170159 42922
1 87145 171580
1 172542 144930
1 44053 51723
1 178636 167720
1 3418 18465
1 179382 2009
1 118297 66066
1 48431 14980
1 67532 99795
1 117198 167064
1 126123 195846
1 116508 127692
1 101665 147843
1 8348 102349
1 40622 128041
1 102491 182317
1 148318 24421
1 185273 30730
1 154346 110211
1 107000 160572
1 98476 27763
1 141573 96258
1 192584 15517
1 6661 98031
1 27225 169575
1 71842 170833
1 101978 194822
1 173461 183138
1 63254 33987
1 180085 80371
1 62354 33040
1 69633 178261
1 48121 163275
1 189995 171146
1 55432 1681
1 96805 59179
1 34234 181703
1 182640 67226
1 48054 50853
1 89762 48683
1 67448 101828
1 98871 82638
1 177022 129129
1 82011 14720
1 51251 121362
1 50871 96371
1 136993 163584
1 96954 13563
1 172754 14341
1 120425 28218
1 160519 147664
1 98602 199757
1 23901 129078
1 25998 178168
1 44731 84995
1 180445 179792
1 111169 119425
1 36581 187495
1 190766 103240
1 90374 144573
1 183377 153607
1 19639 136037
1 183666 120786
1 147933 184629
1 145921 199212
1 782 188402
1 27519 29398
1 25056 38203
1 198571 176792
1 120887 22004
1 140144 175311
1 50126 96693
1 5004 106231
1 116166 136564
1 59460 22331
1 132717 146417
1 127878 58491
1 45584 58465
1 77279 131101
1 60675 128540
1 195102 195735
1 95728 86282
1 60360 141307
1 66206 137227
1 196926 142980
1 95492 30886
1 154347 127456
1 88527 32308
1 76658 6398
1 87279 97294
1 76631 20377
1 118120 39604
1 47724 18949
1 199960 34175
1 184383 122426
1 182148 39497
1 83330 187999
1 56295 150426
1 36154 113688
1 153277 62678
1 184300 4883
1 191181 184998
1 140741 112079
1 147573 190820
1 6409 179053
1 173499 170187
1 47998 107835
1 110160 120222
1 26266 91518
1 36071 86679
1 56298 95937
1 33207 186834
1 76291 5275
1 11532 153147
1 20782 68805
1 150997 127349
1 117839 176284
1 96809 117836
1 69463 56307
1 98651 173405
1 33131 75357
1 154816 105732
1 173267 22137
1 91901 20935
1 111015 45438
1 53014 27457
1 12727 175177
1 76788 155025
1 19387 100900
1 28727 170115
1 144122 113497
1 23357 110463
1 90750 113208
1 190385 68784
1 48311 55269
1 160087 38071
1 60334 147941
1 176214 130130
1 89709 35370
1 160583 127367
1 4269 72476
1 144637 172757
1 155776 103850
1 77077 78492
1 44032 101842
1 153215 75788
1 25336 20589
1 63501 7627
1 123025 188670
1 186876 166762
1 72895 29884
1 100801 131851
1 125356 53790
1 156118 152395
1 54116 32998
1 196228 194678
1 136323 119089
1 144947 58347
1 19676 75069
1 87855 152141
1 136876 32956
1 91005 146476
1 27774 42648
1 167903 162547
1 103455 25543
1 186595 2707
1 147013 93329
1 97330 47
1 186683 8351
1 181208 91081
1 69520 19206
1 3599 5164
1 31873 96852
1 165904 111132
1 64868 74010
1 90461 36219
1 163413 114362
1 25288 95229
1 91110 42739
1 124552 188366
1 122946 153707
1 146110 177793
1 20899 139580
1 8770 105276
1 34869 112193
1 115827 199394
1 63370 6434
1 135230 174274
1 39295 11294
1 181934 94526
1 126318 73688
1 33333 43774
1 180181 184038
1 66297 77845
1 121479 143510
1 184035 93236
1 60625 102401
1 84580 150670
1 7663 131732
1 31816 115595
1 123953 118811
1 88703 76272
1 140648 48401
1 89001 169678
1 117973 174438
1 137635 146218
1 13587 103568
1 43087 133614
1 48643 135829
1 22376 93134
1 122744 83416
1 171269 83068
1 80868 55073
1 134509 167440
1 60867 138865
1 181597 93746
1 161927 109575
1 136982 91146
1 115715 50156
1 121706 55274
1 145627 133701
1 193159 169849
1 175147 109658
1 187844 198627
1 120247 51490
1 95724 152959
1 46611 29905
1 21897 160000
1 73748 1445
1 9970 158497
1 188918 14701
1 43544 128650
1 109262 74906
1 22669 130056
1 120435 83786
1 10902 2924
1 150377 109075
1 110195 70530
1 125007 190989
1 101676 185781
1 129225 159715
1 146781 79616
1 10735 114458
1 174853 50199
1 63607 164130
1 103947 177303
1 108448 51741
1 141842 164204
1 189984 25390
1 39807 168834
1 63761 136708
1 179656 56878
1 177367 185767
1 63230 50268
1 155733 53121
1 88350 132988
1 39953 3696
1 42645 119657
1 145124 60299
1 15825 96026
1 101158 24755
1 108431 160460
1 27353 155932
1 137058 36911
1 7572 169307
1 173890 180879
1 57587 184370
1 176341 55750
1 19838 74137
1 57729 52193
1 132694 153935
1 114547 49936
1 177063 86754
1 124777 90961
1 128074 165051
1 126470 154463
1 198585 105966
1 84055 65431
1 137337 74816
1 114913 100202
1 136771 30264
1 52718 102281
1 10547 70955
1 58392 59918
1 70196 92546
1 64020 60520
1 106603 8783
1 71042 89161
1 123747 37265
1 94644 12754
1 889 160387
1 49532 88639
1 157769 180267
1 56251 171151
1 160472 116193
1 5479 23927
1 196355 95710
1 180700 120712
1 181991 111815
1 90599 20381
1 135378 177082
1 129038 28104
1 99179 115096
1 22948 166911
1 86749 20628
1 5323 36164
1 1609 181627
1 129994 96594
1 149484 70531
1 69458 38734
1 46862 65816
1 158219 189677
1 33965 125413
1 36452 81250
1 79337 124000
1 99610 48714
1 68721 123801
1 12680 132955
1 128301 131715
1 74672 120587
1 109677 178883
1 124233 68925
1 114962 104313
1 158985 130161
1 62076 183566
1 157300 1003
1 193075 2365
1 165990 160804
1 145561 165284
1 66461 160752
1 192592 175435
1 64650 6191
1 36903 18933
1 13273 114104
1 192651 21096
1 194367 90051
1 86508 22648
1 160772 15126
1 186860 131736
1 14992 150130
1 114191 53475
1 45050 87934
1 163999 34791
1 113807 46068
1 9951 67891
1 22432 14922
1 91059 130851
1 96975 194531
1 27598 138473
1 190170 76855
1 139100 95006
1 122921 152768
1 76272 2313
1 111572 74343
1 178224 98414
1 55352 36142
1 137855 12635
1 11388 135391
1 51947 40239
1 160991 106229
1 30744 123371
1 38340 36488
1 66156 101053
1 155008 190974
1 3837 61579
1 52515 29808
1 59960 53373
1 9349 27739
1 172626 185614
1 38610 171337
1 91060 168212
1 109529 102462
1 16610 42765
1 97745 118950
1 126317 52012
1 57453 46847
1 108506 93476
1 63458 115715
1 530 118196
1 157430 199000
1 95947 81971
1 155147 36796
1 120438 101470
1 133867 167531
1 188971 151520
1 151190 123154
1 71697 163297
1 44426 168313
1 101906 86866
1 59922 175211
1 31487 59447
1 188626 44970
1 5375 90613
1 191057 85777
1 154301 183646
1 119880 57865
1 1042 156538
1 100778 128177
1 59184 149465
1 29876 145351
1 155857 35862
1 161143 136091
1 22368 102702
1 174435 71286
1 174118 94593
1 78870 56711
1 179575 47207
1 110566 64718
1 170525 172087
1 145514 58572
1 132997 197971
1 51407 168042
1 73961 123960
1 46489 12712
1 169725 71237
1 146488 55753
1 159902 177609
1 63822 124925
1 93176 106322
1 165182 91663
1 130294 79731
1 143542 121744
1 193327 86037
1 29696 156227
1 11214 156865
1 123717 66506
1 168130 102060
1 110306 199249
1 90792 41092
1 198128 138937
1 87158 125307
1 43791 13768
1 39977 37457
1 17586 184463
1 122288 127590
1 84144 185051
1 101338 94783
1 29066 54175
1 192509 40793
1 55544 154849
1 117097 64556
1 174073 165093
1 33676 183553
1 69338 15895
1 172647 29623
1 85766 162237
1 34353 102162
1 22095 35355
1 99913 88517
1 33084 169256
1 20578 109825
1 38740 93938
1 141674 72191
1 100265 108237
1 180283 65866
1 56359 6657
1 86085 59280
1 65375 95988
1 30588 81193
1 163279 21845
1 150078 162793
1 87604 119818
1 181703 162787
1 89363 193436
1 165272 150270
1 96516 16098
1 34981 97724
1 101312 142827
1 167678 23816
1 43052 169584
1 51520 166272
1 40037 150457
1 75900 137156
1 98126 193166
1 149928 18941
1 45848 136673
1 128197 25904
1 37522 40698
1 138640 8709
1 16689 89762
1 185197 82067
1 95329 195732
1 5008 114863
1 186444 12128
1 40366 156212
1 170090 14562
1 180900 30613
1 101129 83107
1 49189 125088
1 132063 59085
1 77801 136661
1 19278 34069
1 184148 189863
1 120631 26147
1 48293 71057
1 143682 76741
1 20832 88541
1 117227 93142
1 18237 118065
1 86097 102952
1 49810 131163
1 42043 175161
1 14846 181534
1 20908 30805
1 92184 69501
1 122089 179016
1 36504 154759
1 52680 135495
1 24387 159460
1 83451 76511
1 181532 100255
1 190045 158941
1 178825 15220
1 41787 1151
1 199043 108187
1 188198 157020
1 9218 159893
1 34425 78863
1 114792 35830
1 4582 117481
1 56237 33523
1 175685 113879
1 188107 93230
1 18463 198481
1 63210 131840
1 147767 145925
1 183950 108998
1 39578 66307
1 107968 110255
1 141289 157033
1 77178 9412
1 54629 183250
1 173591 61304
1 42618 88187
1 183545 145779
1 5454 91574
1 111036 176729
1 108171 163794
1 13211 67360
1 23914 45513
1 171874 119314
1 110979 46636
1 20116 198303
1 49619 61325
1 41501 72038
1 139724 142827
1 148218 153733
1 170915 140707
1 15719 44831
1 196822 54996
1 115017 26093
1 112636 39251
1 196189 176648
1 26770 181905
1 123745 9718
1 36098 195977
1 83329 14515
1 140278 144750
1 63173 101057
1 142750 191764
1 115384 116978
1 65597 152733
1 1947 155701
1 2938 121063
1 86091 66912
1 137318 152756
1 135729 100477
1 99465 198042
1 165737 159640
1 151154 127980
1 94836 77063
1 1919 168424
1 31457 17594
1 5481 128802
1 76856 176325
1 9043 60016
1 194793 69099
1 76820 160856
1 22773 20333
1 158658 2551
1 88156 59539
1 157634 170994
1 80071 65403
1 20173 43106
1 78070 84320
1 198853 175099
1 24811 132331
1 129336 175870
1 149144 154560
1 130291 163552
1 54343 35202
1 100363 173946
1 64713 28584
1 145768 103282
1 124961 70213
1 2003 117609
1 15408 139282
1 84801 199846
1 136932 17854
1 99743 90691
1 179421 184632
1 174624 113174
1 68576 77180
1 26565 121443
1 173440 189404
1 131373 146624
1 101129 106769
1 61661 140744
1 190190 199746
1 11153 124996
1 192053 128980
1 86147 162710
1 88161 125554
1 56827 186024
1 15904 53087
1 63896 83157
1 188854 127097
1 182366 63254
1 72234 79376
1 51520 165551
1 47535 101287
1 163886 62490
1 130710 151113
1 62306 73332
1 178993 9104
1 54504 14630
1 74762 85106
1 186605 180119
1 102342 167374
1 170506 154128
1 169556 41653
1 66831 120880
1 92122 167419
1 13396 196049
1 183777 10175
1 129086 94906
1 32895 20921
1 85327 129862
1 139653 580
1 6002 85716
1 23083 183467
1 162949 123377
1 107385 60985
1 153319 107907
1 57079 195643
1 191683 194487
1 29782 34265
1 109533 94956
1 150495 7637
1 155165 132257
1 60445 11298
1 113626 141852
1 179207 65257
1 57576 112924
1 128496 175639
1 89444 153218
1 89906 80683
1 185215 62971
1 85912 70654
1 191498 142321
1 13003 120340
1 27137 152755
1 185472 27426
1 92314 99873
1 187807 69664
1 124943 55452
1 64438 25937
1 77162 70253
1 78239 139344
1 76496 60021
1 100782 166428
1 35473 11221
1 54304 7399
1 1135 195102
1 77505 20444
1 139693 171899
1 42332 150639
1 195226 143965
1 156136 8105
1 51549 109799
1 31793 73139
1 154754 145948
1 54212 118947
1 131590 155909
1 119967 174853
1 71712 24935
1 190104 72683
1 13328 184740
1 10892 71416
1 150572 28016
1 77898 1065
1 109160 27064
1 100289 2468
1 194470 105357
1 52008 46342
1 59327 47447
1 28908 13991
1 149840 38327
1 46303 118128
1 52231 136893
1 12511 45793
1 85871 126347
1 192708 184347
1 128058 80329
1 169741 7925
1 151631 1867
1 113933 169917
1 87381 145920
1 55378 150156
1 50046 138844
1 173590 42704
1 152279 60039
1 109674 116116
1 136014 89543
1 192991 58706
1 115397 91371
1 142391 164539
1 98646 76090
1 75403 6405
1 17895 24155
1 151485 53431
1 152944 170950
1 48481 185137
1 137610 15658
1 195047 145471
1 64890 63968
1 10700 186783
1 143037 99217
1 116930 89041
1 15318 180003
1 21597 670
1 131927 151465
1 106495 71532
1 81580 195146
1 31877 50305
1 189358 182194
1 194227 9813
1 192486 13753
1 131998 78621
1 185119 4624
1 10840 176404
1 32241 127539
1 7649 65293
1 70091 111819
1 163020 132854
1 73920 199266
1 59183 197167
1 150933 169165
1 191759 50827
1 174602 71189
1 153099 123110
1 183015 91302
1 148359 19560
1 109129 130043
1 182939 112152
1 7981 55817
1 73853 26084
1 50684 117547
1 29037 83055
1 64855 162191
1 121376 144156
1 105636 70430
1 83758 75611
1 143833 82609
1 136959 78641
1 183048 117874
1 149363 50316
1 147884 32527
1 40273 166535
1 162098 73190
1 18994 79930
1 524 142126
1 2351 15622
1 178802 97122
1 10760 55136
1 84409 22643
1 74838 107099
1 154841 117742
1 190515 18618
1 95225 17131
1 12519 33846
1 110461 14776
1 104534 194892
1 190866 51141
1 20393 196747
1 158137 115857
1 46394 186781
1 79699 180949
1 98884 167891
1 158188 187119
1 154954 80182
1 78794 175441
1 33670 147082
1 173111 132394
1 12372 176037
1 133645 47061
1 12128 115761
1 59586 9985
1 177613 139134
1 97076 170785
1 161767 14604
1 106997 58388
1 98251 3031
1 70426 181399
1 165397 35619
1 31873 102634
1 13707 89929
1 160290 71744
1 93704 42498
1 24727 29226
1 145003 71284
1 46062 6
1 82944 118779
1 78574 192548
1 66351 78201
1 71847 117433
1 28003 21473
1 142335 119623
1 40574 126272
1 68923 11404
1 54011 130317
1 165002 92778
1 186851 145906
1 174552 109079
1 81972 12763
1 129937 92550
1 148238 176190
1 50611 187990
1 127969 116011
1 23002 132857
1 111187 57942
1 188230 33702
1 2230 193955
1 89583 54147
1 8553 60209
1 190347 197005
1 96908 86057
1 168799 128137
1 184554 22921
1 150660 147824
1 4258 169452
1 124540 82775
1 18135 103260
1 102965 193308
1 125977 18458
1 152925 53400
1 57299 1388
1 119527 181633
1 191414 97129
1 179228 3102
1 68069 157697
1 115429 133424
1 149602 165136
1 23383 107166
1 137400 45029
1 140544 51874
1 113387 21645
1 39665 88883
1 134877 128613
1 21452 120626
1 125890 164000
1 71824 162329
1 111558 110676
1 180706 89440
1 54652 34124
1 129758 76273
1 115722 179913
1 80159 24014
1 18964 104026
1 53066 52993
1 10214 63838
1 139233 14661
1 63589 45335
1 58375 161587
1 74488 122866
1 90959 146351
1 144370 116883
1 138186 134420
1 23428 61798
1 97168 115549
1 91681 172195
1 34958 19476
1 175409 59425
1 115153 42624
1 102201 114846
1 123346 151307
1 70218 171342
1 706 144113
1 106026 54626
1 187351 143152
1 72960 92314
1 168023 44331
1 183555 170574
1 186660 23649
1 34277 132473
1 3977 55630
1 95099 101575
1 92740 74080
1 194416 172384
1 164180 188381
1 78443 139957
1 4549 79186
1 117886 51915
1 58745 139582
1 77712 195077
1 160568 156928
1 70285 106678
1 66043 19711
1 52812 197031
1 131702 25432
1 31168 35302
1 65444 183693
1 69412 48528
1 23191 184619
1 173729 124639
1 163520 63676
1 19393 153975
1 11259 64623
1 134680 174445
1 137182 175940
1 14257 84953
1 126915 23036
1 823 130526
1 71700 118401
1 8741 73015
1 9879 92241
1 139760 137540
1 41402 165360
1 196530 82965
1 69536 29903
1 185562 140725
1 182316 133751
1 173779 43643
1 125389 24698
1 149298 177933
1 67978 183580
1 142371 14133
1 168080 33213
1 177366 172649
1 8634 83466
1 60966 122261
1 123552 199589
1 175562 91436
1 155938 93841
1 49663 37550
1 139766 93730
1 36213 29755
1 36273 123749
1 113593 156313
1 150994 82508
1 62562 125571
1 125717 7452
1 59328 146738
1 129846 86938
1 139906 159344
1 40452 131506
1 120615 149018
1 165800 190762
1 105959 28341
1 181941 157575
1 41122 2292
1 146866 91774
1 115272 165129
1 119398 189342
1 109131 141994
1 76387 27131
1 15554 195174
1 118870 94877
1 47967 194408
1 4302 97130
1 115667 163082
1 122890 186194
1 123648 95965
1 85640 158137
1 133151 137848
1 61195 146346
1 73138 130239
1 120684 168890
1 36973 72502
1 134628 10874
1 4577 28038
1 109336 146912
1 129641 170638
1 21926 176568
1 158232 22062
1 187247 163207
1 178977 156752
1 87333 94208
1 88521 503
1 107991 12075
1 170826 71372
1 155643 153682
1 95241 167590
1 196475 172461
1 11387 75098
1 132482 116304
1 145811 94980
1 119432 79700
1 29295 49492
1 29276 5187
1 133506 38108
1 128114 190216
1 517 154713
1 136301 102998
1 131354 33984
1 133294 144855
1 62017 140234
1 40605 47191
1 71038 87042
1 91575 15089
1 197194 165774
1 56729 172603
1 113721 129469
1 192460 55470
1 107819 42256
1 78097 113368
1 108023 79692
1 172654 37189
1 13973 123646
1 195193 69930
1 78731 95887
1 96421 146260
1 99354 194122
1 86602 96657
1 22633 105579
1 57017 158045
1 146098 132650
1 98625 124688
1 179627 159816
1 157883 26821
1 96503 57242
1 6492 192781
1 126222 64275
1 152764 86038
1 104363 73750
1 66786 49750
1 26868 158780
1 98771 175996
1 164206 79715
1 78234 70616
1 117538 16696
1 14809 37449
1 1227 121349
1 42321 102824
1 127681 124350
1 142382 185011
1 136810 115144
1 54678 36156
1 17439 168332
1 172532 109971
1 39709 81978
1 80511 77808
1 90478 50977
1 121040 77030
1 14934 50926
1 32868 148932
1 44737 170049
1 138030 18765
1 30829 120696
1 184417 131227
1 150612 37367
1 142588 97743
1 71836 107701
1 132247 27772
1 70851 157708
1 197293 131476
1 136837 172546
1 108009 73042
1 71119 61523
1 109941 171049
1 121385 48898
1 10369 33326
1 162398 25952
1 16977 189057
1 194992 170139
1 196299 134273
1 3514 142346
1 75646 174257
1 14566 154935
1 164022 146405
1 33616 81902
1 172799 105905
1 119673 152325
1 79928 40915
1 142896 88493
1 126298 73119
1 15486 107000
1 174473 148204
1 61522 63210
1 75674 80637
1 185260 3461
1 111268 152755
1 145037 29647
1 171916 199217
1 179038 66599
1 46028 31310
1 89567 100552
1 43459 113154
1 40211 182940
1 66307 62603
1 146474 34564
1 76951 2463
1 126767 172839
1 168851 95959
1 177843 20217
1 97312 51930
1 2937 71118
1 94919 40007
1 109731 197983
1 17277 53479
1 46173 21660
1 147760 136081
1 131464 181234
1 110609 2911
1 139818 171422
1 116451 113618
1 179220 163891
1 95874 178561
1 76371 15720
1 92023 163080
1 140634 120741
1 73403 36782
1 30384 12111
1 105930 163350
1 40214 89682
1 80682 176235
1 36155 134574
1 155131 195653
1 75428 41157
1 18304 184481
1 131414 57700
1 74287 141888
1 170117 111696
1 3702 93213
1 92482 98962
1 76238 139669
1 177312 83078
1 101188 34898
1 189863 118816
1 87685 4473
1 97149 98623
1 49002 169429
1 75985 46455
1 131972 151874
1 106121 17113
1 3113 86814
1 150702 162245
1 1984 15149
1 94615 153331
1 14153 67659
1 129172 198014
1 125104 85848
1 69531 57011
1 121939 991
1 81655 38744
1 85329 73095
1 192239 106751
1 194710 65853
1 186997 123597
1 164004 68193
1 175313 117637
1 137764 116463
1 166732 94234
1 188909 37553
1 5217 69493
1 117139 161892
1 34144 199428
1 52724 141032
1 15525 179844
1 90879 137067
1 5561 178640
1 199302 53207
1 151366 161578
1 165829 60475
1 112001 137800
1 50419 167992
1 198482 194210
1 127688 110637
1 6791 92283
1 48207 137572
1 123835 50094
1 73326 185470
1 14401 88187
1 58355 116572
1 57940 24530
1 100705 71696
1 125891 148575
1 79995 6659
1 81817 534
1 133072 72039
1 49675 61441
1 148296 172768
1 169254 148551
1 118765 6702
1 147832 120959
1 19901 11487
1 18044 140469
1 110959 122482
1 46220 76412
1 115012 149646
1 49858 172149
1 73744 16868
1 142767 57566
1 153225 100962
1 149504 125790
1 60430 49690
1 124269 167759
1 67643 53937
1 48804 70797
1 108460 80780
1 134197 138815
1 69584 43192
1 81662 176675
1 64113 53913
1 17498 98270
1 18176 84309
1 15046 68932
1 112997 88449
1 115988 9380
1 175303 20748
1 181523 131416
1 140825 52266
1 31742 156684
1 66149 54468
1 195619 103820
1 183453 96094
1 75031 112018
1 176928 56840
1 97176 87312
1 199561 101705
1 118595 99386
1 69118 168649
1 123320 141272
1 182904 72062
1 125769 81546
1 129102 126873
1 138538 128221
1 187206 185073
1 117973 185869
1 103070 15791
1 187965 10075
1 77143 130811
1 199606 101713
1 152004 32872
1 86179 135891
1 78610 107996
1 161887 118376
1 146583 170050
1 102703 123656
1 27616 61618
1 180456 199592
1 80373 199393
1 87517 50500
1 49007 132165
1 51788 16492
1 37437 57356
1 8457 47890
1 192563 196413
1 18794 86419
1 533 80110
1 25269 164100
1 66018 142888
1 24711 104255
1 163235 138456
1 154373 100525
1 189685 66551
1 81288 105045
1 182613 92412
1 120644 20326
1 55660 195136
1 53818 65025
1 179163 147825
1 137247 137099
1 24905 153275
1 37452 159345
1 135850 111220
1 195111 55036
1 88785 93895
1 43153 85143
1 38265 164899
1 68497 160670
1 149648 47460
1 124673 141994
1 74118 84162
1 91064 14170
1 163412 124344
1 140471 87908
1 37584 87160
1 155479 177243
1 132144 119629
1 199026 27011
1 48156 83600
1 112529 92755
1 41080 66896
1 35607 135433
1 126002 78971
1 10923 105268
1 10057 109521
1 31339 171902
1 164063 25931
1 129551 179897
1 33856 36615
1 46171 126251
1 110067 29111
1 172873 17053
1 187456 14219
1 123638 130464
1 22146 40092
1 126028 90976
1 121839 94298
1 122415 159085
1 42725 166456
1 48363 151431
1 5687 135574
1 41438 143338
1 157048 82223
1 28130 102426
1 101256 47300
1 117438 60977
1 162524 55432
1 13965 122662
1 4306 139213
1 37166 123744
1 125941 134191
1 33262 9596
1 76365 32575
1 179763 21274
1 158763 30706
1 142378 159534
1 162931 177995
1 78770 81285
1 199211 88518
1 54346 156950
1 178755 53511
1 17016 156684
1 14692 111298
1 47227 68753
1 166590 199659
1 156532 99932
1 111117 191009
1 106000 144126
1 131435 96150
1 38841 55913
1 5595 127618
1 41726 96322
1 105621 105544
1 29887 29224
1 198733 64873
1 112221 61893
1 191369 72680
1 59169 87253
1 127331 36093
1 10988 53556
1 80219 142781
1 165279 53804
1 98081 92617
1 78091 42815
1 146528 75703
1 111131 98097
1 55246 82174
1 164352 99098
1 116404 120486
1 188701 185515
1 148217 62254
1 94005 134014
1 33523 119999
1 46354 86435
1 143664 17041
1 135350 10151
1 180994 44380
1 54023 139879
1 137161 180225
1 135541 173462
1 108293 173754
1 183472 26251
1 64796 99776
1 161480 106895
1 81832 170811
1 124325 198373
1 165893 109167
1 105640 40154
1 2841 155620
1 131937 26510
1 159076 139926
1 189106 104899
1 61066 32094
1 198083 149926
1 36510 140704
1 32040 58012
1 74546 53431
1 51472 7439
1 51740 84446
1 21231 14648
1 28554 55584
1 68461 183919
1 180873 98178
1 151248 22064
1 182930 92783
1 139303 118000
1 21398 112164
1 163641 78368
1 51532 131420
1 163501 45185
1 46264 114046
1 159931 78121
1 105406 160774
1 167763 39764
1 48103 183026
1 117323 36334
1 127282 42798
1 74831 166880
1 107358 138689
1 68484 98969
1 53239 23544
1 99837 67615
1 146207 187667
1 22881 128917
1 35295 166319
1 36444 99919
1 22766 80692
1 34246 48980
1 56257 104511
1 94801 87859
1 123604 45138
1 149046 185609
1 99447 99579
1 127201 105040
1 112220 22978
1 88092 85356
1 166815 71639
1 99833 145203
1 156503 104571
1 7812 120827
1 154268 187309
1 79656 172840
1 198361 67480
1 101472 154806
1 12052 196539
1 158562 165571
1 38972 27288
1 98758 26080
1 157618 173921
1 50109 47705
1 13850 88351
1 25647 125442
1 58531 197668
1 105653 114629
1 132821 122804
1 114361 15082
1 131547 138864
1 194729 171557
1 124241 152003
1 61539 95462
1 63823 147728
1 110878 194012
1 6838 84891
1 92949 7563
1 107514 38646
1 161977 147473
1 114353 90671
1 92759 110003
1 86619 193464
1 88327 149036
1 110258 77015
1 113239 152248
1 44595 138766
1 47351 38046
1 121005 107725
1 43046 101053
1 3849 84567
1 199133 133208
1 19739 43123
1 140538 35812
1 112552 170964
1 147311 24720
1 119096 166986
1 104939 140438
1 33822 44841
1 79369 140866
1 30533 194362
1 179256 68992
1 176765 139873
1 114219 18090
1 158917 37263
1 39553 72530
1 173979 14761
1 163511 177037
1 2242 40887
1 149773 91008
1 182036 192465
1 143926 35503
1 136264 121672
1 20419 120068
1 193796 39633
1 92946 131804
1 28838 122550
1 118131 32856
1 138320 33152
1 169499 191458
1 18290 6943
1 39628 159870
1 15580 169756
1 88260 141651
1 53828 162497
1 98022 59898
1 110485 187335
1 149029 24710
1 176696 179521
1 7800 60884
1 40359 133958
1 182074 153556
1 149871 152036
1 195616 147737
1 162437 115715
1 119072 51997
1 50508 109399
1 196512 111256
1 114661 10570
1 165597 175171
1 62073 96936
1 82588 134248
1 187843 160269
1 29398 177836
1 90209 172365
1 66784 98783
1 24796 119714
1 68760 93826
1 173110 65498
1 99095 21274
1 149491 34562
1 31763 132788
1 84330 6093
1 145427 19705
1 56334 168073
1 167704 8693
1 166072 25093
1 108361 30114
1 15351 104379
1 116576 11194
1 14683 130308
1 9108 114492
1 2814 133436
1 82630 14334
1 70291 187698
1 190320 7091
1 132659 76948
1 100746 27327
1 157029 27739
1 75902 109753
1 195246 121203
1 98831 110848
1 60314 80686
1 125508 117889
1 79753 134249
1 130139 145223
1 155389 43838
1 38252 92036
1 90338 194987
1 94299 55518
1 22239 104387
1 75715 88190
1 15068 153107
1 132255 78677
1 118869 183576
1 86393 79407
1 186590 27039
1 115416 29372
1 89846 166972
1 57830 55965
1 172112 53807
1 51615 90156
1 53280 110227
1 147841 193870
1 10979 153353
1 55727 87357
1 92466 106020
1 143784 83537
1 38792 16919
1 125096 24718
1 161937 130971
1 145053 152308
1 7541 93157
1 54093 131907
1 117797 161479
1 165317 147405
1 99237 79333
1 103940 192
1 142875 4635
1 43945 23667
1 93847 153965
1 44955 136305
1 50851 11631
1 114423 69188
1 159308 38262
1 135487 54852
1 139185 106302
1 135424 42591
1 52748 70621
1 31172 148523
1 37310 1127
1 69946 3689
1 140576 111779
1 31139 128540
1 62215 17519
1 20030 166987
1 32086 150575
1 166581 54034
1 169994 28859
1 67464 56816
1 156674 109001
1 138619 25868
1 55502 165080
1 81788 116169
1 157050 56799
1 163543 86860
1 39450 135349
1 80541 126347
1 120664 102465
1 146642 91224
1 137915 118885
1 179158 127021
1 173369 164903
1 112022 32570
1 150849 96416
1 47348 164844
1 138370 185512
1 163763 49345
1 5248 21505
1 110887 165514
1 32920 143171
1 118365 156159
1 152849 92999
1 185735 167304
1 167845 167512
1 8490 197323
1 39632 58199
1 90059 121906
1 53400 12973
1 135254 106622
1 91869 187318
1 181457 193106
1 178083 73899
1 43329 16824
1 170718 122321
1 118619 78713
1 59709 154977
1 99694 157275
1 129722 28471
1 6542 135867
1 181152 198654
1 118403 178765
1 41373 26267
1 65715 193969
1 146954 96793
1 99278 128953
1 73337 3349
1 35833 187255
1 38270 4331
1 30396 186764
1 118849 195040
1 156463 176494
1 63426 103569
1 168226 161593
1 146733 143771
1 178252 184186
1 178017 148876
1 179638 191031
1 166651 60747
1 136104 71491
1 124328 19075
1 151316 151680
1 44139 47957
1 75458 45877
1 104235 109118
1 21052 151187
1 131648 17862
1 112315 94978
1 96319 93547
1 14609 76465
1 125188 53709
1 18007 176093
1 178111 90075
1 77785 188129
1 166722 80765
1 26433 157439
1 21002 155331
1 101826 159598
1 28619 19470
1 123014 82916
1 156993 167230
1 63577 33445
1 70580 67739
1 149206 112909
1 76555 126535
1 50195 97114
1 110676 66916
1 20617 194685
1 169683 103937
1 111686 69411
1 114569 11979
1 61910 155518
1 107590 17650
1 165102 141017
1 100018 154905
1 136155 29404
1 9496 114177
1 116331 152540
1 111156 48696
1 199898 20838
1 101247 42878
1 89728 130189
1 182072 18488
1 180472 94514
1 1844 52568
1 132691 174355
1 28841 44748
1 52415 124056
1 63543 77350
1 91250 153177
1 141048 132172
1 192539 46068
1 119945 61025
1 119818 717
1 158361 37683
1 154334 188134
1 180082 23718
1 32560 69473
1 99398 80480
1 2366 157779
1 136123 15671
1 64474 29964
1 45433 86552
1 122836 78948
1 80051 191992
1 177317 101703
1 196596 115072
1 66909 10628
1 26540 85813
1 154574 54162
1 3771 122917
1 70586 96292
1 175165 84120
1 43771 164463
1 33366 40822
1 86258 6073
1 59648 31029
1 68850 121124
1 124306 71303
1 100461 122938
1 114003 185217
1 24798 117307
1 83135 76942
1 146744 83813
1 138904 198932
1 69904 14595
1 143793 63911
1 191046 4665
1 194167 178733
1 94649 116751
1 190145 181649
1 19308 55611
1 70298 6124
1 114995 179955
1 192843 19249
1 162146 106548
1 158830 86871
1 95223 117772
1 34480 150604
1 42246 27759
1 97446 94488
1 156646 192248
1 104852 64655
1 44570 68157
1 122617 17019
1 89667 72408
1 127647 194313
1 25924 51890
1 76193 130995
1 130933 135955
1 176765 194606
1 93771 1383
1 86428 276
1 89799 79315
1 98016 83860
1 124638 95737
1 71982 38808
1 178217 57736
1 75643 4727
1 79 34375
1 22683 20892
1 72687 92322
1 159623 184118
1 192786 18678
1 71726 138914
1 40527 5657
1 121088 168598
1 15936 148526
1 140023 26959
1 144870 178663
1 13222 71164
1 59608 76380
1 87302 109932
1 144242 168779
1 60671 122869
1 55419 5039
1 48052 18791
1 157655 176198
1 197074 116144
1 84014 76574
1 84441 153809
1 109915 35808
1 7147 188929
1 137946 62239
1 131733 155551
1 96684 107617
1 63515 176094
1 1356 191663
1 151689 119596
1 16599 169626
1 79223 88227
1 88247 48335
1 55196 70964
1 163793 135196
1 10327 140560
1 97840 167874
1 115065 123864
1 103665 192253
1 159127 167879
1 91503 157522
1 26638 36126
1 159665 7897
1 175639 172561
1 102995 185803
1 65485 164336
1 129970 190605
1 198332 132696
1 177564 110652
1 100077 28762
1 99575 28411
1 153967 18732
1 162992 138235
1 187175 26511
1 149799 177355
1 168155 142080
1 62040 172896
1 109243 19107
1 6861 108902
1 28465 109292
1 100547 120135
1 101483 83600
1 81562 151035
1 10214 30124
1 8768 128209
1 178492 62963
1 110687 132540
1 42673 27357
1 188614 196897
1 45563 3342
1 197142 21920
1 12368 57861
1 64622 36065
1 23348 151622
1 133336 73056
1 154498 114633
1 68149 197308
1 4218 37540
1 5478 94973
1 34956 1079
1 10685 79523
1 57572 192598
1 79203 184054
1 15222 57148
1 183242 36555
1 182987 74669
1 37718 68180
1 158605 96748
1 176647 32620
1 134288 177375
1 173099 31073
1 183713 125567
1 125505 177026
1 96851 18116
1 100272 97770
1 12358 138000
1 89257 125069
1 95099 62811
1 19162 126978
1 136406 19167
1 43221 93010
1 165682 116165
1 141631 21248
1 195627 121807
1 129085 101722
1 152039 23430
1 31132 97918
1 136231 46822
1 133696 153648
1 7757 135049
1 42959 184347
1 129582 168593
1 93470 81317
1 169689 199578
1 7964 46584
1 25064 131232
1 26557 111757
1 116934 145964
1 126442 128892
1 101505 772
1 77991 37250
1 159123 14931
1 104900 121426
1 159595 91862
1 167304 135198
1 17857 142089
1 167003 182503
1 11481 168530
1 146163 133827
1 73815 151275
1 37825 135151
1 27780 186965
1 107036 173973
1 48608 96699
1 24429 131423
1 119848 3941
1 136605 93309
1 195433 172574
1 16380 49266
1 77446 9383
1 115315 198566
1 165318 175582
1 195244 180775
1 199842 93097
1 88319 84865
1 1613 138087
1 154657 171071
1 113411 96984
1 64968 55746
1 12119 11467
1 32354 124098
1 185336 73160
1 182838 96482
1 93572 130047
1 136794 105081
1 143504 144946
1 103703 139101
1 178165 163358
1 176602 73331
1 32991 105967
1 109852 9268
1 84242 140260
1 24980 159106
1 104445 51328
1 53723 198891
1 55044 55858
1 139871 101500
1 115528 22087
1 38860 178506
1 1210 25551
1 88632 60285
1 42464 85517
1 104654 65438
1 14950 121571
1 91965 5794
1 131624 89340
1 170209 142006
1 190718 30139
1 71090 171917
1 52362 197284
1 143083 84905
1 57854 41866
1 181822 123110
1 98161 62393
1 102262 41613
1 11555 85476
1 53356 4310
1 144590 170129
1 57071 77759
1 132912 115651
1 6189 187148
1 82582 194856
1 160486 60575
1 144939 46213
1 144915 126843
1 73472 15390
1 133330 190867
1 61534 166506
1 69717 145432
1 43146 175414
1 175564 112706
1 182040 16600
1 145296 133533
1 177203 39382
1 193169 109016
1 132460 83416
1 189442 123915
1 185025 120652
1 157251 155207
1 41583 182616
1 111887 106082
1 1402 113477
1 79975 26178
1 52667 23401
1 109118 58025
1 169772 125206
1 44710 59905
1 99633 97601
1 144891 186474
1 3687 53749
1 126478 21058
1 97777 21049
1 173524 135156
1 90688 120894
1 107472 104709
1 141410 19342
1 109182 143898
1 52942 146737
1 55938 118861
1 60719 181793
1 78096 8241
1 85870 137521
1 30364 107939
1 128709 21817
1 29317 41172
1 66113 26692
1 39869 74133
1 6168 171261
1 46908 199202
1 78251 191192
1 107045 114033
1 43293 150077
1 6137 141948
1 56085 23034
1 17787 128333
1 126991 84841
1 168099 196233
1 73577 189151
1 121606 113216
1 129965 136470
1 158854 11956
1 794 145885
1 20406 176424
1 184376 32958
1 16336 21867
1 30300 103280
1 43931 147620
1 123511 191807
1 46870 134752
1 134374 9336
1 136042 159897
1 11317 66585
1 37903 64329
1 48949 121016
1 148861 45552
1 144256 89330
1 181269 120289
1 8010 195223
1 180113 81428
1 194154 139987
1 37162 88167
1 68904 57568
1 67336 110134
1 27657 158250
1 35759 2205
1 51161 145155
1 67751 70090
1 126905 173065
1 139820 89928
1 30441 146196
1 156567 166217
1 137687 30948
1 157900 72564
1 179112 6537
1 152422 107376
1 90885 170836
1 146592 199983
1 39978 159039
1 198661 104062
1 124459 25368
1 103642 147211
1 24904 84275
1 170058 74616
1 161714 122897
1 17554 27231
1 22622 17163
1 34541 31014
1 21641 88067
1 36291 184005
1 54028 66957
1 196109 135061
1 92706 164313
1 45004 1947
1 16760 66404
1 55659 122965
1 198964 39200
1 84145 50372
1 154889 66593
1 121835 90554
1 169593 144585
1 154393 58149
1 170219 67765
1 119448 128733
1 51247 42345
1 100304 99115
1 96655 93562
1 96670 12826
1 19929 34170
1 180420 113538
1 193770 10025
1 127952 121426
1 131133 136026
1 20618 46301
1 145332 15011
1 191586 147113
1 140133 95305
1 3289 5299
1 137001 132011
1 40942 29767
1 74977 113261
1 89100 178494
1 73929 156648
1 133746 197400
1 41089 189392
1 188770 108733
1 85785 142949
1 47502 149582
1 74461 174750
1 97407 147377
1 166242 1362
1 8136 141852
1 173519 198889
1 130026 11617
1 82031 126787
1 182921 111867
1 24310 106535
1 105487 155864
1 115217 183791
1 89695 17575
1 188595 103473
1 170557 124323
1 113501 139760
1 61947 139360
1 116397 60100
1 159399 74518
1 135338 71687
1 53555 19500
1 119119 189698
1 3813 57862
1 165718 186647
1 140096 44817
1 180615 189359
1 305 182670
1 128320 189414
1 114942 180190
1 54918 108662
1 71405 154253
1 58445 55586
1 130737 39073
1 194181 55908
1 199706 101924
1 85669 59352
1 5052 10032
1 89212 57194
1 146592 197819
1 127477 58749
1 52266 109731
1 130475 146269
1 23179 134779
1 4077 16680
1 105704 88725
1 26387 140152
1 190794 150226
1 20482 100755
1 38151 60009
1 68668 29462
1 46832 31220
1 170923 100639
1 73724 199361
1 56303 164410
1 96308 184087
1 30053 47567
1 189857 136966
1 148347 50313
1 91763 150004
1 171761 73994
1 84659 13094
1 93426 60621
1 137067 7243
1 41747 121947
1 173460 154575
1 93482 120946
1 112961 171358
1 185747 152051
1 130249 126966
1 44095 173963
1 157946 36723
1 110846 177059
1 175932 86869
1 54990 198796
1 12099 127188
1 50788 37413
1 138617 116646
1 179642 94606
1 13099 184720
1 141273 129810
1 155826 178796
1 157800 105553
1 18085 151161
1 108470 162155
1 88765 105193
1 56517 39603
1 181448 190566
1 82647 110547
1 57043 83814
1 50109 79996
1 34449 42865
1 63453 56593
1 143185 86000
1 166275 136468
1 156319 112696
1 17004 155921
1 145784 44823
1 144334 98825
1 61300 127070
1 151979 57697
1 57583 114415
1 186200 113292
1 185976 149321
1 16457 95798
1 50814 78417
1 69535 65138
1 99191 168803
1 193333 67110
1 171730 168346
1 63462 193718
1 183328 164828
1 147555 104046
1 22270 193513
1 165683 1011
1 174726 122340
1 198475 122220
1 5366 142178
1 168593 97388
1 168481 185779
1 191851 21860
1 79957 111023
1 71245 37959
1 55628 71043
1 166083 61117
1 142550 171708
1 50235 53003
1 71302 11731
1 153366 58562
1 143004 70393
1 196016 78952
1 114739 157348
1 198702 190052
1 156972 19802
1 174855 130093
1 128282 105149
1 42838 127029
1 150704 35288
1 171295 93969
1 109607 120361
1 83551 143404
1 180340 55663
1 72281 10093
1 13161 184630
1 80734 85990
1 130538 184352
1 4765 99838
1 19603 112053
1 131435 96417
1 103720 145262
1 130771 78822
1 3453 2751
1 170914 28033
1 25639 173539
1 22124 31530
1 33826 4652
1 137507 53901
1 31428 198411
1 155097 110771
1 33186 175452
1 150099 88816
1 198016 18037
1 183761 11023
1 125055 45936
1 181658 75515
1 63810 179511
1 35277 123311
1 132129 16720
1 76646 174560
1 151506 124969
1 161997 158952
1 21524 164325
1 71781 98294
1 87454 142631
1 108626 29237
1 163847 38558
1 163532 77946
1 194678 139153
1 66532 102897
1 52429 168429
1 21781 195658
1 18962 191885
1 189324 124384
1 158558 19529
1 77370 199978
1 199369 44225
1 94745 82469
1 50133 103275
1 58621 193857
1 129882 145436
1 106781 185803
1 45361 66899
1 90850 198554
1 81701 91468
1 93039 1342
1 145367 129411
1 52913 117094
1 64304 153799
1 164073 133649
1 68556 174273
1 8247 160247
1 175844 64324
1 139625 191864
1 138365 3031
1 172804 89348
1 79568 37377
1 75090 23437
1 133881 100628
1 78956 179690
1 116195 127677
1 116874 26637
1 30835 169803
1 65033 176231
1 153652 4157
1 53499 35354
1 27011 20689
1 166901 157535
1 164796 145674
1 47252 106553
1 186468 133121
1 43858 178777
1 116888 77423
1 109000 38355
1 20277 180665
1 131011 46337
1 172170 27901
1 21388 15030
1 23611 109084
1 130802 118885
1 41718 129480
1 178075 116179
1 168027 165264
1 29899 127290
1 94951 175722
1 56179 156223
1 135586 113152
1 106750 136663
1 19210 115645
1 47768 76853
1 147007 164185
1 124671 191159
1 60976 199907
1 176398 88401
1 25989 187407
1 127495 59129
1 13582 164672
1 51104 199636
1 143852 178007
1 102418 25441
1 101503 55548
1 107358 167460
1 102351 29740
1 133600 2966
1 124478 125252
1 144793 49867
1 80558 85453
1 56631 75620
1 161838 94984
1 168295 158070
1 73963 78267
1 195422 92281
1 87317 120572
1 4643 132469
1 45135 106366
1 3425 115242
1 157274 152217
1 45804 42367
1 75524 74335
1 136210 136558
1 57549 146268
1 130723 84461
1 59290 40364
1 87172 123871
1 186333 23364
1 194352 170621
1 56708 82105
1 171727 73791
1 92513 19541
1 135932 168334
1 150874 89756
1 194833 119407
1 56274 139417
1 130998 127912
1 31511 107694
1 99881 115511
1 130061 12188
1 95568 127860
1 152794 22799
1 177917 68866
1 141332 27438
1 150464 42174
1 192552 36705
1 51251 114017
1 151819 158371
1 152322 130680
1 100134 67593
1 95354 102150
1 178942 43475
1 183955 16567
1 6817 91828
1 168832 146057
1 195095 15708
1 23286 41142
1 91784 157646
1 53370 162725
1 59242 147678
1 48880 134033
1 90543 52426
1 135202 185081
1 41004 110205
1 63438 168265
1 80460 151839
1 49267 123529
1 129653 68704
1 2844 154309
1 88827 142662
1 138861 22844
1 171844 163254
1 55405 192524
1 190331 68224
1 133781 17566
1 100409 80237
1 130712 48782
1 192305 41548
1 117683 71773
1 172890 46459
1 88375 78043
1 41826 183987
1 40340 177358
1 52433 72088
1 175336 169128
1 158779 63423
1 93256 153256
1 111019 42112
1 108622 157711
1 105227 56061
1 676 119110
1 22232 169011
1 195343 193293
1 123910 164865
1 178559 162087
1 186223 101686
1 172950 63876
1 122882 48224
1 125750 118447
1 96873 18066
1 71632 80633
1 1467 2933
1 116330 186405
1 110819 93074
1 87601 36309
1 19856 18142
1 79039 170741
1 29919 5063
1 22190 11815
1 185094 20222
1 167133 132718
1 184898 194374
1 25602 68446
1 124162 36156
1 6641 72067
1 105365 27686
1 19628 173840
1 18193 82304
1 48299 84172
1 157958 162885
1 64621 22904
1 31843 92347
1 156735 106563
1 139110 144834
1 50956 12146
1 197833 180638
1 156774 32202
1 2346 8258
1 96916 122239
1 143868 69599
1 189532 173410
1 51629 65837
1 91027 152326
1 14167 56569
1 87138 125683
1 124907 33136
1 137946 76239
1 188698 100651
1 27964 98825
1 37381 71803
1 83714 129735
1 65447 10678
1 195634 60499
1 53505 13507
1 78435 160129
1 171335 71330
1 77584 160740
1 199625 100223
1 54877 14961
1 129828 186872
1 85288 34803
1 174249 160172
1 75794 58417
1 25358 125319
1 121741 23133
1 152276 111371
1 487 45311
1 145848 91745
1 4760 10529
1 75678 86624
1 114824 60475
1 111547 187101
1 5669 137633
1 151425 60531
1 109475 71915
1 167568 86356
1 65364 123365
1 151002 94033
1 811 14520
1 50263 19814
1 187339 141145
1 39403 51530
1 121236 153904
1 116245 161333
1 33840 189132
1 153753 105138
1 162523 77509
1 176239 196839
1 145330 140913
1 101037 136162
1 4797 156426
1 75059 47462
1 141503 38047
1 10965 145526
1 150141 52283
1 155470 59169
1 127309 71699
1 188258 99407
1 97441 82676
1 64276 48586
1 64019 12268
1 163786 52048
1 146291 4983
1 78397 82392
1 112335 69164
1 63014 169187
1 8706 183080
1 107365 139205
1 17728 9531
1 185266 173876
1 186401 12690
1 2505 140048
1 155884 189733
1 54098 64178
1 185765 63138
1 8591 51002
1 77977 12505
1 188489 103315
1 60521 103401
1 3580 158922
1 126229 62890
1 112770 176015
1 17355 172700
1 163390 2442
1 187056 154064
1 48393 170722
1 45870 83733
1 144930 181642
1 75327 89702
1 72785 1933
1 199545 31762
1 152476 162842
1 86681 139499
1 109870 96211
1 22484 70003
1 78020 6739
1 6044 35779
1 6874 132606
1 159472 57406
1 46486 195469
1 199655 115125
1 8626 103449
1 100157 20380
1 109615 158695
1 114847 3245
1 127224 159157
1 149940 64027
1 65429 159429
1 43884 133050
1 73937 133095
1 194957 189997
1 173677 192075
1 10299 50063
1 83143 62791
1 153352 103334
1 89797 11365
1 184316 172804
1 156806 122352
1 51302 107711
1 196234 51840
1 162723 57492
1 59488 27845
1 8942 132119
1 180368 107600
1 163178 37535
1 46027 190568
1 146027 156399
1 20240 177355
1 67595 153383
1 76639 115906
1 183595 35435
1 171875 43562
1 111560 70804
1 12123 124672
1 116160 151446
1 95178 137773
1 173284 169330
1 52895 6994
1 115329 174877
1 27687 153110
1 107882 71728
1 97138 73197
1 146119 145169
1 23491 173354
1 170979 156897
1 26428 178888
1 52914 164263
1 179848 156789
1 22178 156477
1 155018 77729
1 74084 104250
1 35974 5637
1 97530 79903
1 153167 114679
1 14211 70981
1 94961 116525
1 178372 22598
1 147807 5071
1 147769 96491
1 38623 54529
1 15452 22359
1 135668 27185
1 14133 140913
1 52300 17054
1 96227 75607
1 21548 195562
1 106729 76161
1 68504 29345
1 33980 53619
1 166151 130698
1 31244 171111
1 132550 22253
1 189265 60282
1 179691 192421
1 150680 99478
1 20605 72040
1 180494 85535
1 169505 132884
1 61579 98274
1 119368 169532
1 73122 107002
1 115287 50612
1 51432 131460
1 140887 146393
1 141699 65606
1 26526 17763
1 92661 155419
1 125374 96751
1 71465 49059
1 71212 28232
1 124861 65064
1 27827 168310
1 172048 114835
1 16538 199690
1 63181 48400
1 168146 137448
1 178936 13310
1 72037 43094
1 189817 198364
1 79899 144068
1 144486 183536
1 90222 76124
1 1558 194810
1 89137 11
1 198819 143576
1 13756 15376
1 59775 117691
1 137178 194564
1 60346 47497
1 25143 147563
1 79698 41620
1 86020 53818
1 98877 4219
1 44 168937
1 68339 61983
1 109308 27578
1 117246 114825
1 124046 5066
1 262 110106
1 74167 113240
1 12056 15667
1 80689 137940
1 86647 38053
1 178187 139753
1 9509 8667
1 89167 45773
1 33011 161350
1 58228 183113
1 96520 12106
1 47366 160516
1 77998 116775
1 162194 196500
1 141219 52202
1 188758 168007
1 43166 42196
1 44008 192111
1 127455 181387
1 85605 45420
1 57020 28672
1 195613 109502
1 61609 41440
1 6588 3915
1 150600 23743
1 105916 66349
1 149873 194625
1 45514 126144
1 12739 100362
1 102837 107498
1 148972 172137
1 105822 7339
1 29813 3841
1 73500 23655
1 165649 105847
1 23087 156978
1 100391 26338
1 20711 107931
1 51037 87472
1 48085 79803
1 69224 52373
1 31539 164287
1 143249 180345
1 155023 65012
1 80394 157218
1 169853 141971
1 3249 16351
1 98430 100110
1 3044 27319
1 197035 45337
1 28293 83921
1 168998 28027
1 90575 181989
1 72835 136087
1 24410 61411
1 189810 64950
1 186283 94241
1 44848 113175
1 30016 87499
1 147695 97913
1 180954 25798
1 186499 29544
1 20427 150757
1 168782 162375
1 131202 94287
1 158573 101020
1 12500 21040
1 192612 199330
1 125581 121504
1 40392 57482
1 81720 29137
1 80492 185043
1 191979 9084
1 26829 63564
1 29269 72525
1 125313 73191
1 155916 155214
1 19101 148288
1 128786 153041
1 68390 87534
1 43496 144866
1 50363 1673
1 114838 27308
1 90816 171516
1 67449 189611
1 46990 37517
1 159246 69266
1 103577 165547
1 112957 132925
1 51745 68151
1 176745 24089
1 8477 40853
1 170359 124178
1 127780 67380
1 80605 97149
1 98718 17244
1 85742 192007
1 89515 128248
1 10210 125085
1 110930 94820
1 199210 106461
1 50989 103928
1 66292 153214
1 170066 190549
1 159868 4155
1 32004 155823
1 53460 138181
1 80667 74908
1 141748 85289
1 43569 102428
1 116869 66943
1 79567 169257
1 152683 161749
1 151 82944
1 124625 168796
1 94642 96944
1 196985 75024
1 95421 72354
1 54211 110957
1 84463 153770
1 91517 126032
1 112782 44045
1 26285 184235
1 150227 4819
1 76635 184813
1 27802 197711
1 22690 52273
1 18063 135980
1 24055 190374
1 95573 144122
1 78842 66303
1 91256 27768
1 106493 110747
1 180438 41956
1 105043 123703
1 65097 189185
1 131483 152595
1 64023 160681
1 59084 167394
1 129949 102995
1 102723 113782
1 132217 167973
1 153227 96298
1 38647 12926
1 179115 110801
1 168447 169213
1 63798 37023
1 183228 140950
1 8335 149463
1 131984 157654
1 62075 178228
1 168886 26739
1 28972 75804
1 66551 174042
1 38218 129538
1 85457 120883
1 109764 188890
1 193253 34040
1 127704 142210
1 40672 126646
1 126815 173742
1 136811 9378
1 104412 9108
1 197015 63199
1 99718 44314
1 16643 72975
1 66772 122045
1 83728 99864
1 80584 132931
1 178374 16952
1 108479 85858
1 128392 190540
1 194488 70386
1 114613 30109
1 117730 19345
1 87840 22189
1 5227 144853
1 116211 14720
1 39877 181495
1 175775 9902
1 72123 3645
1 179975 191911
1 190965 125224
1 50477 69575
1 37769 53152
1 66205 151324
1 38530 186652
1 23384 72374
1 28788 27478
1 21699 155311
1 156417 30959
1 44817 187706
1 162725 185822
1 154286 158832
1 10697 43166
1 27373 111512
1 77702 181272
1 35124 48183
1 73143 84815
1 195239 195097
1 94084 193355
1 161746 129758
1 77164 182343
1 167642 179464
1 14291 153438
1 13670 28548
1 190988 140340
1 56778 66166
1 69096 3489
1 185652 37002
1 40063 76963
1 14938 40504
1 190014 45700
1 65699 124183
1 126898 164296
1 105300 169445
1 56595 16604
1 72254 121685
1 103828 71483
1 135335 161947
1 133931 194403
1 42230 121780
1 128220 1144
1 116002 120441
1 73098 140598
1 164125 199141
1 11968 53468
1 26492 45156
1 69820 167127
1 161898 75806
1 85629 43309
1 24974 13828
1 152142 52971
1 125882 145050
1 166419 111248
1 105749 192454
1 144212 174523
1 92619 18520
1 57544 67539
1 3955 127514
1 26595 65141
1 151169 181273
1 103395 24035
1 95661 136052
1 61847 125546
1 50659 52133
1 137776 139604
1 146860 82957
1 171021 83408
1 180188 118469
1 43777 26207
1 29630 193506
1 78183 136320
1 176893 75591
1 64169 60637
1 83540 10930
1 191245 179830
1 158456 16959
1 73921 16719
1 139267 137281
1 101352 102998
1 127140 69763
1 163301 124119
1 56902 33113
1 89190 162467
1 40062 145581
1 101109 57022
1 38776 99462
1 144188 68552
1 154404 121755
1 34838 188334
1 197085 161688
1 115357 109202
1 7706 46127
1 21681 54199
1 95896 120739
1 125958 184626
1 155079 33233
1 37617 147021
1 69748 78656
1 133812 31933
1 62134 147690
1 19848 178374
1 155293 112331
1 133034 127149
1 13336 49577
1 34984 111198
1 14118 131045
1 69294 8095
1 125887 182849
1 66892 145397
1 130115 161329
1 140554 174677
1 18531 149798
1 116207 160270
1 123726 157785
1 102477 44212
1 98398 89813
1 58961 55312
1 16132 69704
1 38665 183686
1 93233 64843
1 97143 132038
1 76359 10096
1 117781 44791
1 167551 163915
1 178089 29792
1 107804 4356
1 159883 112665
1 45007 123547
1 198580 161714
1 43116 10557
1 94410 137314
1 179661 198150
1 105128 35314
1 160773 128278
1 49139 145258
1 153864 197209
1 26458 79612
1 147352 124690
1 150765 155632
1 96562 127592
1 44833 38928
1 132410 92723
1 126498 125973
1 10405 56584
1 109019 89041
1 22374 170307
1 139650 65693
1 106843 5524
1 55079 61637
1 86008 99149
1 197565 85427
1 71027 156075
1 148650 34138
1 156081 87650
1 7116 28900
1 104177 8942
1 82188 120733
1 132855 123991
1 183719 22880
1 199420 129284
1 62714 63811
1 42900 56388
1 120270 85119
1 76192 66520
1 10020 104930
1 105845 132036
1 155394 58616
1 121099 86744
1 43326 199094
1 28202 61433
1 165002 18985
1 98258 77941
1 46273 105119
1 156010 99464
1 145137 5268
1 155948 179752
1 13161 79648
1 58638 68183
1 189253 144158
1 183668 53929
1 96823 93280
1 8916 89236
1 149336 76881
1 47145 102520
1 20847 143210
1 30171 74095
1 102272 63321
1 185199 80215
1 69145 27118
1 119339 164445
1 110233 57032
1 15373 56843
1 32001 94976
1 5485 34709
1 69120 13140
1 132591 55072
1 155897 161494
1 69037 63956
1 63575 199766
1 152675 163812
1 87060 43341
1 133149 13211
1 148614 86347
1 107038 137193
1 125547 5731
1 160402 9710
1 35318 98516
1 14775 130758
1 83738 161403
1 130823 114453
1 82966 48888
1 25577 167253
1 4738 106526
1 185624 199965
1 24408 174239
1 162643 169524
1 44742 68470
1 181830 90838
1 167091 101911
1 92345 112005
1 137680 90068
1 4664 93780
1 129633 40848
1 172738 125680
1 98699 167209
1 32437 58352
1 8736 29474
1 6778 166431
1 146281 17359
1 132589 136454
1 10035 157124
1 123983 33727
1 123165 198399
1 70768 193847
1 121056 31381
1 176790 116675
1 110175 136474
1 43635 132711
1 98417 157909
1 179398 125986
1 116461 150371
1 117968 124350
1 100918 11434
1 141370 71574
1 151430 53377
1 153028 72040
1 37119 133341
1 198129 121758
1 68016 142719
1 199921 118679
1 193060 58012
1 113679 194107
1 79601 175630
1 33628 73022
1 124607 149689
1 150235 63668
1 161943 53311
1 190190 29718
1 86831 189224
1 6977 117459
1 104499 163532
1 158582 188571
1 83285 182978
1 163600 195240
1 106327 178830
1 92707 165006
1 54232 67014
1 63483 6788
1 51870 63750
1 59596 116850
1 36195 166549
1 110298 80509
1 28450 21271
1 66409 195857
1 46819 104884
1 123816 29358
1 55941 179528
1 37721 1398
1 198284 40780
1 87172 188854
1 77995 10628
1 60188 94579
1 128916 20139
1 53234 141494
1 80253 189723
1 29977 147418
1 130036 124161
1 81177 14358
1 143270 113729
1 181592 72390
1 176044 25894
1 34629 14462
1 56663 102925
1 58694 69138
1 92477 8657
1 111653 89119
1 29444 84217
1 195830 4702
1 99375 87969
1 11916 88554
1 59814 60518
1 199452 66319
1 147659 21654
1 51121 154070
1 136826 126487
1 13075 186830
1 6303 81046
1 134833 115164
1 102143 168691
1 48150 166150
1 120831 104427
1 43275 132220
1 190522 2949
1 137928 936
1 55873 32449
1 25057 129400
1 159475 78206
1 21358 51497
1 40383 12074
1 88891 164181
1 50742 13807
1 97137 190016
1 36183 3036
1 178373 45408
1 116693 134674
1 102559 2603
1 85611 132592
1 17742 94949
1 67043 58112
1 175274 65897
1 85091 25571
1 177609 126647
1 139833 190394
1 111142 184511
1 4265 125783
1 192590 82349
1 160948 165987
1 104268 62261
1 22698 23953
1 105431 37857
1 18994 118914
1 155131 41304
1 98649 153530
1 10630 5873
1 16730 97475
1 113332 132024
1 27949 121311
1 41564 179520
1 178195 41332
1 6619 19305
1 194080 19123
1 21185 181236
1 124809 27082
1 379 110149
1 76720 142731
1 129217 193975
1 139118 77851
1 131649 43750
1 92960 10271
1 97355 104376
1 99253 64484
1 113278 95598
1 119030 179406
1 6066 60842
1 54231 180483
1 81831 132929
1 381 179416
1 48302 128706
1 119440 192252
1 87126 101191
1 132034 178211
1 30426 37755
1 180896 68854
1 84489 73068
1 80153 2297
1 113077 108436
1 47820 316
1 95968 184290
1 46871 80582
1 156835 112590
1 81757 167551
1 160289 131164
1 94231 26717
1 45036 102448
1 142622 117457
1 105717 189139
1 54648 102834
1 2809 73861
1 108193 17321
1 107434 182532
1 138971 8735
1 124572 188506
1 16377 129956
1 143666 84077
1 94119 110433
1 103367 54531
1 95486 106496
1 191137 110037
1 128007 168090
1 96018 140502
1 60878 54561
1 38896 65795
1 106985 89742
1 90040 18604
1 155720 164558
1 52094 56771
1 162175 140840
1 130713 91493
1 129489 184498
1 197900 68647
1 163007 40245
1 33143 13858
1 136850 129374
1 39422 86402
1 159269 192870
1 49210 164171
1 96118 105540
1 53727 117676
1 79598 100817
1 51694 19657
1 191726 110523
1 195868 99651
1 38876 178478
1 149634 116235
1 57519 153984
1 108998 29991
1 37047 115420
1 142537 139907
1 130480 173617
1 187282 148475
1 107848 109339
1 181371 180904
1 9134 47506
1 156571 10665
1 177374 165266
1 77811 24947
1 59690 7178
1 110492 125660
1 7115 177096
1 119216 124900
1 193896 135781
1 59192 63429
1 51686 126637
1 109463 87869
1 5169 145617
1 9205 36377
1 118601 158608
1 174573 156164
1 174671 194403
1 68218 15056
1 20690 110248
1 123359 56771
1 10261 188242
1 93718 176997
1 152292 462
1 12540 196425
1 197271 46840
1 34427 76123
1 129701 153087
1 88119 64745
1 24940 46550
1 17149 9268
1 20863 99101
1 165288 88120
1 180337 15887
1 105941 168441
1 116193 42029
1 158346 69841
1 112903 76010
1 56034 117559
1 117054 133912
1 142717 181266
1 85394 180755
1 104869 184446
1 123659 111148
1 142787 3614
1 130554 65049
1 67843 199075
1 177923 179738
1 125700 82139
1 112683 130158
1 164741 186557
1 190372 64440
1 41996 106420
1 161111 106860
1 165145 135338
1 87857 56446
1 50122 13334
1 178033 187149
1 109520 103113
1 194609 78347
1 189777 169589
1 57330 58032
1 156959 143422
1 118444 76704
1 18713 159302
1 170454 3289
1 189024 135924
1 48691 27361
1 26365 117828
1 43614 135471
1 93009 18197
1 122839 196569
1 177917 42158
1 8653 60734
1 146706 123281
1 28782 68084
1 14139 14789
1 8941 51252
1 109673 130271
1 82643 25221
1 102592 40145
1 123530 26854
1 70528 130485
1 60645 150976
1 102006 10074
1 5043 49611
1 130275 120080
1 152581 49983
1 3501 115761
1 66366 93438
1 111365 21617
1 58075 88383
1 197336 146343
1 133763 102718
1 168890 157148
1 66896 122402
1 199439 152403
1 94877 179759
1 106811 68697
1 110483 188333
1 184397 80974
1 25711 78232
1 174888 62772
1 56790 30345
1 137586 78328
1 161883 117605
1 189439 133887
1 156687 57092
1 56576 193523
1 2443 198116
1 107432 124557
1 59066 68047
1 45471 184676
1 101674 75914
1 159723 161271
1 70228 83520
1 171355 82359
1 103465 75118
1 79414 84441
1 173984 98192
1 155107 101722
1 129981 118795
1 63770 31763
1 166499 107483
1 395 161728
1 199517 59008
1 111821 111499
1 51306 186917
1 148233 126109
1 87431 165713
1 30567 149736
1 136321 17873
1 155001 122158
1 118074 189797
1 95015 173846
1 15227 57834
1 136218 54896
1 75963 66696
1 28461 49607
1 70255 95133
1 189649 185702
1 9235 142184
1 108927 40493
1 12343 183290
1 5347 10774
1 47885 153370
1 69447 190659
1 175857 65208
1 9981 16523
1 94394 91541
1 21265 167172
1 149504 177264
1 85230 142674
1 63214 128564
1 129488 25392
1 1994 66848
1 50474 188670
1 75394 42742
1 23000 44812
1 179834 155240
1 145735 102695
1 134355 196031
1 146531 175841
1 109053 4494
1 56897 94309
1 163584 124822
1 14542 59834
1 134087 186043
1 159159 113943
1 61933 97447
1 194715 83496
1 6221 36541
1 65454 67872
1 60293 53889
1 13550 60352
1 179082 111877
1 112523 146470
1 135089 471
1 62931 35994
1 33276 113897
1 108764 152532
1 166052 121665
1 11956 126865
1 63847 48354
1 127246 117976
1 28945 95866
1 187302 134087
1 92175 66252
1 91637 167907
1 121714 58273
1 72923 110816
1 48192 149611
1 67849 7086
1 103105 183354
1 43759 189445
1 21447 149538
1 78885 86321
1 108159 23532
1 108189 176225
1 172728 58492
1 30473 123820
1 16946 130115
1 122057 140133
1 124393 148454
1 50839 66144
1 95265 70382
1 161078 61829
1 122931 107889
1 64664 26005
1 160537 195840
1 41487 73914
1 11190 63058
1 108406 128404
1 154665 101873
1 21152 153409
1 78740 108835
1 175297 184044
1 147111 157467
1 146780 76889
1 154610 40929
1 62700 136623
1 96491 154112
1 52759 45574
1 124540 68270
1 7568 41139
1 151121 181313
1 166475 22802
1 146592 68751
1 99558 76948
1 51065 19174
1 87381 139273
1 42192 116590
1 46990 70319
1 132361 134491
1 79543 135867
1 174531 54167
1 124365 11687
1 6184 20335
1 534 164860
1 124147 146620
1 30920 142882
1 11586 469
1 160507 88037
1 129630 125875
1 196173 7178
1 73928 27685
1 45076 15058
1 120327 53813
1 155529 92814
1 180207 67225
1 8114 133540
1 140340 18591
1 13200 137952
1 25199 36115
1 25355 147839
1 46191 25394
1 138010 42487
1 113091 15444
1 126967 125003
1 192455 165397
1 118979 74573
1 123438 103684
1 77685 42548
1 12175 125968
1 126408 48480
1 145714 109231
1 118693 148396
1 164572 189328
1 83023 17395
1 50840 26052
1 184590 65446
1 6857 120424
1 113437 82893
1 176174 11990
1 160599 99866
1 190836 8908
1 148640 195062
1 153538 1437
1 33232 11974
1 37248 152279
1 103589 125823
1 161193 90804
1 133289 151850
1 189203 28932
1 154848 22520
1 85885 41562
1 64759 13769
1 122008 63286
1 121321 80249
1 56536 89203
1 139508 150829
1 72765 146482
1 45372 144541
1 94236 132935
1 84733 176929
1 167731 111458
1 121398 74240
1 156845 179839
1 15316 118327
1 196211 193042
1 164253 176006
1 95476 9261
1 100126 113345
1 162357 63476
1 157079 187094
1 120027 143236
1 10916 130202
1 192568 61534
1 23471 150361
1 50773 115481
1 161620 119197
1 145408 166153
1 194005 143805
1 131094 25386
1 172351 185322
1 10705 106130
1 134877 174646
1 114005 63766
1 197851 182054
1 173239 80890
1 103549 147450
1 21711 55071
1 24257 155386
1 17600 126376
1 40913 92674
1 79493 6509
1 160238 23825
1 62270 86180
1 178969 88206
1 192251 69964
1 177923 142172
1 86152 105756
1 52343 173344
1 132409 72747
1 168774 43535
1 136183 46753
1 141812 127869
1 178700 78877
1 99553 51876
1 11243 61160
1 3194 26289
1 125443 115866
1 190753 86037
1 5830 56779
1 116441 46538
1 190068 30013
1 72887 80740
1 126190 109768
1 130117 97179
1 142071 157446
1 105400 154133
1 14477 195391
1 108884 11256
1 109417 197399
1 55838 199664
1 69330 147126
1 17795 91966
1 176168 115576
1 46086 86594
1 50543 102679
1 60335 129098
1 48155 101589
1 178674 53979
1 24091 82350
1 6046 134335
1 51176 164221
1 17287 164240
1 39824 172845
1 187254 73475
1 187262 46883
1 36303 29880
1 181900 94890
1 153410 87936
1 183691 72223
1 141622 127920
1 88018 63454
1 59442 167910
1 14277 113068
1 137166 73561
1 55848 89830
1 3802 171429
1 57124 123370
1 12557 95190
1 21208 36996
1 66608 37237
1 121380 56155
1 27851 171729
1 94066 108636
1 142096 46160
1 110405 63015
1 96775 12214
1 192774 77753
1 88058 38709
1 162893 159386
1 129570 138805
1 131309 31944
1 160721 162661
1 38274 17443
1 77600 57090
1 180031 90330
1 110364 95783
1 128755 118358
1 166444 116182
1 183707 94949
1 126214 100550
1 109358 65704
1 199891 195437
1 167204 147201
1 27423 70671
1 74185 177271
1 194118 103944
1 101633 193516
1 29979 134358
1 139355 60866
1 156186 179434
1 30554 190601
1 70032 198704
1 123394 184555
1 76937 191261
1 187296 74331
1 113530 167353
1 8733 117435
1 170864 152492
1 54084 9868
1 115961 93645
1 179537 160028
1 65873 171177
1 42364 143915
1 80 196305
1 152390 83870
1 72401 10791
1 180228 144615
1 59942 142313
1 59241 83636
1 79418 107902
1 158937 38935
1 55366 147521
1 182187 184886
1 17720 170828
1 123325 138804
1 16544 79175
1 166078 182495
1 193437 194097
1 129464 106907
1 57800 137645
1 129116 12111
1 67871 84944
1 13075 124302
1 33076 174954
1 198466 178952
1 48151 179986
1 8349 173426
1 152769 152183
1 65711 4850
1 126466 148773
1 162600 146768
1 92973 148436
1 160360 160665
1 130497 84983
1 62283 108310
2 155736
3
