200000
1 125961 49338
1 148998 161146
1 72498 169079
1 49474 26282
2 146270
1 112741 61825
1 25932 165237
1 150035 51596
1 95797 65448
1 185025 74671
1 114133 23419
2 40211
2 27272
1 32788 93283
1 85210 93054
1 125059 122079
1 82982 120783
1 124626 121501
1 176942 21957
1 162382 190510
1 44208 156088
1 188886 132242
1 131517 92566
1 134308 130907
1 135260 26101
1 71961 20769
1 177405 191574
1 168142 127464
1 191264 71164
1 126296 25294
1 153542 79598
1 184538 13881
1 42584 9225
1 2961 4673
1 125335 77385
1 161052 167321
1 145988 198680
1 95115 128388
1 71952 164376
1 144042 114485
1 192007 9134
1 151885 32006
1 136312 84368
2 69342
1 24197 164839
1 123977 38500
1 130249 186103
1 66057 11670
1 177168 113874
1 131783 26912
1 111540 67162
1 120249 37556
1 110677 7317
1 192668 155861
1 184551 61652
1 85856 108704
1 84287 40164
1 122450 154012
1 41439 197881
1 184586 51715
1 21568 196376
1 132374 56145
1 76959 82883
2 14949
1 57191 111306
2 196964
1 29397 78956
2 112208
1 62598 133549
1 161816 183611
1 195951 144523
1 68947 171680
2 103204
1 22311 38756
1 145517 151188
2 86712
1 194201 16112
1 69526 62539
1 100617 81397
1 82230 92547
1 84804 179356
1 173974 74668
1 12665 159415
1 105416 150499
2 655
1 159983 52448
1 94493 188238
1 73264 97158
2 31228
1 179077 104377
1 190255 530
1 185699 57050
1 100149 193605
1 162119 193712
1 39537 108912
2 61880
1 104876 114634
1 28817 140998
1 79052 152430
1 105048 132567
1 155346 107771
1 188465 72751
1 10853 69871
1 164902 7039
1 68125 85266
1 37679 120945
1 167439 151074
1 88032 148723
1 24279 86399
2 58322
2 143334
1 127575 141911
1 27385 142248
1 11349 9834
1 47962 166200
1 33222 160196
1 6172 74619
2 160652
1 67404 68213
1 75539 64390
1 139611 87721
1 186281 140351
1 97635 130964
1 81587 113366
1 80698 81332
1 163327 39149
1 110107 40122
1 128209 25750
1 192083 3411
1 95338 193403
1 193774 81265
1 187098 139020
1 104802 187935
1 190409 7918
1 83322 25605
1 151234 135522
1 74309 40888
1 34241 84403
1 35263 46533
1 146751 189028
1 118527 151167
1 147195 54617
1 158691 114631
1 75978 134597
1 178041 159579
1 177314 196947
1 190895 56803
1 82659 32153
1 1981 37495
1 65639 173177
1 107217 196085
2 140491
1 29165 4668
1 164768 60350
1 98026 9883
1 51094 40970
1 19263 87175
1 70011 66785
1 85083 171713
1 9842 122729
1 128353 48152
1 160277 152266
1 35068 21660
1 79649 60791
1 168614 92808
1 35039 76091
1 119221 29675
1 32982 174982
1 56359 134296
1 34991 163448
1 158191 134351
1 3944 59693
1 186880 128299
1 181501 21449
1 161369 144396
1 193812 150982
1 105554 195207
2 104296
1 16830 68517
1 98229 154168
1 11235 55488
1 121865 51825
1 132907 112010
1 33046 71576
1 33661 118260
1 156519 26172
1 64298 37826
1 175840 25115
1 46171 24281
1 194953 152340
1 115515 89291
1 107736 118413
1 138721 181025
1 42116 171237
1 198464 178920
1 198919 669
1 196434 74495
1 144818 26754
2 75970
1 103877 148344
1 58864 190425
1 59808 54516
1 88833 179499
1 127583 12156
1 124377 32194
1 26146 57706
1 142850 140491
1 159246 139879
1 49367 169216
1 71482 38587
2 166038
1 135068 137244
1 77927 43817
1 28922 36083
1 160940 182511
1 74955 14261
2 162559
1 140081 47397
2 65436
1 161664 106090
1 27371 76318
1 136403 81403
1 138279 27020
1 120130 167504
1 43444 179203
1 32444 99334
1 59437 117785
2 153009
1 5530 30569
1 118125 159963
1 166345 70441
1 98245 14349
1 32359 150599
1 65106 159489
1 194042 104859
1 74952 29724
1 139772 57328
1 65195 68612
1 199400 129382
1 127360 38949
1 107270 184936
2 72051
2 152141
1 45649 56248
1 21940 42520
2 55834
1 103369 105745
1 161285 157064
1 135655 38362
1 195787 186707
1 162097 74779
1 133953 193945
1 120509 107756
1 190773 83972
1 88338 167620
2 30484
1 168246 75478
1 133145 169463
1 15871 41592
1 192684 46703
1 59373 190047
1 162551 143698
1 130245 103506
1 191609 115974
1 41759 73897
1 10534 33550
1 65460 128115
2 68880
1 66251 119145
2 156745
1 193076 139776
1 35155 106861
1 91152 30838
1 7225 7794
1 14610 124186
2 134029
1 73724 24127
1 111059 173590
2 6216
1 181897 94955
1 87719 54486
1 69209 64516
1 85344 190746
1 441 199432
1 97069 144137
1 147339 14447
1 149003 14335
1 140989 104840
2 77524
1 41780 197623
1 35968 125388
1 182322 3465
1 36680 110697
1 38717 100947
1 11016 157601
2 128976
1 52612 30347
1 198993 113525
1 77207 195564
1 38991 133586
1 134229 187328
1 34869 147957
1 112521 20546
1 49890 106914
1 108146 90239
1 109229 65370
1 145176 83971
1 4301 23917
1 27600 96323
1 107722 145538
1 38604 62732
1 172196 107686
1 183975 48811
1 148482 178708
1 13935 15774
1 113629 34948
1 125043 138555
1 155053 173111
1 12622 118304
1 97108 42049
2 174900
1 149187 96202
1 59361 118076
1 6625 57801
1 118727 63599
1 91024 2937
1 39789 109968
1 76652 26846
1 11958 24365
1 153307 185985
1 31855 151396
1 180126 189084
1 108542 111609
2 50135
1 186787 163976
1 80595 95067
1 120390 141155
1 44271 16121
1 26566 14523
1 88669 96971
1 111509 181896
1 99029 115580
1 6528 18927
1 32937 30682
1 158454 126135
1 31082 77599
1 193430 21808
1 54938 8442
1 62654 131551
1 109971 182947
1 191697 154796
2 119093
1 66117 20168
1 4442 71893
1 96650 151292
1 95641 164068
1 196527 149043
1 183970 106205
1 192352 14889
2 20959
1 35801 167780
1 159685 86592
1 116237 14601
1 188735 14857
1 56365 72461
1 195617 140191
1 46208 81230
1 74901 125715
1 189567 5172
1 68980 166640
2 99549
1 197908 105392
1 99655 138327
1 17036 8835
1 43204 47805
1 26232 132567
1 180463 94081
1 74092 64567
1 101790 42048
1 111147 114230
1 59414 82511
1 76470 45790
1 191990 56327
1 107350 8091
1 132835 8148
1 85094 73577
1 83316 66746
1 133348 126779
1 45342 125416
1 67001 191277
1 30370 143490
1 134 137389
2 62261
1 71287 14641
1 126205 195631
1 38953 73520
1 194307 38649
1 168162 56406
1 150087 28977
1 57347 46748
2 190910
1 76725 163704
1 120454 115989
2 95231
1 137412 113073
1 135169 6093
1 1425 56662
1 136335 168788
1 101674 16483
1 41373 2154
1 169416 149095
1 102726 23695
2 185234
1 124916 109459
1 123775 26093
2 114368
1 109426 2812
1 104159 48320
1 45691 96380
1 96419 102294
1 71363 76035
1 84394 14149
1 42460 125912
1 20693 179136
1 110988 186414
1 153875 9912
1 44507 6485
1 151445 134245
1 89884 171426
1 32820 144020
1 166842 59292
1 35104 62705
1 105286 187688
1 27980 6807
1 188158 141879
1 9048 32534
1 59039 93871
1 177727 580
1 22253 82583
1 65602 32647
1 132930 52550
2 17172
2 72819
1 71501 140747
1 128444 50786
1 90788 176204
1 123960 111248
1 49874 54690
2 14707
1 166435 183137
1 3766 148825
1 29973 152450
1 67197 124076
1 166314 9532
1 28486 120980
1 118937 26459
1 37172 166314
1 61325 104470
1 8126 27905
1 166256 5440
1 10517 123575
1 52601 121523
1 168408 168186
1 50617 68602
2 148540
1 155289 109730
2 98622
1 36958 10443
1 53427 174517
1 94704 184347
1 49476 178124
2 114702
1 97912 150460
1 16389 62658
1 50501 30453
1 43688 139889
1 145666 152454
1 7639 32299
1 25529 52521
1 88497 98098
1 155497 25898
1 31693 113161
1 177690 23447
1 181282 143295
1 5921 186916
2 135735
1 189289 15663
1 37223 72526
1 238 14177
1 23008 53388
1 74905 46467
1 85051 10988
1 173292 21478
1 165706 107557
1 91274 194020
1 116400 17177
1 10151 28657
1 101930 132032
1 161135 175204
1 3295 98387
1 58806 32581
1 76457 47292
1 25184 124698
1 105699 55870
1 153746 175980
1 38326 45857
1 195032 112223
1 139231 61857
1 160472 55986
1 66115 38616
1 91831 67411
1 146293 164456
1 93962 6311
1 151302 30829
1 36607 97431
1 126735 79906
1 78541 1951
1 72955 64146
1 73945 109331
1 180184 129794
2 17578
1 167485 51807
1 131957 188495
1 49061 112257
1 48207 28430
1 88315 14900
1 73433 166673
1 86878 24895
1 138507 52236
1 50338 47490
1 14654 177906
1 116602 1545
1 93687 96345
1 115808 22802
1 153332 126442
1 164039 3165
1 158198 99981
1 139522 127540
1 137231 174932
1 199605 55610
1 78638 109351
1 59709 119288
1 29864 25072
1 184028 191525
1 77001 30599
1 74919 4342
1 139675 14560
1 66035 36710
1 114678 21684
1 3581 87624
1 69065 191341
1 47448 80842
1 197927 46805
1 89053 25484
1 175830 126017
1 71566 199522
1 195028 152570
1 44810 95909
1 107114 103660
1 176312 169088
1 136564 80594
1 187053 21113
1 165361 38945
1 13344 35774
2 159817
1 123606 127889
2 107298
2 139064
1 89460 44793
1 12755 20953
1 8420 143744
1 56993 34092
2 187974
1 11328 126873
1 48728 42363
1 31529 34230
1 71378 93962
1 22347 122342
1 22384 12
1 101254 149976
1 74213 156185
1 78494 168775
1 72754 46196
1 175272 133575
1 40629 158514
1 62062 76176
1 97013 109488
1 31717 145097
1 191853 70646
2 197714
1 63021 185175
1 137628 33208
1 60699 178171
1 78835 107141
1 182968 177719
1 189518 159421
1 34748 146320
1 26493 180198
1 90248 194362
2 21833
1 130400 8843
1 161067 153975
1 42806 116597
1 60890 103834
1 114661 133153
2 94838
1 196710 160227
1 93647 175589
1 143419 90190
1 106295 91568
1 27190 95609
1 112061 73461
1 48638 15990
1 14197 44560
1 131995 116262
2 85511
1 108452 71011
1 142785 76212
1 142966 86375
1 181949 124518
1 17969 121502
1 129753 99005
1 72497 35218
2 121192
1 113294 65497
1 179082 11231
1 167412 7065
1 110410 131134
2 71471
1 180386 33439
1 60908 185726
1 176725 150903
1 25264 102951
1 139977 120510
1 21370 148393
1 72464 190944
2 34598
1 95235 161604
1 77681 20261
1 199209 24687
1 109061 196231
1 116797 118396
1 181588 178826
1 8291 113950
1 34177 37347
2 159546
1 42231 93580
1 178839 87596
1 69204 47738
1 128438 178292
1 118643 117506
1 12511 165808
1 37907 194745
1 48053 86889
1 51302 48576
1 145480 10656
1 63510 63020
1 140867 52572
1 146073 176502
1 14294 38129
1 68919 130340
1 189735 25043
1 139865 108472
1 131189 191451
1 56788 27607
1 169612 60056
1 183798 110908
1 49903 181465
1 163472 95326
2 89795
1 113049 24836
1 76142 145720
1 164190 196241
1 106626 137917
1 113518 59804
1 137227 60709
1 108994 18497
1 57572 81556
1 22345 173147
1 197096 46574
1 150289 66128
1 199624 159681
1 56187 153952
1 53707 73650
1 29661 184494
1 118694 144741
1 185657 79951
1 61247 180913
1 177758 27859
1 160444 106691
1 113373 50642
1 181969 113681
2 109935
1 164395 59530
1 170690 29541
1 42840 178709
1 126457 128656
1 30291 117203
1 195025 31153
1 171803 118752
1 95870 99683
1 68010 8225
1 184511 180295
1 166567 144974
1 300 63344
1 124878 133183
1 95168 130448
2 196956
1 94580 155239
1 188791 143102
1 20810 53129
1 14432 3388
1 83734 61399
1 65370 127394
1 27241 140374
1 102087 56176
1 96173 103913
1 95728 9987
1 91850 39587
1 99787 117314
1 117531 83789
2 185615
1 80675 197712
1 79519 5942
1 12640 3940
1 197174 141714
1 54042 39554
1 158594 32340
1 78499 119347
1 170395 156056
1 162048 188428
1 102085 52980
1 93809 33109
1 7774 170051
1 42749 120188
1 84684 107820
1 91075 165691
1 120359 42168
1 21887 113607
1 64162 175508
1 122201 121467
1 196736 189475
1 180724 86340
1 52212 161736
1 195125 163085
1 7960 28786
1 196817 57581
1 172563 89640
1 64412 57040
1 4549 75735
2 138704
1 150054 128372
1 199006 25626
1 46539 156668
1 20329 88299
1 165451 134962
1 152823 105533
1 105766 37337
1 89817 48356
1 33724 104072
1 8604 81495
1 103507 147995
1 181556 137983
1 63910 173081
1 193382 151231
1 27950 116774
1 100596 33156
1 157685 9578
1 179278 53327
1 120280 118146
1 137143 25600
1 161436 132965
1 158389 136805
1 23349 188505
1 107965 124739
1 167762 43414
1 193693 24996
1 197356 16314
1 1900 57889
2 123601
1 324 173103
1 194203 27500
1 37285 169229
1 126257 155351
1 31866 46965
1 46894 27107
1 175553 67854
1 38351 2919
1 17597 173088
1 140499 79495
1 47687 2560
1 124079 62919
1 144792 11393
1 170035 32400
1 189205 169945
1 24572 15937
2 49308
1 123596 137308
1 48314 160014
1 57973 67143
1 12961 16094
1 10481 61951
1 97409 185752
1 117380 18626
1 188504 180789
1 107808 197106
1 24622 80478
2 93933
1 41844 45633
1 103392 730
1 164118 91697
1 197525 107684
1 156368 17325
1 43621 152166
1 182641 88157
1 10875 3170
1 146038 5969
1 56393 107791
1 69398 144106
1 12987 183011
1 169481 140487
1 63069 169634
1 128859 184051
1 160008 11367
1 40048 79437
1 56146 184819
1 156375 186167
1 100918 85812
2 29523
1 73623 175681
1 56844 40360
1 141085 3199
1 199819 4579
1 40833 178534
1 70354 143085
1 56438 120193
1 8546 171601
1 56917 195551
2 56482
1 6271 7213
1 69425 133387
1 72371 58125
1 47510 113878
1 16315 75600
1 153945 124387
1 66314 127723
2 120248
2 25207
1 117619 128536
1 165864 120836
1 62066 29977
1 13443 138019
1 177324 92401
1 115390 7154
1 22572 37870
1 145123 169760
1 69396 192368
1 143084 194807
1 71333 22287
1 71540 199144
1 10507 125516
1 72158 50780
1 35821 166646
1 73732 17848
1 64371 164957
2 27875
1 45270 80536
1 79480 12228
2 88300
1 55202 180243
1 99269 190926
1 45922 91871
1 164338 102285
1 159932 975
1 102065 192558
1 45515 160984
1 144105 18714
1 146863 131648
1 17552 2567
1 144894 97321
1 51073 199526
2 59750
1 150162 190719
1 121674 64230
2 71406
1 36009 50271
1 132516 12744
1 175902 5475
1 64640 37423
1 137406 196060
1 122260 100001
1 47155 105839
2 44455
1 108484 36837
1 157593 58610
1 180698 181806
1 21934 64616
1 54506 59136
1 98892 111238
1 37642 184533
1 167151 93981
1 191083 162264
2 182636
1 59046 15391
1 106163 49306
1 62122 25962
1 137773 28028
1 49062 18574
1 69521 184818
1 189463 136849
1 73025 64545
1 106217 23314
1 52346 15456
1 157148 25932
1 3483 154597
1 127409 182697
1 153331 173487
1 114969 157323
1 124432 94260
1 184799 30294
1 65541 199501
1 49364 41474
1 177915 85536
1 6395 188703
1 186875 84431
1 48630 46953
2 181882
1 88396 124785
1 146564 1894
1 62638 186637
2 113349
1 62794 21344
1 140723 163052
2 198526
1 96970 125377
1 23300 47070
1 38346 198687
1 86321 180101
1 51907 4149
2 78430
1 102618 183737
1 37564 179462
1 68783 81585
1 130644 99183
1 165284 14999
2 5986
1 121063 105508
1 131866 176480
1 16275 143617
1 179201 45165
1 110516 139010
1 50022 101370
1 121730 106925
1 65810 31925
1 45531 4951
1 136350 76859
1 187113 191657
1 106049 69689
1 67537 175989
1 114841 187235
2 106077
1 105332 117754
2 155274
1 49842 102686
1 138455 29401
1 180901 76772
1 117916 76104
1 13609 4638
1 83804 45978
2 2617
2 131270
1 76090 172454
1 65492 25363
1 60422 189309
1 181457 154369
1 179037 102374
1 120986 15137
2 91115
1 76962 7969
1 171585 33010
1 149551 24365
1 121344 114267
1 148067 131210
1 42257 25725
1 36582 139631
1 52264 158125
1 43174 118704
1 119418 189766
1 160727 172517
1 126691 68090
1 85899 54234
2 75097
1 188607 23989
1 136084 32401
1 95444 41336
1 111643 196976
1 127345 125812
1 65550 132596
1 158456 32723
1 136560 38564
1 156464 89809
1 2908 60341
1 87483 104139
1 95442 72574
1 97978 126601
1 141826 54622
1 27006 193806
1 4312 135276
1 84083 139871
1 81673 179295
1 198920 52626
1 82268 170367
1 57826 24921
1 176060 18124
1 62465 80846
1 84476 128429
1 23666 157313
1 150764 122459
1 83575 33728
1 100123 101518
1 37556 73702
2 100717
1 14555 109659
2 81313
1 63841 129005
1 172635 51139
1 123635 159036
1 92681 110385
2 14278
1 118843 7157
1 23050 81054
1 124647 125804
2 140740
1 163320 174036
1 199141 178017
1 104866 110309
1 163777 154374
1 58858 91459
2 82078
1 194201 157176
1 89583 174093
1 85136 73011
2 6016
2 33434
1 105934 189339
1 194185 73399
1 10580 2197
1 141664 46672
2 52532
1 23300 113973
1 150593 5392
1 178514 69767
1 23634 163587
1 194109 168307
1 130803 109873
1 69444 108248
1 4553 66771
1 77374 37323
1 135889 177602
1 160359 32253
1 134537 162179
1 121964 122665
1 50461 36948
1 181620 64514
1 79444 20983
1 180143 88924
1 78012 165436
1 87395 66713
1 139155 156947
1 2420 124631
1 179127 38226
1 5492 38168
1 145424 52675
1 17515 122226
1 164028 56625
1 84968 89784
1 164987 1909
1 40904 2856
1 117788 167100
1 151303 56790
1 19944 155866
1 160261 97752
1 72781 24917
1 129433 43315
1 64909 103019
1 190812 70662
1 110568 144549
1 120751 170166
1 138950 186848
1 89295 24666
1 106858 41561
1 71322 137895
1 60371 36985
1 82018 6302
1 87668 29857
1 113649 26484
1 190551 129208
1 79005 142978
1 182476 41970
1 77133 47278
1 192024 55202
1 199436 90073
1 179228 119363
1 47182 67402
1 185476 119748
1 89281 84827
1 188721 57298
1 42454 109474
1 79912 30634
1 130511 128227
1 97148 150302
1 6347 162996
1 131576 118055
1 137679 100208
1 147346 68012
1 115159 86496
1 27789 48850
1 180893 23718
1 174765 164036
1 110889 25964
1 172704 55364
1 52634 102093
1 186154 139507
1 94323 187138
1 134162 191581
1 54889 161871
1 28427 187785
1 106156 37998
1 2597 174783
1 132724 64955
1 126709 173402
1 6798 150178
1 92994 10960
1 31591 177223
1 63474 18623
1 40215 163636
1 88691 96507
1 92913 103048
1 62382 174229
1 175050 63133
1 141225 99693
1 65608 15738
1 120187 132282
1 190637 63226
1 47285 25241
1 17252 35708
1 49103 6037
1 99851 74637
1 23760 21174
1 110977 126802
1 30210 161613
1 162225 162746
1 62742 99390
1 197919 89700
1 37395 11919
1 118195 58956
1 178565 176560
1 13507 17404
1 103587 9931
1 59110 46320
1 15872 157197
1 32118 17098
1 113974 40245
1 30629 97079
1 164240 122204
1 186435 118113
1 185079 17734
1 91598 113111
1 48927 78184
1 68604 194873
1 1459 35706
1 183237 6504
1 66430 198718
1 83827 168045
1 131291 98897
1 164526 105704
1 164510 22130
1 145859 156796
1 192388 104785
1 129781 30970
1 102169 89113
1 38790 155915
1 63080 30017
1 122631 166113
1 176296 51983
1 157151 129567
1 66468 28845
1 60760 1927
1 68204 182128
1 124336 146085
1 51962 44838
1 193950 75963
1 152679 146401
1 73442 193836
1 124495 80897
1 187858 32236
1 26818 7238
1 84258 39335
1 16109 175318
1 38260 154289
1 22536 41739
1 115552 34798
1 191168 321
1 118213 67
1 26151 35358
1 147281 103101
1 163290 193058
1 188877 50495
1 51763 11313
1 132972 161073
1 157169 34463
1 53525 107303
1 189221 35963
1 73071 177935
1 38878 125406
1 26348 64992
1 37398 132853
1 118616 53247
1 30814 99341
1 9700 155507
1 1095 171359
1 151278 88907
1 56338 49181
1 2644 191822
1 35931 69819
1 35513 14755
1 92033 150912
1 23253 26690
1 156569 4943
1 38915 19482
1 18643 162225
1 137351 31876
1 45676 129893
1 163679 193064
1 92054 106794
1 139340 168814
1 151588 121036
1 180384 78824
1 132602 135022
1 89162 132990
1 69109 153238
1 40032 161178
1 174423 166271
1 90859 41684
1 20917 7386
1 143801 31584
1 25636 149926
1 88031 43447
1 151713 115890
1 6669 188419
1 23232 77616
1 22678 33166
1 106455 88380
1 145407 170797
1 193323 20781
1 166344 196585
1 113370 96347
1 65273 1710
1 79691 107954
1 188207 153463
1 192979 42550
1 103207 164537
1 99305 103382
1 87049 107791
1 94797 92277
1 70392 39590
1 112563 176054
1 56153 58474
1 132214 100232
1 197538 101936
1 103547 100211
1 1638 148901
1 175715 160738
1 65885 103095
1 53109 185137
1 129400 75650
1 160394 151352
1 70565 123581
1 51642 166424
1 150304 27750
1 43656 165701
1 130939 120235
1 30409 70101
1 140142 79130
1 31322 101000
1 163682 53771
1 6147 191512
1 146299 60684
1 73510 8706
1 152548 78733
1 159021 168149
1 89183 23437
1 123378 143930
1 167052 71620
1 97520 19269
1 156090 127955
1 104810 86011
1 38316 90153
1 102682 75172
1 79661 122230
1 82332 21587
1 188311 194709
1 93019 42419
1 59103 13109
1 174589 48788
1 41765 5640
1 26699 86774
1 79227 99504
1 166307 186260
1 28532 164135
1 163169 73524
1 55023 110957
1 68299 159663
1 95907 14519
1 24380 168700
1 104045 84694
1 110867 173826
1 23064 167717
1 126236 129821
1 7147 109944
1 184510 83183
1 8121 90049
1 145319 100971
1 27813 19971
1 47669 152862
1 20916 94140
1 84967 85822
1 23960 29006
1 88835 53432
1 73209 159727
1 44168 20468
1 161991 187986
1 160598 94124
1 41405 18453
1 137180 50733
1 130551 121324
1 163331 105324
1 109239 129678
1 74009 52108
1 132020 80990
1 162816 190127
1 30117 106844
1 130648 88507
1 150092 120589
1 1130 188462
1 59654 38376
1 6230 71973
1 194770 30850
1 185343 75433
1 184159 71036
1 77685 141436
1 127771 42603
1 171427 26914
1 92472 131656
1 3450 129331
1 76289 18457
1 153309 100959
1 149726 45088
1 41230 66370
1 8229 180034
1 38872 99883
1 142433 4410
1 77758 111655
1 59110 144063
1 66533 195475
1 147350 196850
1 140093 108769
1 51437 81036
1 178229 39978
1 81620 187656
1 52960 10613
1 156580 17677
1 63842 145159
1 120760 145566
1 158495 93548
1 33784 171653
1 178022 169156
1 99299 120893
1 81561 35089
1 989 167647
1 191840 60864
1 156089 39887
1 129166 179765
1 100872 30119
1 191891 77020
1 63906 18596
1 177380 18157
1 90356 21968
1 134248 131967
1 31371 19568
1 74917 96208
1 88031 81646
1 18602 44884
1 116324 97929
1 63613 66620
1 151885 185019
1 145223 130312
1 149409 46379
1 165631 159632
1 60418 166485
1 102932 64975
1 12219 73974
1 187679 15217
1 63946 192572
1 28936 141982
1 9454 18860
1 157559 31751
1 83762 62229
1 1917 179824
1 86842 15286
1 130756 57279
1 102606 106860
1 156404 7236
1 117093 192670
1 144424 198857
1 148084 146732
1 33296 40795
1 188854 192020
1 6887 68889
1 75325 29671
1 44248 15165
1 198777 16364
1 129644 74728
1 35657 22355
1 133560 1907
1 8064 17692
1 38852 166451
1 35897 165832
1 14718 86476
1 93790 145664
1 112672 25337
1 34037 119813
1 195999 47578
1 151660 109592
1 35990 3262
1 134374 175914
1 63282 41715
1 48902 138695
1 111518 111308
1 175803 81022
1 64369 129459
1 9548 22803
1 169623 144559
1 6502 101033
1 145213 121463
1 68643 44202
1 42625 142903
1 12445 76792
1 162073 59233
1 165492 39897
1 116355 165816
1 115612 171998
1 186028 10393
1 113898 62997
1 150244 183179
1 117408 105711
1 102658 59720
1 142711 180404
1 141844 19212
1 79468 39525
1 20938 29981
1 115469 94898
1 18274 130652
1 158918 167198
1 153943 37003
1 94311 77039
1 32389 160542
1 66680 55578
1 152672 76486
1 123264 32237
1 113174 36604
1 75857 102463
1 37570 122955
1 176664 77077
1 20690 24289
1 111971 23382
1 100667 50648
1 167476 22705
1 157979 192511
1 77381 179405
1 31599 134445
1 134364 58610
1 40054 26057
1 186385 117365
1 173413 40724
1 24989 105065
1 65420 13752
1 132134 87684
1 73992 196436
1 62792 117392
1 186987 10568
1 60837 67219
1 26217 188093
1 155375 105920
1 162820 50809
1 30837 120863
1 60218 79906
1 81452 163770
1 134253 72336
1 143680 167305
1 67923 153752
1 115164 154016
1 75358 80534
1 87222 86232
1 22830 184186
1 125534 71355
1 67702 198358
1 193288 188916
1 27628 195943
1 140311 55669
1 18934 196449
1 144364 46506
1 116816 70016
1 91119 56159
1 80066 104204
1 185693 61869
1 130561 196332
1 96467 26090
1 176869 171183
1 125402 141713
1 31819 82134
1 48627 105968
1 61899 56677
1 189220 7056
1 187933 135340
1 143299 40362
1 72711 176080
1 9026 197576
1 156298 114911
1 86716 7097
1 61901 98709
1 66879 183033
1 83145 65640
1 112410 73183
1 195831 75418
1 64425 159049
1 65399 45503
1 32990 33861
1 100354 166733
1 174674 160897
1 10130 44388
1 196492 35702
1 3536 150686
1 99792 121872
1 116542 197401
1 5164 100448
1 194598 175874
1 122559 111493
1 91074 185891
1 143562 157592
1 49837 35568
1 49468 73303
1 19850 122702
1 186424 46420
1 80371 162469
1 132073 64990
1 35621 31528
1 186633 111152
1 40169 79586
1 145582 137369
1 194374 15363
1 73238 24620
1 113125 150763
1 178164 184553
1 165508 172534
1 144123 83307
1 68512 56328
1 131946 12371
1 176924 39131
1 60057 90484
1 140342 85446
1 164546 190015
1 167276 52816
1 88723 76978
1 154795 109109
1 110323 144701
1 2744 77432
1 103187 55669
1 81122 84201
1 84727 85373
1 16616 146040
1 145476 82929
1 172454 166331
1 6284 103124
1 132229 165373
1 144472 79804
1 175844 104328
1 160245 99325
1 152513 140531
1 121602 71251
1 67628 75566
1 62392 33299
1 194862 75661
1 85242 114644
1 116021 116692
1 189855 179481
1 153156 100610
1 100222 178754
1 42776 77217
1 32634 155188
1 197085 89036
1 132301 81990
1 121171 78722
1 18137 153070
1 161915 182058
1 87661 196715
1 184198 176422
1 126932 4083
1 148863 57053
1 149732 183775
1 182583 97219
1 107205 8469
1 164721 52588
1 113216 51639
1 116879 191441
1 126859 157898
1 28797 5601
1 3474 168809
1 192668 172748
1 111815 39659
1 187185 115660
1 110828 66450
1 25039 99957
1 44128 27957
1 179971 129342
1 152553 51696
1 94654 176719
1 52417 68234
1 92487 176397
1 160611 104294
1 55970 48484
1 53655 7470
1 101947 168596
1 105981 174461
1 87640 61887
1 86934 72204
1 199549 161074
1 115289 156960
1 26465 184754
1 55348 145073
1 196177 21576
1 165792 162653
1 106147 49551
1 69418 34382
1 121695 63550
1 64447 14953
1 128040 128625
1 97720 196664
1 2736 151868
1 8486 181658
1 92893 172531
1 29215 77866
1 160694 162035
1 144521 88109
1 38227 142261
1 22823 198143
1 108035 12244
1 159010 108608
1 141439 111260
1 67801 183162
1 104655 171990
1 123499 39510
1 166139 45073
1 4163 38849
1 158901 2546
1 103462 175640
1 68164 43583
1 142842 104347
1 81716 180648
1 93911 37457
1 138428 77015
1 9361 7159
1 98288 100666
1 115142 43631
1 150696 6094
1 148133 138343
1 176561 111918
1 166656 39815
1 94322 21403
1 167763 93087
1 55648 136654
1 148500 39951
1 123814 7676
1 102014 17785
1 196815 107305
1 7705 192612
1 172918 178608
1 21451 114418
1 56880 96209
1 59749 38724
1 4472 107836
1 125479 174123
1 154523 111005
1 40725 106707
1 50981 150184
1 92542 156715
1 172363 197543
1 126025 42456
1 155674 72385
1 186499 144282
1 14815 51533
1 197415 46334
1 134232 147095
1 129965 79046
1 145243 141874
1 24342 108118
1 110918 116479
1 190902 190368
1 25511 196604
1 22338 55122
1 29036 69840
1 114524 126653
1 160397 129301
1 40605 4553
1 70775 58791
1 123746 32856
1 132348 132717
1 92122 186488
1 178810 30181
1 91150 143436
1 189450 136628
1 195634 188605
1 169449 168750
1 159915 172125
1 76971 163042
1 88481 176219
1 103071 165738
1 68998 196590
1 50301 194865
1 106151 177979
1 169047 122310
1 108787 12681
1 38655 136992
1 151562 18408
1 119284 19761
1 129287 166109
1 112275 24816
1 104144 19344
1 35131 64482
1 154333 101305
1 176193 3496
1 199944 83784
1 34582 32846
1 65684 50324
1 194485 155987
1 146688 112775
1 39377 130485
1 14605 141191
1 138366 169855
1 28558 61479
1 75166 166484
1 40688 174159
1 155599 77693
1 31817 98665
1 195859 109810
1 97317 128078
1 74688 91494
1 182543 156272
1 145897 110614
1 164765 9353
1 41740 24146
1 136319 15235
1 17469 186956
1 194889 195177
1 148370 8033
1 148286 28238
1 126480 123238
1 28703 6332
1 56982 85300
1 35765 57567
1 68233 7287
1 120155 183603
1 95744 38259
1 171151 78251
1 120880 82647
1 53114 180707
1 151770 34247
1 70205 171529
1 196851 122788
1 34686 106631
1 19796 72607
1 121908 98099
1 151715 158974
1 89135 69051
1 18881 41645
1 193451 188939
1 95029 180936
1 43606 76928
1 77273 61160
1 148511 57937
1 5379 26860
1 29634 12220
1 142135 60873
1 34449 168687
1 168011 3861
1 158853 117241
1 21402 58448
1 34565 65264
1 190893 128756
1 17846 125795
1 162854 64575
1 48324 96643
1 3375 107006
1 152879 12173
1 110819 16092
1 174041 42875
1 97019 159339
1 13902 192811
1 74811 59377
1 182420 111055
1 36381 177910
1 58934 118615
1 188606 152589
1 153164 125916
1 164167 147362
1 81229 134414
1 72607 90435
1 40407 175712
1 39375 40753
1 4605 132274
1 33270 66664
1 15378 191295
1 171374 23404
1 144053 98184
1 164606 141271
1 4702 93376
1 105729 147616
1 98792 176953
1 133654 134446
1 70303 68687
1 119178 75229
1 132107 159955
1 22594 136912
1 39229 21178
1 99693 39992
1 116889 103047
1 160426 26211
1 184100 35318
1 20981 172552
1 64336 188395
1 2200 63634
1 42502 8410
1 179471 19435
1 181235 185207
1 111292 131338
1 108886 96608
1 172620 191424
1 67145 79626
1 59369 29631
1 172109 105193
1 115234 23468
1 12314 84068
1 184471 4070
1 34471 34104
1 198185 96919
1 31607 4651
1 127265 107834
1 108901 19317
1 167519 191726
1 2993 102377
1 106950 159226
1 56586 78889
1 56615 87520
1 190366 161227
1 49963 7015
1 88032 53702
1 140292 179108
1 140249 81889
1 127637 46281
1 169203 23198
1 66080 66096
1 196673 27682
1 156785 181736
1 80018 107624
1 146570 124289
1 162423 81127
1 51342 90389
1 183507 67585
1 75377 121560
1 9123 32942
1 11936 131233
1 172302 171175
1 16108 11257
1 187886 87
1 92477 183139
1 22814 79102
1 95860 4524
1 89543 139431
1 126817 184564
1 60518 63821
1 47846 119229
1 46816 170634
1 44203 127924
1 6344 18176
1 54148 172670
1 40111 50059
1 24799 183621
1 105262 90406
1 31923 57026
1 39280 41372
1 134117 54796
1 41219 75954
1 15356 176994
1 126560 199123
1 171719 43253
1 155384 153915
1 158413 43898
1 36738 31400
1 110965 87854
1 3202 167550
1 92983 198634
1 140507 177018
1 22018 110634
1 192216 95513
1 108271 29976
1 170104 44361
1 150502 110365
1 75384 21264
1 104143 76075
1 127269 152124
1 26748 31876
1 125089 68107
1 19669 187471
1 21173 28699
1 124612 61596
1 156056 120531
1 146465 13110
1 58367 77587
1 63968 141992
1 27430 63386
1 94650 59922
1 31773 113783
1 43929 156398
1 88790 118578
1 99015 111390
1 162861 118331
1 89561 164665
1 142841 189331
1 121304 137301
1 137042 30393
1 48880 75478
1 63267 144344
1 16540 155703
1 21234 50606
1 174865 178264
1 44589 27904
1 41898 140938
1 167096 57212
1 10964 179415
1 42740 139631
1 93307 162196
1 98449 26152
1 77108 39339
1 128855 162412
1 98092 141475
1 110833 182300
1 108497 161971
1 71867 77283
1 16511 186439
1 187277 182308
1 91053 194450
1 91336 9955
1 86745 5973
1 81504 32818
1 90289 76206
1 134122 117343
1 259 187045
1 131752 30236
1 97703 175858
1 80403 182702
1 168811 75602
1 107049 92826
1 13631 172428
1 56247 174797
1 184802 37374
1 38951 154123
1 12045 120814
1 20941 51802
1 195550 175629
1 108526 152560
1 159623 117198
1 128466 106393
1 95479 35688
1 59275 49517
1 44233 66471
1 178566 34674
1 108652 146490
1 149458 188109
1 30290 128312
1 55151 105710
1 148509 184820
1 89561 38076
1 138183 33090
1 144276 20223
1 101840 101002
1 44473 160717
1 179309 196557
1 42050 172919
1 196975 106869
1 194450 138740
1 40946 64290
1 89416 70222
1 113863 157746
1 116998 114508
1 118179 93776
1 48700 23839
1 184584 109696
1 53626 66960
1 20404 184169
1 30134 61993
1 172489 71459
1 2906 44771
1 174205 80451
1 182418 44048
1 55107 67622
1 69844 79882
1 195449 105146
1 2353 8028
1 151827 22802
1 185690 184878
1 148680 68203
1 187638 127734
1 86331 23866
1 196323 35998
1 128492 111737
1 66251 138800
1 137952 27057
1 95913 172681
1 88846 62218
1 148379 84284
1 80331 121360
1 157610 55302
1 172920 23304
1 11735 42354
1 160106 11507
1 159721 175437
1 33818 55970
1 62772 163341
1 95631 164603
1 39020 90557
1 168456 178890
1 12330 95724
1 85357 160460
1 184189 80087
1 151992 47287
1 194997 17939
1 141856 117710
1 64235 169855
1 52678 7459
1 132181 57386
1 87651 127917
1 45129 119360
1 130226 93133
1 177551 62395
1 187930 159515
1 71084 136519
1 47070 135862
1 35115 176053
1 81864 31627
1 187567 76901
1 80275 80165
1 195511 142318
1 187480 113014
1 2864 28111
1 140219 130020
1 107841 19482
1 14615 131095
1 168850 38431
1 186214 37699
1 78558 127511
1 104181 87025
1 191675 163347
1 170120 37394
1 116008 159908
1 186377 166726
1 48598 165835
1 186871 102505
1 118137 55907
1 129676 164384
1 114385 148621
1 44207 149155
1 123827 151324
1 99036 107530
1 137309 23298
1 164432 58908
1 117114 120699
1 66617 161622
1 177139 191672
1 197404 40440
1 10871 151247
1 142536 99670
1 73675 51233
1 35260 46622
1 166933 169035
1 70357 123685
1 23781 69393
1 62266 111543
1 35716 20231
1 166603 195230
1 17090 4481
1 106119 158257
1 73211 9918
1 78332 127649
1 6505 188624
1 57524 91136
1 62512 91663
1 118686 154387
1 187109 19903
1 8506 146074
1 158880 61310
1 122697 19037
1 96068 94195
1 119989 85560
1 8460 195763
1 12540 28458
1 101528 160245
1 40674 62426
1 195512 123000
1 143128 19243
1 111096 34674
1 116455 114946
1 3180 195773
1 167329 43860
1 89917 3965
1 10698 821
1 194933 174229
1 86850 184479
1 35463 28171
1 47670 8191
1 66210 81784
1 198727 8070
1 47736 22644
1 65211 161582
1 174282 42049
1 61667 148747
1 174518 97398
1 79565 37717
1 155842 141935
1 198634 67122
1 95723 145971
1 142530 156232
1 8234 40166
1 110742 199683
1 103750 93617
1 122006 38564
1 130655 41582
1 3397 120075
1 33209 95447
1 154281 98630
1 48904 70833
1 189815 36058
1 150843 180724
1 148605 192465
1 141004 115519
1 147346 92997
1 154502 14586
1 174459 158187
1 129623 114635
1 92063 175331
1 141848 99517
1 153773 38846
1 127643 47597
1 145868 125329
1 184372 171958
1 146756 7930
1 125386 10272
1 130027 174960
1 58720 40645
1 190161 54479
1 38239 171651
1 152623 68644
1 75175 107496
1 145614 98997
1 194005 151130
1 55028 183893
1 117206 180295
1 61524 48294
1 115180 117581
1 91062 153263
1 154944 171114
1 86372 173281
1 196010 125286
1 122902 131556
1 110525 49407
1 20384 155303
1 150997 161621
1 130907 93287
1 166885 29783
1 113937 128639
1 52796 154285
1 44845 24177
1 4567 159015
1 114273 177332
1 154733 191974
1 24857 94718
1 138678 5065
1 74337 147987
1 195582 88923
1 81426 2319
1 69225 16699
1 25538 116912
1 113670 133772
1 76460 170791
1 125593 38557
1 734 178720
1 105571 88667
1 199394 99152
1 22516 159925
1 139246 65855
1 81844 142736
1 92303 135829
1 62638 31789
1 192851 185129
1 144542 122967
1 78518 22984
1 116796 160273
1 191247 182979
1 69770 120191
1 156796 130492
1 11226 154004
1 140491 85233
1 10531 174972
1 92906 29961
1 183685 18826
1 33042 20127
1 53850 83108
1 190511 51725
1 48575 184493
1 70162 78139
1 132643 35443
1 127898 118696
1 125840 199514
1 103904 38647
1 138871 155336
1 84578 90557
1 166145 70482
1 72562 160138
1 123219 103079
1 70815 173045
1 74273 9532
1 126820 52909
1 119222 89912
1 35984 44094
1 78658 73440
1 81718 110240
1 24037 118917
1 166486 179718
1 192251 36652
1 180939 114085
1 33704 148542
1 188598 99203
1 13029 142001
1 31722 118082
1 92940 99638
1 77785 133356
1 48800 45605
1 153278 89473
1 94817 115301
1 55820 7039
1 142286 133920
1 194263 126641
1 132667 58534
1 68866 25979
1 23637 60705
1 148201 79140
1 76403 91065
1 46223 123813
1 17887 65864
1 60106 176689
1 87205 1728
1 188270 113925
1 162203 81563
1 135863 50546
1 50802 60356
1 3386 2152
1 105468 93508
1 163918 98821
1 172734 90991
1 172918 114206
1 186359 91855
1 123026 116109
1 15344 35921
1 58439 124284
1 198855 85679
1 103532 30896
1 100343 80861
1 170295 24729
1 155242 49336
1 66151 43545
1 63938 27883
1 81714 162643
1 135907 177380
1 156785 105333
1 60549 116598
1 46410 136968
1 46840 96144
1 35039 110072
1 35321 118174
1 113781 79007
1 34676 132414
1 40679 189911
1 124186 90341
1 155212 50367
1 86693 198674
1 114662 42061
1 89320 99892
1 192396 91797
1 77916 30616
1 68954 131097
1 167657 65429
1 54359 118289
1 131633 93179
1 8038 13180
1 132195 57784
1 196913 189799
1 182911 109005
1 38291 68349
1 4965 130545
1 44229 124624
1 88354 96451
1 94604 14631
1 98045 133174
1 43104 136201
1 136319 2744
1 124959 17096
1 114945 48547
1 194931 67600
1 183098 17511
1 17921 114994
1 135113 83831
1 115795 157036
1 135807 57460
1 70984 117307
1 41328 3223
1 119035 57316
1 167484 14242
1 37937 146879
1 166745 39304
1 156806 189380
1 109219 74268
1 24026 33690
1 67366 134008
1 186231 167454
1 150058 37102
1 76230 115697
1 99264 77812
1 78388 95365
1 70349 159115
1 24670 145001
1 147605 121712
1 145924 113170
1 68681 6151
1 34221 121836
1 151635 89924
1 193046 86689
1 148128 50716
1 185185 123561
1 9903 7147
1 30140 124306
1 121370 179367
1 56783 95122
1 135651 81925
1 48874 1099
1 87296 31722
1 161838 82205
1 121065 154900
1 99706 63154
1 195489 95178
1 61848 65286
1 9091 70337
1 129769 69750
1 6288 134352
1 72718 142026
1 177653 150614
1 99224 92229
1 175137 44714
1 144563 48940
1 186568 160899
1 159374 117077
1 14449 66153
1 172494 67698
1 29127 111516
1 94899 70366
1 126045 167939
1 102922 93478
1 121923 174871
1 111445 35867
1 170440 130960
1 181304 52248
1 144464 173840
1 194469 172687
1 188824 93071
1 128458 114456
1 196167 127623
1 150777 79484
1 114424 151584
1 82007 24126
1 39877 170398
1 37257 48107
1 70485 154698
1 138972 85284
1 191081 79774
1 90035 183849
1 188771 110645
1 180535 181096
1 155287 161713
1 128762 153991
1 44055 72366
1 123755 5870
1 190265 195111
1 17281 28631
1 166892 91752
1 11425 46618
1 135419 76596
1 33107 43636
1 480 55031
1 100260 52311
1 182413 171374
1 12636 88312
1 153207 145621
1 170915 140949
1 63971 22417
1 90030 60869
1 169205 172703
1 8304 102661
1 56502 39741
1 61439 29119
1 113894 37271
1 46789 83165
1 191874 147764
1 56040 84878
1 41495 132066
1 90811 29528
1 160200 16607
1 127654 56351
1 126044 180361
1 173523 161205
1 2315 15688
1 41307 153314
1 131146 6650
1 138160 107573
1 180629 83232
1 166412 65164
1 159997 109191
1 167769 172192
1 103026 134264
1 23202 182676
1 48529 91939
1 32058 113407
1 94641 73993
1 57131 160375
1 56875 105514
1 88865 19808
1 161896 41327
1 147352 59190
1 21679 81752
1 24643 92695
1 2223 11047
1 192895 72085
1 76874 25038
1 55991 47866
1 42658 78423
1 32152 108060
1 154023 188563
1 82424 140899
1 24929 169541
1 119746 50647
1 24187 173646
1 156581 129327
1 79186 87708
1 44029 129496
1 141884 110095
1 152193 188291
1 132443 119404
1 23279 70386
1 185444 24390
1 64182 71620
1 17963 14441
1 102050 192190
1 158449 22024
1 190988 173468
1 34096 184937
1 19010 132056
1 68006 154127
1 39989 135226
1 150688 42984
1 179618 196321
1 16712 12216
1 96963 29840
1 142578 100166
1 69814 30717
1 180260 96773
1 115117 124949
1 176228 140421
1 175576 16467
1 65222 38363
1 46224 30467
1 245 172622
1 124485 22354
1 78017 155140
1 53098 73688
1 137898 108460
1 154847 121000
1 183852 12844
1 199199 32151
1 103308 13709
1 3755 127243
1 184161 78437
1 144374 176262
1 121126 183045
1 92306 98419
1 35071 44325
1 58587 192176
1 70281 53133
1 168674 89116
1 144423 6980
1 41692 61474
1 24585 56126
1 7820 41734
1 23232 78657
1 118254 175600
1 172288 142617
1 170982 162167
1 172212 187389
1 134504 31151
1 44424 2240
1 71208 20725
1 63219 22140
1 29508 10426
1 143747 131196
1 45617 6926
1 50029 72361
1 131300 34544
1 82645 157175
1 105793 83027
1 158363 66001
1 112840 83250
1 136934 61314
1 150334 85270
1 5493 141477
1 33435 143079
1 81507 125902
1 178546 187378
1 22650 30778
1 122085 74554
1 177980 11829
1 79626 79362
1 100718 5962
1 141528 12632
1 45285 172080
1 1686 40806
1 6037 162227
1 178950 162357
1 8215 107104
1 29645 65859
1 191867 138549
1 4647 79111
1 95951 141255
1 199304 57025
1 137774 37622
1 213 106439
1 168779 142990
1 80965 71885
1 9280 195583
1 123409 129077
1 48274 132608
1 167588 151255
1 176903 41726
1 108286 168274
1 158699 47115
1 18411 19540
1 178655 65989
1 29347 155366
1 33443 119492
1 45955 84539
1 141029 80135
1 146796 27898
1 124809 101665
1 28730 60362
1 93755 42144
1 5096 221
1 98612 198270
1 118145 58432
1 53321 107084
1 139338 17057
1 197177 195291
1 173422 55009
1 52664 97069
1 58218 37533
1 107767 123675
1 10617 100984
1 141687 126343
1 146690 24299
1 88206 106181
1 22401 109646
1 191160 8453
1 160179 40361
1 1826 3972
1 152134 169910
1 163634 40180
1 24640 13689
1 153178 26152
1 173743 110660
1 104287 199109
1 195153 46787
1 72037 106277
1 81668 160847
1 170813 140941
1 191919 121521
1 19441 157521
1 69810 180788
1 14479 7750
1 5708 8176
1 60084 40105
1 36108 181908
1 162651 51662
1 161530 16883
1 182950 192331
1 195398 146194
1 157099 12773
1 32625 138737
1 35394 107002
1 4218 183768
1 142607 132273
1 162572 159908
1 97739 26207
1 94437 150738
1 7063 120763
1 72010 93002
1 51331 12101
1 105257 27440
1 2715 11442
1 139855 57319
1 158836 64026
1 172043 19878
1 198645 63973
1 74978 156799
1 40617 180659
1 65397 170156
1 89220 17931
1 102703 122397
1 133427 27334
1 76147 176192
1 18729 100925
1 104261 67985
1 198311 173872
1 14327 9058
1 131531 35960
1 65879 144619
1 26460 160495
1 3031 63893
1 135125 151005
1 79548 123780
1 186544 93414
1 48651 69539
1 184372 132531
1 83505 108020
1 34370 157022
1 194930 147799
1 81372 168610
1 68948 1755
1 35383 60738
1 144269 162755
1 46402 182392
1 155625 125338
1 165879 132768
1 69760 194682
1 151586 143974
1 173976 187864
1 10159 143021
1 167062 83860
1 141945 16833
1 60139 51456
1 82447 130495
1 152380 10799
1 120073 153987
1 177745 148864
1 52236 165971
1 19074 184298
1 173721 80714
1 50975 95626
1 60253 192071
1 39840 176619
1 47092 146902
1 119308 35733
1 3647 26078
1 148333 95704
1 77672 159053
1 143027 52442
1 62067 105537
1 143207 137503
1 170503 92089
1 8083 155353
1 76605 111547
1 188208 27633
1 130152 189894
1 156048 196116
1 101029 157946
1 152909 31936
1 197861 166470
1 174834 20368
1 25848 139667
1 153575 91207
1 7452 77487
1 32226 120794
1 135366 185661
1 192205 131200
1 88943 184218
1 166898 47550
1 179043 101842
1 192878 181165
1 162438 83268
1 133908 9487
1 7976 67923
1 68577 56786
1 97482 155023
1 63712 149604
1 105265 172323
1 77470 108664
1 124971 99136
1 17489 37271
1 198367 104713
1 159620 135978
1 61209 132544
1 85126 44102
1 194389 169648
1 108180 77177
1 125388 178845
1 96771 183188
1 28285 153385
1 124146 158969
1 132862 149704
1 159792 119399
1 146307 64230
1 90729 145347
1 159853 141654
1 72919 80425
1 196502 194750
1 6438 145651
1 130652 131649
1 59623 153417
1 146220 9454
1 3642 13162
1 98769 50727
1 61430 182970
1 144445 187220
1 41626 98956
1 28311 99208
1 131576 31089
1 160965 135155
1 20448 187905
1 99195 49162
1 137803 162281
1 171780 23988
1 152522 37686
1 7505 126967
1 121582 9185
1 110464 17634
1 44280 142555
1 105198 157179
1 31811 76314
1 51584 17132
1 101808 68260
1 149805 108713
1 186962 141467
1 37520 174436
1 66523 76042
1 188525 62965
1 84807 4207
1 130689 12996
1 5768 69577
1 100687 172729
1 190897 43875
1 33448 127077
1 80038 173666
1 62906 179826
1 170947 106635
1 57757 9289
1 150604 122328
1 14425 176194
1 184341 70205
1 11451 9488
1 110962 135349
1 21850 58733
1 83618 80338
1 21285 22596
1 82615 175237
1 31343 71519
1 72329 156138
1 40893 108048
1 186268 81431
1 189070 105187
1 195214 19430
1 133612 146243
1 13126 87105
1 90931 170027
1 134169 90542
1 164703 51279
1 38526 171547
1 196763 77644
1 172212 167083
1 198726 136654
1 81457 22913
1 147656 22656
1 159759 176588
1 67286 55226
1 125170 196563
1 87362 63525
1 164733 55427
1 134022 130866
1 189110 82294
1 163602 105147
1 87606 79046
1 174740 103033
1 75157 147347
1 967 121513
1 190805 143377
1 61759 79929
1 75533 176725
1 90419 2614
1 70873 31521
1 105356 85178
1 86785 191278
1 49325 98450
1 190374 123641
1 151107 75374
1 53876 161552
1 18959 112652
1 152900 22559
1 42097 4519
1 39312 197238
1 161975 102491
1 85661 163229
1 75750 172572
1 140195 194203
1 3528 84120
1 159553 189506
1 199350 31914
1 35423 110271
1 37608 22977
1 188003 66017
1 137914 45839
1 4696 143143
1 146753 62965
1 131547 83023
1 41615 188271
1 105032 4891
1 33730 141564
1 53284 68519
1 157075 85649
1 40332 44777
1 141342 62014
1 27229 130631
1 118125 68001
1 183717 94879
1 99978 49225
1 158922 20498
1 102788 31917
1 115706 80210
1 11329 6479
1 77075 194606
1 161797 67306
1 150227 190108
1 121025 57443
1 45186 147142
1 43103 153007
1 74462 84759
1 62029 101313
1 43783 27783
1 109321 149686
1 151468 189541
1 76140 84164
1 141045 34085
1 8440 42977
1 45618 155882
1 74470 13872
1 26564 21141
1 52012 89776
1 60298 189198
1 194764 193320
1 51791 93202
1 94370 109070
1 112242 128702
1 109806 59319
1 57174 136027
1 42017 10435
1 141706 178858
1 62437 107721
1 167675 142385
1 29039 92481
1 82904 11206
1 91849 21041
1 187078 62491
1 60251 122970
1 111622 130571
1 14586 37795
1 76387 70372
1 69747 41606
1 195808 25781
1 169369 17657
1 128289 143322
1 21965 172959
1 7065 51013
1 66446 162672
1 48308 139983
1 133185 66150
1 139205 123455
1 177026 45738
1 133234 76633
1 123499 20030
1 6558 128491
1 189924 138668
1 72791 125140
1 168555 152303
1 11521 131990
1 191270 95
1 34114 90973
1 26342 100834
1 39599 98959
1 87934 178257
1 155703 160022
1 144517 101225
1 10319 121196
1 149608 58163
1 165342 183911
1 1459 42422
1 102377 61637
1 9121 115483
1 4161 87545
1 118242 78561
1 87339 149238
1 5547 111234
1 54352 12155
1 186820 133220
1 15526 78624
1 144718 137412
1 198814 29856
1 18068 155488
1 23952 73766
1 93523 82981
1 37475 104988
1 56268 84248
1 77121 84978
1 165450 2120
1 8250 175468
1 197486 59828
1 140728 47343
1 44291 136952
1 65699 138829
1 151167 173373
1 81621 43407
1 129366 89250
1 155008 101314
1 24645 118693
1 120990 104837
1 85277 182166
1 9626 113105
1 131662 14654
1 92221 197513
1 133366 31244
1 139675 172613
1 163818 75712
1 1918 162201
1 183108 104347
1 1747 14059
1 30445 130374
1 28052 44213
1 61165 30977
1 155765 120022
1 9905 97423
1 87699 224
1 176731 124448
1 985 136285
1 66256 65983
1 44213 77923
1 48446 197437
1 23419 177178
1 25708 24285
1 166743 32652
1 117766 130049
1 110776 59692
1 73449 85333
1 102715 91049
1 68140 106234
1 469 39604
1 139247 188854
1 134982 51151
1 65640 165273
1 136122 157209
1 20843 16371
1 27393 107864
1 25913 96372
1 58737 133062
1 166477 45155
1 102682 196831
1 19875 21572
1 144746 162857
1 6153 188931
1 165666 148932
1 60714 188326
1 156601 85747
1 146776 21169
1 156942 147692
1 184986 152859
1 16468 25053
1 140342 32433
1 125305 76927
1 23808 111626
1 60055 176031
1 177124 174763
1 25694 187562
1 91632 72954
1 192257 167545
1 22053 28009
1 63713 161565
1 171200 139035
1 122231 46636
1 144643 94234
1 57861 158348
1 192521 96381
1 115902 102592
1 113162 8915
1 159797 139185
1 118507 98581
1 85060 183934
1 184074 167243
1 56189 185350
1 182215 51965
1 6870 37173
1 34839 165661
1 88976 116109
1 21957 171251
1 126696 157431
1 78217 182344
1 108994 91722
1 86542 91287
1 68946 41178
1 103742 167408
1 77261 164229
1 131665 58671
1 118159 82554
1 171670 81565
1 87310 165451
1 25920 150244
1 184831 196148
1 10164 186489
1 131463 126251
1 175634 42180
1 128548 88299
1 175042 113427
1 108125 19964
1 128065 65472
1 70375 120068
1 82731 142816
1 159769 181012
1 167627 158702
1 143570 164396
1 86497 44791
1 162857 129808
1 134771 28935
1 33429 20111
1 45335 168275
1 130974 105552
1 19967 32808
1 164932 172960
1 159173 85203
1 182190 123642
1 137785 118738
1 180117 125910
1 113897 79547
1 125681 7669
1 120048 178348
1 105380 187627
1 190594 100531
1 22118 159150
1 35191 95742
1 66289 27485
1 191445 112517
1 19629 152468
1 31203 25781
1 170270 117935
1 178923 198049
1 56973 185309
1 56975 36772
1 163764 158055
1 124623 121690
1 127982 170753
1 33369 145280
1 9949 142096
1 33682 112935
1 16541 14012
1 54564 148321
1 114601 56183
1 78281 8933
1 82957 79310
1 133398 26437
1 111372 19376
1 50251 119699
1 80402 187709
1 162906 120334
1 108508 52432
1 112822 180755
1 157222 189263
1 19549 23361
1 179349 184690
1 177129 16493
1 37734 124179
1 136019 168008
1 48663 92853
1 135497 107597
1 95764 13015
1 78641 71151
1 199973 14330
1 149118 182338
1 151317 186353
1 69555 142696
1 6053 10281
1 8437 17663
1 19634 152248
1 44373 14409
1 38884 187498
1 43934 11612
1 127321 20810
1 175132 180107
1 34258 185774
1 33965 67220
1 181852 34566
1 195340 24523
1 168832 42598
1 57691 129734
1 55342 91089
1 180017 43403
1 111335 91401
1 180645 197175
1 75115 115668
1 95129 184879
1 191331 82960
1 72777 138508
1 131791 182522
1 195414 121346
1 110705 29755
1 47054 195922
1 153787 186996
1 46719 164849
1 94199 33163
1 61563 157752
1 190134 55927
1 107949 192461
1 126075 109960
1 93981 55057
1 182119 133242
1 138240 180363
1 135272 56571
1 177924 70357
1 137118 51899
1 110170 30469
1 178766 23347
1 71940 40735
1 395 184057
1 31456 155961
1 98465 138882
1 50166 15150
1 30467 139769
1 68863 102023
1 199735 71039
1 177078 108390
1 64768 157635
1 80035 4725
1 171340 160772
1 138469 72143
1 4127 186596
1 134335 168685
1 34240 155887
1 109222 71315
1 130594 151148
1 158986 87355
1 22678 145635
1 154787 18178
1 23342 17263
1 75582 102993
1 156020 105542
1 70023 152527
1 106957 161990
1 89497 185925
1 50408 119490
1 37508 40210
1 70763 6413
1 172446 89104
1 60767 135494
1 101645 146758
1 33434 24037
1 71827 89103
1 5869 87173
1 176539 127882
1 151056 129522
1 151618 184260
1 189195 22196
1 179753 182115
1 15717 47708
1 106171 88147
1 16722 147662
1 144826 15030
1 90328 68496
1 7246 180872
1 20483 130833
1 160976 22800
1 144970 119165
1 67795 142861
1 175616 175105
1 178037 148640
1 61183 99673
1 122405 85878
1 172690 191842
1 162868 97593
1 132002 101276
1 138592 45752
1 37028 118271
1 72350 122323
1 144128 80258
1 188072 100267
1 71556 78952
1 145864 6729
1 34122 120844
1 41188 29134
1 129574 134958
1 192586 176859
1 101013 147709
1 47676 98561
1 125795 153255
1 11583 91947
1 36635 67039
1 130529 43914
1 199092 119406
1 107977 83457
1 142074 16894
1 148804 40019
1 124026 20130
1 44108 110537
1 139250 175657
1 15579 180008
1 14072 22949
1 47601 32210
1 1705 191286
1 144802 182907
1 193428 75868
1 64803 184144
1 100072 103613
1 177238 80290
1 70556 39603
1 185427 144537
1 176349 4890
1 67897 144214
1 182077 148696
1 118581 38377
1 143962 9197
1 129235 199988
1 149772 197053
1 5699 156383
1 22610 199323
1 69101 49150
1 148607 39704
1 140087 2432
1 176097 90445
1 28054 55385
1 79474 17445
1 199763 67953
1 173443 17134
1 124576 51726
1 21797 32289
1 171355 50111
1 27610 22959
1 139873 170699
1 93947 95823
1 57431 51481
1 151402 32901
1 192117 46881
1 87035 143412
1 140692 58514
1 175262 153959
1 58553 61125
1 166800 59549
1 114594 167778
1 79363 78483
1 62672 176018
1 146059 62934
1 86613 127269
1 29706 143304
1 81184 178691
1 74589 17586
1 43462 58136
1 56072 39499
1 67539 174780
1 94112 120328
1 198225 182944
1 109303 129253
1 146520 192320
1 25165 26034
1 159831 113861
1 12981 35233
1 52514 47673
1 126725 104142
1 98940 153777
1 174850 50320
1 120486 123190
1 38027 168319
1 197160 65140
1 53188 70086
1 155679 39654
1 190981 114539
1 101895 118529
1 168004 187164
1 97867 54816
1 64193 22141
1 152203 4720
1 52785 127343
1 138157 102749
1 137964 141538
1 71591 129981
1 131994 113054
1 148683 169786
1 123611 66958
1 152724 17989
1 171126 119118
1 102960 85433
1 79876 31862
1 113102 87950
1 133790 48295
1 52585 94015
1 175620 152277
1 79829 131069
1 102479 124950
1 8202 85077
1 66457 100906
1 25839 80799
1 176362 63050
1 114856 27177
1 37350 68150
1 46563 134499
1 75894 137274
1 184863 168012
1 84020 172288
1 177405 15069
1 50907 177500
1 64971 199924
1 34542 95507
1 152270 19075
1 61863 11053
1 114129 46009
1 117282 17981
1 48939 38001
1 138827 25454
1 48149 49050
1 109893 7696
1 27436 13350
1 10844 190754
1 1987 196663
1 82413 135906
1 173613 27463
1 81044 196947
1 143881 87959
1 101015 99406
1 169486 166937
1 67089 121165
1 164377 30689
1 184417 75123
1 183028 22666
1 141715 116255
1 87977 131429
1 178191 120755
1 15816 140967
1 158080 193695
1 195509 78418
1 148871 1459
1 173493 55908
1 103202 4005
1 5242 111999
1 17367 127135
1 10860 75545
1 196901 22349
1 39162 162149
1 32748 130149
1 145762 102721
1 155868 80632
1 195133 43682
1 145307 92280
1 86990 141820
1 170170 159881
1 199692 134069
1 2971 61772
1 85870 156685
1 189211 156458
1 173238 137350
1 166150 182046
1 86273 46362
1 9851 121734
1 190413 52766
1 111837 51371
1 52684 51056
1 131836 182287
1 2984 38121
1 172803 174838
1 198807 107774
1 144675 30647
1 120097 175225
1 30015 125893
1 96943 121944
1 41241 120249
1 176982 118531
1 75964 56034
1 177892 135412
1 152236 153808
1 3882 165154
1 96715 25180
1 112714 39150
1 139725 58876
1 52163 129042
1 131550 185414
1 129915 134918
1 42513 87106
1 93516 120820
1 80844 152245
1 16017 100446
1 144498 79019
1 121138 182926
1 165458 121156
1 195886 130047
1 55246 147458
1 63016 92298
1 192910 90001
1 46006 150035
1 59301 132376
1 151398 64309
1 88772 106623
1 151697 77098
1 172062 70466
1 99620 90367
1 32155 71925
1 93419 83256
1 114240 109975
1 49761 132095
1 141982 136155
1 74486 22483
1 181242 166836
1 173664 126766
1 136190 28450
1 111013 45687
1 79134 163066
1 59816 810
1 165004 120570
1 56497 65348
1 8352 122829
1 63937 46515
1 159106 40540
1 136279 197373
1 50010 85846
1 1340 82991
1 170746 99648
1 81429 84360
1 102985 3840
1 18346 88551
1 120435 178150
1 190578 39730
1 180047 79036
1 6753 2313
1 156048 173839
1 151989 65515
1 46641 59134
1 51645 174630
1 199130 49795
1 169834 44868
1 147544 35199
1 45466 63476
1 128700 109706
1 91619 110646
1 33234 41019
1 35997 110411
1 171461 24693
1 7475 141021
1 177488 54963
1 177066 69354
1 78503 44629
1 101042 87286
1 152295 183723
1 130605 179378
1 60156 80065
1 159742 23463
1 88594 196715
1 78804 93543
1 182206 118482
1 53687 125494
1 34604 154368
1 170577 135092
1 60876 29736
1 90304 79310
1 47097 156666
1 90459 64870
1 190698 36133
1 96067 29695
1 75164 124525
1 1196 137389
1 3007 174319
1 149099 154237
1 143967 13682
1 169026 104352
1 197270 129712
1 189801 37726
1 183409 169509
1 19871 153273
1 77216 78679
1 114162 39774
1 60577 150118
1 154827 165075
1 93551 18006
1 67262 66653
1 112039 61915
1 92944 90033
1 26234 187108
1 97672 161310
1 167961 92587
1 31739 139192
1 115166 62203
1 16338 148423
1 42040 131138
1 27231 6897
1 139417 345
1 72033 114214
1 47330 94290
1 131027 38026
1 181839 30721
1 154811 35176
1 163615 161358
1 153073 172949
1 118727 183801
1 160430 49761
1 197272 35182
1 17623 55621
1 146989 185804
1 46602 14858
1 186136 178032
1 92008 139062
1 185679 63303
1 11492 175292
1 46356 69140
1 192075 23780
1 95650 68670
1 132243 26360
1 137502 70749
1 138920 34864
1 36669 42310
1 43701 12256
1 22770 47893
1 166768 186593
1 61018 172538
1 26281 78717
1 164715 108999
1 57939 74143
1 83867 3768
1 197971 97722
1 150029 55428
1 106761 64759
1 94273 54116
1 30942 20645
1 139899 176673
1 144397 86172
1 181364 106722
1 77940 52274
1 115328 80629
1 39323 153123
1 170111 96990
1 1797 157306
1 57160 47390
1 105080 10436
1 140243 149765
1 73992 113590
1 174502 88315
1 50664 125597
1 139330 74379
1 78771 28679
1 12686 183601
1 89911 175536
1 187780 5286
1 93635 35824
1 60762 197417
1 114547 145698
1 130803 1167
1 145273 111575
1 62087 39502
1 162798 184637
1 119632 161414
1 4825 7306
1 64119 94673
1 128702 5741
1 42110 195532
1 24171 54326
1 172271 179046
1 27967 177924
1 27205 25577
1 49787 98352
1 83800 93447
1 52365 37240
1 160014 192934
1 66587 18094
1 80064 13870
1 100237 154530
1 90411 51026
1 14302 59980
1 79897 38237
1 197988 15039
1 53646 174463
1 73437 14730
1 55862 70808
1 179132 39024
1 164111 81988
1 4980 38155
1 99539 57319
1 96068 129084
1 186728 88122
1 90179 179478
1 194316 27799
1 107566 1483
1 192507 163521
1 147888 15446
1 126754 186296
1 94193 27370
1 5897 184891
1 54818 55644
1 66811 7518
1 4871 131468
1 4986 86350
1 126853 182937
1 140449 118114
1 159662 198022
1 139609 27044
1 108938 166183
1 25281 103712
1 153769 61008
1 43223 26093
1 88998 32447
1 52523 183033
1 113918 38472
1 80390 135513
1 183761 163138
1 10775 166929
1 163319 96944
1 64350 150752
1 129671 122867
1 183132 108560
1 35939 179053
1 115706 175164
1 776 31736
1 44216 174242
1 56405 75977
1 162457 40235
1 156889 38367
1 2957 38585
1 173538 108016
1 40671 39152
1 159299 114645
1 50784 26952
1 95461 156597
1 119891 131858
1 43025 191791
1 52122 16968
1 6396 64715
1 61857 11737
1 142868 53283
1 57033 168053
1 43211 197902
1 85144 31510
1 54561 65742
1 17631 154447
1 79862 10618
1 141291 112409
1 25807 23918
1 161647 96092
1 58537 93361
1 91953 22011
1 36476 158054
1 124533 84194
1 67921 12855
1 123367 168020
1 70599 120575
1 85005 56880
1 20386 160056
1 162987 14403
1 170005 90148
1 159928 174932
1 94993 109886
1 190978 88876
1 164495 97507
1 83421 66340
1 192858 155709
1 78353 26035
1 146784 72945
1 141316 42872
1 49593 121098
1 90277 192836
1 153337 127652
1 95130 101228
1 44211 114333
1 26796 114381
1 135694 97529
1 71538 176544
1 60108 44372
1 107899 130560
1 80984 59086
1 49600 97337
1 9616 23090
1 187209 85779
1 111508 124391
1 37086 44768
1 140173 186906
1 69681 36994
1 64000 198570
1 97994 95424
1 42325 59414
1 108786 147978
1 110179 42341
1 109732 155978
1 43647 46421
1 95600 125038
1 173700 73221
1 184370 53171
1 188453 135718
1 25907 100595
1 95600 18975
1 61981 23794
1 29989 93440
1 7653 84197
1 28407 48106
1 22771 137413
1 54945 142524
1 143445 658
1 164589 144192
1 12774 38635
1 72833 86167
1 45624 105805
1 55083 142434
1 81353 183529
1 63470 88499
1 155365 77355
1 45709 29491
1 191512 77575
1 114647 197716
1 194263 164166
1 47476 138618
1 194479 199634
1 58607 110885
1 31213 37439
1 59332 100450
1 99343 149658
1 169195 70323
1 77676 102965
1 2149 199932
1 107359 55987
1 59526 32815
1 185849 80977
1 28419 121338
1 153191 33270
1 45694 151727
1 92129 25021
1 197456 95603
1 76245 10624
1 169814 60011
1 161811 58534
1 22847 112036
1 53369 91696
1 101780 166530
1 82594 148864
1 86344 44651
1 38155 36202
1 107651 40308
1 7686 35840
1 165545 70668
1 111842 25497
1 87536 84967
1 102745 169441
1 129890 169518
1 123900 99558
1 164079 194661
1 183197 75809
1 133814 73884
1 25851 36804
1 105685 126682
1 94195 15556
1 165871 137927
1 32228 12454
1 3197 20697
1 177699 20942
1 43352 101504
1 2337 33925
1 32262 124182
1 107481 25099
1 8003 103425
1 4030 143709
1 167697 114986
1 18596 197448
1 194050 20452
1 90349 9711
1 7621 5653
1 78903 113689
1 156336 66280
1 157380 255
1 10637 78517
1 68138 38547
1 158952 109104
1 126844 53076
1 59671 128338
1 147000 3218
1 136586 51013
1 81458 69245
1 141653 93780
1 126400 177075
1 7867 81426
1 31144 37064
1 41789 110665
1 165511 121880
1 157411 175526
1 118274 21323
1 29387 124834
1 104562 60201
1 81584 65779
1 155851 9246
1 181819 150965
1 29006 192591
1 12240 174739
1 29936 17885
1 97618 105210
1 60618 139513
1 55736 158592
1 79362 194280
1 49557 87120
1 135673 19417
1 27810 66969
1 75190 112357
1 131790 190839
1 65363 187429
1 81352 79970
1 119782 9082
1 25292 65237
1 27123 38489
1 22508 180546
1 182160 119638
1 176993 67508
1 162136 171762
1 167250 35844
1 124756 52007
1 185636 159104
1 177638 97779
1 44226 44121
1 48760 190435
1 191855 169548
1 138021 546
1 100809 34451
1 123302 19073
1 67104 189324
1 56575 70281
1 74039 34217
1 97002 48959
1 47065 176090
1 31236 53751
1 166240 142264
1 92214 72924
1 81474 98547
1 143015 179326
1 25246 30654
1 52640 144349
1 145093 167737
1 71424 51125
1 182091 184095
1 34529 113867
1 41423 138225
1 57546 125430
1 17865 101858
1 4054 1009
1 125076 152900
1 188196 104416
1 37499 54963
1 77697 167328
1 64457 63104
1 84499 142484
1 174731 186464
1 87175 168877
1 188265 88982
1 1788 187897
1 6501 81566
1 73457 141551
1 101106 89116
1 184492 85177
1 112057 110532
1 192172 33539
1 100711 102666
1 166226 26500
1 110651 145933
1 29195 57674
1 58894 193087
1 513 175434
1 137636 152024
1 88963 120936
1 150130 145275
1 142641 65092
1 120368 2729
1 113900 14277
1 60769 65381
1 37181 44266
1 38880 95591
1 170309 143054
1 620 53380
1 146853 137212
1 65463 76765
1 11950 5875
1 134892 179016
1 70027 134971
1 8383 190140
1 145069 82216
1 163705 106944
1 170167 116334
1 132995 58326
1 61548 31527
1 44787 199780
1 20693 133088
1 160725 4515
1 84215 10218
1 47419 103691
1 54196 64351
1 50696 116989
1 111680 65203
1 69241 54579
1 63624 194941
1 25588 6117
1 54365 7045
1 163990 176958
1 109095 37648
1 5943 116478
1 98119 173546
1 136704 95921
1 27917 198708
1 6513 93648
1 128859 4846
1 76075 188789
1 59865 103302
1 109253 195524
1 104795 68321
1 72717 197080
1 163344 14568
1 181532 133484
1 42412 112023
1 197600 75787
1 192983 122754
1 92644 139962
1 155671 160297
1 174370 107940
1 33595 150589
1 165835 101062
1 125066 153523
1 167957 80027
1 42795 171656
1 114823 19018
1 133462 150741
1 41153 66703
1 131130 42325
1 130255 93096
1 124976 158709
1 94895 9216
1 165089 95579
1 162977 44577
1 179315 128953
1 8110 13589
1 79673 19412
1 96060 98781
1 61594 131088
1 36433 147222
1 4546 183486
1 54693 55464
1 52297 12584
1 108205 13936
1 42784 50076
1 108516 136304
1 153603 100919
1 180125 189814
1 41563 193972
1 36166 68106
1 66418 100405
1 97087 124060
1 57821 193296
1 49947 54381
1 67813 68830
1 81974 18812
1 43254 57728
1 67320 95476
1 22859 38706
1 75240 56852
1 90521 148308
1 50100 192478
1 96827 97654
1 179967 196035
1 197279 72676
1 171052 79823
1 156398 23795
1 26347 136401
1 133569 72778
1 91329 67918
1 192450 92916
1 196060 148007
1 106911 4069
1 192663 94151
1 45174 22154
1 79434 112145
1 123326 80982
1 100694 142601
1 14002 184970
1 126064 177345
1 147779 27652
1 93227 198151
1 95102 171531
1 55050 198221
1 97467 29274
1 129798 149144
1 110280 47467
1 53980 67309
1 186389 104005
1 43227 156537
1 176545 93961
1 154797 141952
1 75109 19833
1 152739 74505
1 141119 82506
1 78790 199495
1 187745 89068
1 33434 153610
1 57338 40150
1 163253 92134
1 108133 154327
1 109185 122916
1 116369 157082
1 121038 33896
1 70385 38202
1 55324 44195
1 27492 80710
1 100839 73594
1 5543 15574
1 31923 52853
1 87610 150991
1 10649 135020
1 135760 46899
1 87314 152495
1 174266 17260
1 142404 96822
1 98262 192090
1 140811 132168
1 143348 124122
1 136073 95535
1 66953 133209
1 160881 62555
1 39319 57242
1 103120 147285
1 138396 173701
1 119325 45223
1 26234 142256
1 18818 132298
1 156775 100209
1 28011 114448
1 19094 93732
1 30478 190419
1 110502 125946
1 123387 10718
1 5193 46147
1 65766 71386
1 133494 57725
1 85427 106811
1 159763 46045
1 41025 126635
1 160669 54109
1 154681 185462
1 115289 152390
1 20761 106936
1 156288 7359
1 27452 93508
1 127335 88471
1 45996 8855
1 137516 194704
1 7146 132412
1 9192 71340
1 21436 143808
1 178193 62396
1 35001 115865
1 33518 145830
1 96593 21970
1 190720 30134
1 45664 68730
1 42286 115624
1 86581 30414
1 100210 100085
1 46557 102372
1 45507 179420
1 133109 189400
1 71490 108787
1 176368 57532
1 22761 17582
1 43620 145275
1 95664 32686
1 142748 163215
1 123649 91661
1 194777 131044
1 73950 149417
1 1706 77196
1 26577 85295
1 198254 41316
1 157909 57130
1 90855 134150
1 104707 87884
1 176962 110768
1 161215 169212
1 34531 165557
1 151972 97120
1 91318 28706
1 74797 17580
1 58099 22259
1 136420 43884
1 130033 50680
1 10576 165390
1 137198 38978
1 10203 184051
1 128414 177170
1 82433 31351
1 91698 40771
1 130816 82815
1 84586 1398
1 183739 158978
1 195422 54206
1 180593 107419
1 11465 39053
1 165918 154190
1 37783 155679
1 49456 90072
1 188784 173222
1 114349 119356
1 2053 28085
1 82146 61387
1 50587 185264
1 107854 161908
1 13781 17075
1 96208 118220
1 74822 116866
1 123215 120926
1 66999 187185
1 61416 85046
1 68854 25685
1 176733 46443
1 96864 112746
1 62459 193196
1 21743 7046
1 29708 196748
1 162759 85693
1 149055 178832
1 107133 104726
1 167956 131959
1 4905 4271
1 53004 116235
1 159470 167212
1 106449 103144
1 67143 40741
1 47393 167114
1 137940 94544
1 11840 86556
1 44325 97900
1 88607 15550
1 34245 53360
1 48263 95829
1 41035 127091
1 96650 121369
1 107293 154204
1 22572 91995
1 80709 139917
1 157645 188053
1 149945 19916
1 184986 162679
1 72613 193650
1 76533 69103
1 159100 6551
1 34785 21688
1 187838 21565
1 106738 38054
1 121483 159612
1 42485 65456
1 143401 116397
1 23452 13247
1 179219 120539
1 75564 35126
1 183234 149798
1 101738 139266
1 195584 55482
1 7938 136740
1 166762 71728
1 39098 197820
1 121157 75586
1 152023 32408
1 132292 23029
1 153102 10877
1 125913 43138
1 129006 136373
1 160122 135685
1 971 124505
1 189878 86825
1 84781 120353
1 60280 60947
1 21690 102057
1 142170 65806
1 12578 88518
1 131501 81399
1 55369 61834
1 158728 137066
1 199482 161235
1 11023 40172
1 133002 175642
1 19398 78426
1 54410 97211
1 36502 198225
1 187696 151232
1 36510 66207
1 26056 183027
1 163198 140331
1 155543 160227
1 14944 88288
1 43664 148854
1 116039 144991
1 119163 170544
1 197724 26661
1 118178 56770
1 53750 116666
1 14397 147863
1 104618 110556
1 111008 159066
1 61972 95083
1 136612 81484
1 181604 107990
1 52179 15749
1 184940 113477
1 159256 41800
1 91177 80840
1 100070 103371
1 122448 1280
1 26471 15047
1 167066 136077
1 149287 127869
1 163730 99127
1 70337 190985
1 125918 199712
1 109707 20012
1 182349 187562
1 49726 26196
1 166048 36836
1 197800 45358
1 124892 105915
1 123861 55151
1 38286 191263
1 90746 123294
1 137823 194930
1 29732 165222
1 28762 1656
1 160353 183451
1 89851 135099
1 74157 33483
1 11002 175102
1 144096 106054
1 159576 161125
1 165461 31024
1 11498 107235
1 23901 5895
1 9251 56996
1 80294 53616
1 182886 110779
1 175526 53319
1 38028 46862
1 11276 98726
1 38579 127104
1 175912 153141
1 149000 88735
1 165529 187954
1 72661 173199
1 193656 185795
1 165070 85302
1 141827 167610
1 162392 183466
1 50764 163367
1 161052 23832
1 90659 144740
1 778 47477
1 168768 37789
1 42225 46762
1 187126 124062
1 76542 154171
1 165076 103138
1 14225 185657
1 152797 137625
1 72008 139689
1 84779 82873
1 148103 165876
1 40863 70535
1 97733 19728
1 180364 163751
1 172444 166511
1 128356 19875
1 32594 180518
1 192610 12857
1 40867 172320
1 155257 138407
1 101394 3779
1 20158 39931
1 36528 114147
1 152657 59286
1 93355 138214
1 32273 156608
1 159706 199671
1 145729 58674
1 169799 176559
1 20917 196319
1 146110 78592
1 21953 111940
1 51349 86564
1 166115 94066
1 64637 3718
1 158639 188249
1 83016 56751
1 11708 191447
1 26618 180019
1 59213 19713
1 173589 7516
1 127491 107697
1 149407 66775
1 143937 67793
1 134391 108638
1 117086 89254
1 19608 110630
1 67666 140704
1 126572 140617
1 132443 89569
1 26132 114742
1 189551 87947
1 10807 68503
1 117031 183439
1 86153 20099
1 15530 4659
1 109918 151077
1 138391 149412
1 175087 37100
1 22967 13500
1 59628 126325
1 29601 75605
1 101954 182454
1 28271 47438
1 196846 76908
1 78818 45341
1 179011 39750
1 38481 534
1 80184 28307
1 60248 105210
1 146613 145449
1 2110 194756
1 134047 116760
1 34470 196144
1 70946 195470
1 35259 176780
1 92222 52620
1 141909 63939
1 134613 129481
1 105201 42215
1 61620 98532
1 58256 39039
1 63136 22480
1 35693 59409
1 82466 187963
1 30565 2737
1 41174 162559
1 61538 172427
1 28208 108556
1 12041 199085
1 181519 72534
1 154789 34457
1 60551 161019
1 16786 72329
1 133801 162359
1 69806 92610
1 23189 90635
1 108989 35550
1 143363 96491
1 81947 166613
1 43406 150823
1 110056 131404
1 27331 164252
1 10863 26785
1 56808 26715
1 174487 107765
1 180623 23514
1 10573 43770
1 11549 29210
1 28209 51902
1 91093 141400
1 115647 152633
1 81066 71288
1 122689 32019
1 1797 174702
1 120692 153593
1 10260 179695
1 28728 50338
1 38356 18968
1 5371 49245
1 124960 29404
1 104743 74781
1 74938 12403
1 178123 182663
1 181976 6913
1 15368 61115
1 192242 152005
1 63549 148321
1 190283 70211
1 148596 157558
1 43390 113075
1 94670 65750
1 18315 104427
1 52588 199436
1 65314 8714
1 34080 102552
1 170031 138215
1 139411 62912
1 185254 70458
1 180919 149722
1 66065 62920
1 96496 119512
1 22167 149140
1 177598 83412
1 24655 168964
1 94703 157918
1 184069 106833
1 72770 36740
1 40396 87539
1 76702 63137
1 61061 28044
1 196852 100777
1 137390 17044
1 46834 160820
1 181422 115141
1 115946 131464
1 26207 156680
1 58817 183276
1 160669 81311
1 136604 39274
1 157263 25107
1 25800 17060
1 156019 125472
1 155369 36826
1 4078 79840
1 167077 174202
1 195220 64565
1 2705 168553
1 168500 42811
1 84508 40145
1 56552 194606
1 95162 80748
1 51484 178839
1 142036 189007
1 35164 144188
1 6318 76922
1 62178 90376
1 58840 13791
1 118560 124344
1 13273 96817
1 105290 90824
1 27801 55983
1 50280 188061
1 92430 105456
1 194266 160500
1 133033 67056
1 73453 51787
1 114817 117148
1 21405 173070
1 163519 6363
1 84139 186373
1 43403 184925
1 175201 108475
1 22456 84648
1 14307 155953
1 197612 128352
1 110648 141893
1 182802 41431
1 51416 136925
1 1474 25045
1 26296 174488
1 152497 145577
1 108564 81334
1 153301 166256
1 186300 84294
1 184604 103525
1 103970 56720
1 161869 25066
1 167075 20292
1 195966 95062
1 156884 151523
1 165176 174208
1 186767 65709
1 96808 109962
1 182269 75915
1 146055 124977
1 178405 11901
1 190668 104019
1 141238 198597
1 3152 15041
1 84497 7893
1 179201 48648
1 66331 3575
1 86795 4026
1 112833 152124
1 127940 12738
1 189580 187367
1 193559 76328
1 44775 82714
1 99827 65505
1 79214 107328
1 121140 3419
1 63738 62140
1 530 149127
1 33194 177810
1 35144 80295
1 128884 149013
1 163080 95514
1 89899 157393
1 25309 84197
1 100819 157497
1 32480 162692
1 178787 149523
1 40736 18865
1 173273 174434
1 27723 142260
1 123716 103316
1 175329 172332
1 38350 171246
1 123803 83740
1 165385 40692
1 170839 162873
1 58235 23901
1 152135 147891
1 75245 6262
1 79771 164802
1 121200 34196
1 4012 148403
1 50032 27392
1 174186 108403
1 73021 123551
1 172552 32730
1 142487 139360
1 72166 21371
1 79994 105961
1 142847 128811
1 64874 166659
1 81940 88144
1 99521 62276
1 145816 11564
1 116150 151422
1 34077 85290
1 113072 113254
1 85439 68968
1 193932 8711
1 24783 144325
1 80298 49832
1 143938 83180
1 8894 187258
1 40155 162209
1 34325 198982
1 167894 164171
1 74534 122967
1 94487 78019
1 182300 76644
1 8338 149021
1 158049 177025
1 159867 53876
1 151340 147334
1 129265 130746
1 41998 1406
1 9318 115967
1 179321 188052
1 12562 14913
1 180370 98172
1 60120 128437
1 63608 175390
1 109433 21653
1 104661 78856
1 165240 195563
1 85285 189204
1 105293 10461
1 75204 55319
1 134477 176761
1 171388 30411
1 131161 52162
1 157519 111231
1 60167 100858
1 165889 21693
1 25358 31730
1 84906 175612
1 46390 94800
1 97275 167048
1 68990 96417
1 22670 54766
1 98447 41056
1 124211 7916
1 53345 66756
1 178615 55640
1 17324 151120
1 93879 86287
1 170129 54487
1 63206 153696
1 23434 112846
1 25627 141434
1 169808 77399
1 74527 105364
1 157131 44618
1 102325 133403
1 92927 134406
1 144170 49889
1 74676 74105
1 51998 99460
1 162598 28908
1 112019 74268
1 143854 93906
1 68214 99497
1 193136 136722
1 73900 106811
1 95431 100242
1 172511 64163
1 13102 40135
1 86472 2395
1 62256 35578
1 72447 196657
1 164242 9501
1 13184 145593
1 146495 182670
1 57920 90804
1 177076 148075
1 185392 71163
1 4268 15126
1 172049 65328
1 5390 150794
1 129401 42151
1 165782 78559
1 111844 153680
1 35778 148954
1 73790 744
1 14398 17337
1 45872 155745
1 34385 40317
1 199593 88143
1 51912 100280
1 80943 138900
1 69731 121817
1 98661 47181
1 95743 178933
1 69983 16126
1 6212 172056
1 156708 69180
1 184911 64653
1 136259 43929
1 166306 49641
1 6233 129365
1 28683 115102
1 40928 157251
1 3090 57919
1 166652 187001
1 53991 122703
1 112771 99260
1 137611 68943
1 188747 152363
1 28221 121095
1 88760 4842
1 168744 2004
1 19142 103442
1 67083 188403
1 118419 52183
1 110568 154316
1 122416 111865
1 86129 76610
1 96233 159471
1 17007 23034
1 169362 120016
1 118068 134058
1 30613 158596
1 94276 6052
1 14970 128875
1 59264 142371
1 174709 18380
1 51475 190485
1 112694 172736
1 89056 126761
1 155820 171488
1 128363 90
1 35419 51244
1 55942 52541
1 123041 91773
1 163647 51079
1 97539 90669
1 183816 155618
1 48380 157956
1 124775 149041
1 71624 186919
1 57566 169634
1 170542 25724
1 120669 56180
1 81165 89568
1 172519 182472
1 177704 18509
1 185731 109292
1 191412 170310
1 151588 18022
1 114016 197125
1 165210 100478
1 28774 186918
1 98681 82702
1 180370 47637
1 94218 167694
1 66128 174773
1 106097 68443
1 112378 62802
1 159839 93384
1 138658 156617
1 139449 173032
1 147165 76278
1 170951 32154
1 20048 89247
1 155105 190933
1 62911 48543
1 149208 106614
1 41236 177941
1 89825 92871
1 5804 164493
1 123014 150866
1 183272 96239
1 79440 1319
1 163698 140070
1 29999 9450
1 81550 111060
1 175276 73376
1 170531 50036
1 153809 50939
1 181194 109135
1 38551 197283
1 107862 152099
1 101393 5703
1 138788 82193
1 93910 107557
1 21348 30470
1 8756 40854
1 23785 165867
1 123731 44637
1 17197 7249
1 178599 58545
1 169832 197655
1 115418 94025
1 173651 88285
1 50360 16679
1 21368 113006
1 142877 34024
1 63548 138601
1 42141 161611
1 16495 155249
1 107570 164927
1 69266 50134
1 174122 151089
1 136746 43907
1 76754 67990
1 113860 49833
1 4893 26870
1 159945 4395
1 50009 182074
1 72517 21643
1 194261 95159
1 83250 8149
1 30155 24635
1 83978 1930
1 145492 47575
1 57356 30607
1 6668 94190
1 186638 69207
1 71426 124
1 87747 40782
1 107492 151082
1 21839 194375
1 10091 188817
1 131337 15976
1 142787 170316
1 120656 196629
1 44414 171203
1 174417 95258
1 8121 83893
1 75671 76188
1 150606 181958
1 85652 114690
1 105403 52745
1 141038 118559
1 57619 41807
1 196494 188836
1 182371 97264
1 57509 47044
1 198120 56985
1 69631 192871
1 51311 193111
1 67724 14162
1 126028 82082
1 35437 69526
1 87487 163117
1 152508 44537
1 112483 53485
1 79902 44834
1 86809 98025
1 43213 155528
1 97204 173121
1 7713 66205
1 47399 176257
1 83678 185782
1 148459 15590
1 61892 100606
1 59445 187186
1 90451 11228
1 181143 63277
1 44381 65442
1 93365 14204
1 156112 94391
1 91435 119591
1 146051 72327
1 6333 88933
1 8769 198569
1 28799 73450
1 183892 63761
1 161350 77940
1 190484 58487
1 2574 118418
1 77167 139591
1 186029 166581
1 88123 145354
1 94711 64955
1 160313 55444
1 79987 53306
1 134828 163888
1 109567 173450
1 37339 74441
1 141375 156566
1 170018 182490
1 187595 111651
1 107456 114968
1 151321 88865
1 25052 41245
1 165672 78898
1 34393 173528
1 13231 158201
1 110172 127540
1 130949 30693
1 40859 53510
1 102225 164798
1 7784 162298
1 154741 27438
1 145597 161280
1 118391 98067
1 114762 27507
1 14320 41604
1 5564 151562
1 143672 123490
1 96465 173826
1 62161 103713
1 82842 189899
1 100307 189654
1 159247 109618
1 90391 198147
1 28632 11214
1 188264 64224
1 104731 27247
1 123751 183981
1 53250 134468
1 149629 180661
1 92942 166220
1 16710 92836
1 48802 14655
1 71227 104845
1 181320 199677
1 145377 132149
1 96329 56822
1 95281 48739
1 172715 40860
1 76807 79212
1 80523 135494
1 47182 165690
1 43677 161958
1 144171 128092
1 22081 103213
1 17641 58196
1 6601 83325
1 174373 25436
1 117639 7503
1 37371 191738
1 111388 132901
1 109936 97606
1 169406 65267
1 106593 39289
1 104969 30794
1 179563 130296
1 56394 103237
1 71452 126113
1 143879 121591
1 152603 46870
1 127635 179091
1 97171 22983
1 126480 31198
1 166693 87364
1 155333 40338
1 14926 107394
1 12131 82068
1 185622 86765
1 65682 130585
1 180539 98544
1 198529 182612
1 138653 158657
1 159149 64547
1 141803 121584
1 53937 31930
1 191309 134896
1 119759 192271
1 168467 38247
1 86654 138375
1 144286 71987
1 29556 155873
1 14862 62461
1 156021 170017
1 4203 195522
1 1245 175232
1 100311 138015
1 76074 7634
1 93172 126044
1 171085 105719
1 36305 38717
1 174963 130374
1 171099 99973
1 187406 122551
1 115650 190731
1 147561 194832
1 71721 194881
1 4268 117714
1 13201 101762
1 195500 63076
1 198984 165788
1 99254 49856
1 117134 135070
1 36317 82012
1 84488 47332
1 70146 86555
1 153320 73376
1 18723 7285
1 46684 188395
1 189288 31269
1 190582 135820
1 105321 123153
1 128924 38855
1 186756 159039
1 137329 123498
1 53021 107381
1 82819 92052
1 82102 103793
1 129654 167238
1 7665 169355
1 123632 156271
1 86115 187494
1 157191 142898
1 22492 41503
1 77992 65018
1 91956 166959
1 55560 59585
1 146199 182691
1 22928 4061
1 73876 80382
1 121477 127244
1 191714 186732
1 24821 149761
1 101876 20587
1 163816 35695
1 134911 199605
1 180614 69397
1 163977 157488
1 182085 111114
1 19252 131482
1 73687 44235
1 181514 128239
1 97745 186691
1 90059 41244
1 155166 74394
1 54005 129449
1 81956 199489
1 58643 78114
1 196215 16956
1 98377 49798
1 107453 137840
1 59551 96051
1 33441 144879
1 194955 13394
1 6332 26562
2 138435
3
