200000
1 54839 106326
1 20511 112440
1 60111 166815
1 53192 105608
1 102747 124926
1 78705 18042
1 3520 54237
1 61560 179272
1 45269 141825
1 60184 154086
1 138000 109594
2 379
1 159943 121584
1 52556 171779
1 109098 81323
1 150632 182356
1 114437 98202
1 178515 91750
1 60033 26723
1 57296 22409
1 110119 192104
1 131329 33530
1 37676 12462
1 180946 75813
1 55102 124560
1 79268 94011
1 33422 85413
1 61885 140598
1 96607 36847
1 116909 168809
1 138638 159109
1 11524 184973
1 150049 34883
1 36210 177994
1 34516 126640
1 90686 192898
1 157794 50287
1 88876 26596
1 27537 170410
1 40360 45680
1 1473 118652
1 62968 171462
1 14006 86558
1 26976 146163
1 29347 17813
1 74007 133182
1 190649 180825
1 52586 11184
1 27888 93832
1 168944 175074
1 149398 70988
1 19822 81675
1 166805 53706
1 77322 113930
1 66057 162956
1 144886 39088
2 104002
1 116556 78229
1 1248 24983
1 6885 101681
1 167387 48876
1 119600 7137
1 175473 125380
1 16869 161780
1 59509 95754
1 45227 151907
1 77953 80540
1 152095 136310
1 37223 34649
1 165026 199413
1 71005 95405
1 158054 42002
1 83236 179674
1 5882 14293
1 56569 146313
1 43283 149639
1 131136 128721
1 95197 184931
1 74221 54407
2 32962
2 71889
1 66502 136074
2 76133
1 47860 148736
1 43219 133360
1 94560 88966
1 162435 35524
2 25390
1 185891 172076
1 70321 160579
1 43415 132078
1 165578 12829
1 190931 126451
1 96114 67779
1 21921 83703
1 177028 20202
1 185762 190167
1 34369 78377
1 34295 177627
1 96406 192479
1 58737 55046
1 89522 199459
1 53500 178333
1 100553 143276
1 25223 140534
1 12834 153794
1 136183 87107
1 66984 26597
1 49420 66655
1 97902 163196
1 52051 162199
1 122180 50816
1 35982 63612
1 128377 147817
1 29281 190889
1 59761 87449
1 142846 21648
2 141737
1 47865 179283
1 29166 173576
1 159118 195122
1 178738 178345
2 95258
1 181327 63183
1 11559 126394
1 95788 110871
1 147715 131293
1 72213 87592
1 90375 86092
1 109322 195931
1 151054 164922
1 65081 79214
1 56698 47566
1 86024 4146
1 134119 143599
1 146591 174905
1 140240 183760
1 140728 13114
2 26113
1 60234 72619
1 157212 31805
2 62892
1 171954 9137
1 90020 158189
1 102010 123342
1 45277 83541
1 161276 26600
1 85297 146572
1 44823 46020
2 59033
1 61574 147040
1 142424 125038
1 131702 77512
1 137254 50229
1 72992 46858
1 93872 142380
1 109102 88025
1 90237 6933
1 2575 521
1 142491 16896
1 41929 37244
1 147272 120157
1 155712 25424
1 75490 15874
1 18502 99207
2 30609
1 169652 92963
1 126555 114995
1 18873 678
1 105814 173577
1 140549 12333
1 18990 41888
1 134914 168433
1 142483 76225
1 56123 43349
1 130210 113180
1 84291 79216
1 45298 184946
1 157796 93592
1 125852 118659
1 119242 33265
1 34633 31224
1 94513 66039
1 123072 182993
1 97868 26248
1 15792 36624
1 122488 51894
1 26555 140903
1 100448 185419
1 136899 10848
1 90097 75421
1 25336 136844
1 54209 99348
1 65698 64622
1 39035 13496
1 78508 12583
1 102542 153728
1 159411 161125
1 105814 39833
1 48269 130760
1 104394 75572
1 1692 123477
1 17576 188307
1 127829 20447
1 91935 16789
2 131468
1 163989 160635
1 163181 91202
1 64320 43157
1 12819 122801
1 62380 65979
1 100527 127767
1 49348 85214
1 78635 132417
1 74954 162555
1 160290 55449
1 174879 180172
1 184909 75123
1 64912 105327
1 140208 51477
1 101793 158358
1 70021 18373
1 92381 43761
1 143593 173463
2 187998
1 87796 99845
1 78903 97818
1 162291 98624
1 23517 36911
1 162985 87651
1 185269 125041
1 143273 82829
1 39973 44977
1 165192 71448
1 133110 107407
2 92460
1 13970 14398
1 197855 114903
1 87175 60494
1 117931 76276
1 64464 17502
1 65764 8033
2 162314
1 105520 191387
1 72635 54808
1 124717 18629
1 43993 179754
1 73189 164261
1 166361 21265
1 103451 154679
1 89783 9729
1 145858 173599
2 111805
1 50774 196739
1 5056 79719
1 64777 64651
1 70582 92951
1 38901 42969
1 36587 62522
1 168037 159174
2 108591
2 105822
1 196630 61581
1 100710 175030
1 194366 81114
1 183518 9260
1 180726 68113
1 51331 64871
1 80640 3063
1 7390 7398
1 139769 26692
1 112784 60036
1 192928 38603
1 114938 91083
1 55077 105966
1 134253 23421
1 93428 116483
1 12052 53663
1 38785 181057
1 74016 106630
1 196437 67631
1 125044 85222
1 119449 27855
1 92307 109208
1 116579 103942
2 64134
1 23630 190143
1 148248 185554
1 138192 39551
1 167618 55321
2 71791
1 118110 52024
1 19468 56375
1 60158 17838
1 36657 198936
1 106554 125638
1 106291 86409
2 80637
1 52980 73048
1 87261 148167
1 21822 118764
1 41408 159716
1 33678 44048
1 109226 18188
1 124934 139204
2 101311
2 34300
1 136118 34304
1 87029 23467
1 34890 149258
1 117235 194347
1 189100 11641
1 129425 67438
1 105685 192967
2 156250
1 33524 181914
1 136026 198867
1 139294 80826
1 81457 132775
2 170060
1 108870 188245
1 96174 192133
1 86180 66041
1 44409 123888
2 64384
1 29707 30940
1 186703 163054
1 39610 148207
1 30953 146526
1 55900 162554
1 138179 166349
1 183775 188343
1 76227 68973
1 50441 61290
1 183899 27729
1 57768 57829
1 51536 28830
1 90938 165204
1 42438 109358
1 51677 43536
1 3086 46278
1 147064 85218
1 33842 4666
1 18603 136149
1 163200 26655
2 54453
1 154678 160597
1 125240 181221
1 34008 106924
1 140124 137347
1 473 173799
1 38895 170495
1 180430 10460
1 127045 158426
2 23616
1 159107 83450
1 50329 49627
1 29098 86198
1 70677 104218
1 63240 175104
1 124915 78194
1 42836 136134
1 146907 119294
1 151566 89259
1 100529 196587
1 77163 18834
1 142360 30117
1 87043 199531
1 85639 113282
1 147390 108091
2 51920
1 61258 38076
1 74702 75885
1 129557 41988
1 125368 85134
1 820 53295
1 20396 145249
1 7002 184918
1 118766 5538
1 130568 63417
1 12816 173091
1 132124 65393
1 19552 122204
2 149213
1 116762 167952
2 40588
1 187638 16592
1 30229 155395
1 145391 142208
2 62628
1 98629 2604
1 75642 70821
1 110659 107655
1 144043 131768
1 169677 177403
1 13309 114476
2 66456
1 124497 98918
1 191950 61075
1 180960 57970
1 75409 23096
1 185941 138745
1 121030 41299
1 87515 145985
1 10076 28624
1 17794 6831
1 122501 73738
1 23114 176564
1 146147 55760
1 106990 165685
1 118320 143866
2 5301
1 112081 46636
1 172060 143861
1 32939 48972
1 92355 169704
1 93051 35169
1 102192 35124
1 52428 50631
1 111855 137269
1 69094 108367
2 89575
1 5254 149209
2 29241
1 15983 127932
1 46054 159284
1 16808 189152
1 138613 38136
1 80111 123324
1 43773 131870
1 77422 161801
1 151540 127033
1 158865 93529
2 27149
1 151715 1422
1 80097 20518
1 174047 173429
1 107169 137140
1 133980 57402
1 33608 31787
2 187624
1 21483 177035
1 45703 3558
1 179974 32673
1 44960 137587
1 59547 127183
1 39108 110683
2 117895
1 99549 17239
1 143602 11741
1 114094 140457
1 110012 60186
1 62525 18491
2 143348
1 22837 11106
1 164140 41504
2 171449
1 199740 15097
1 171610 193096
1 116256 104114
1 61693 146315
1 96138 51993
2 29359
1 167377 76086
1 71297 164141
1 174175 66397
1 18787 97548
1 133914 6270
1 137749 170795
1 113571 109551
1 30473 99481
1 199220 31076
1 64408 54658
1 9029 69502
1 25674 168800
1 51392 101527
1 147361 41823
1 10343 199309
1 86508 140688
1 41604 8269
1 104842 28627
1 43474 65058
1 155965 181695
1 34730 117246
1 68786 128915
1 83952 101192
1 180557 17889
1 114303 4838
1 52858 112505
1 125841 199820
1 138801 61972
1 98995 159813
1 34505 23107
1 153513 185666
1 185984 196887
1 181085 109601
2 140298
1 137180 109518
1 24628 178904
1 107019 137398
1 150933 69802
1 7301 17788
1 81986 146968
1 199660 39644
1 176621 144029
1 154763 39699
1 183598 101221
1 24288 147343
1 26733 96216
1 49066 60885
2 186002
2 148506
1 130997 10185
1 104726 90815
1 105579 163531
1 5707 129228
1 118423 186142
1 28694 4869
1 195359 172682
1 134145 31422
1 44515 173788
1 167065 157067
1 135394 55467
1 118397 23851
1 16554 18534
1 117735 18544
1 54341 66912
1 87609 45554
2 186338
1 150233 48201
1 20760 113473
1 24860 195183
1 187927 88611
1 131500 141966
1 135266 184498
2 8004
1 193858 116095
2 189440
1 160968 89239
1 156757 127020
1 20370 48893
1 170654 42887
2 52749
1 187874 95184
1 6553 123085
1 129821 19709
1 8899 78329
1 15060 125993
1 172446 90523
1 172980 5492
1 179419 190953
1 136023 20619
1 125716 1935
1 72279 4495
1 30210 42751
1 49492 167622
1 153058 137596
2 189186
1 24320 94882
1 143750 566
1 171748 60047
1 71746 47346
1 63021 45699
1 34906 166319
1 26302 42955
1 169327 49834
1 134980 129623
1 42349 189425
1 112000 30309
1 70573 105328
1 37650 47920
1 70697 8567
1 198984 36948
2 130278
1 28525 125991
1 119233 37468
1 36886 51449
1 119836 5610
1 101150 162583
1 75633 154424
1 141962 49145
1 38638 11180
1 33409 83003
2 94250
1 53512 76723
1 127374 126391
1 49376 60356
2 74744
1 191521 82268
2 25427
1 185069 186925
1 66809 4564
1 94142 169925
1 134018 101647
2 114824
1 20760 47699
1 186922 42794
1 52512 150261
1 84610 109252
1 40707 126446
1 120918 120447
2 192627
1 71666 173416
1 168060 95039
2 84518
1 94928 48172
1 37751 98514
1 128420 107979
1 23036 52768
1 151474 83415
1 168873 132030
1 157334 63984
1 20055 176362
1 90304 40133
1 138960 75965
1 36290 61694
2 132223
1 76810 181721
1 68171 165462
1 83849 130554
1 132518 101313
1 161657 118238
1 142543 165132
1 129505 83856
1 172803 114256
1 73719 42422
1 49567 48419
1 168144 176095
1 148652 167232
2 68748
1 144227 190635
1 164918 112770
1 10948 88930
1 126384 125482
1 97617 62375
1 35066 63370
1 172527 40940
1 192380 114083
1 146271 48524
1 63115 130332
1 5420 91669
1 84148 182575
2 89305
1 146056 7306
1 132666 122954
1 138984 43438
1 35557 144178
1 12026 152991
1 176985 173181
1 96045 45122
1 40182 174078
1 83575 142195
1 17878 19803
1 100295 96268
1 22039 23671
1 82797 119029
1 161510 2592
1 197256 121516
1 46605 83898
1 135473 196183
1 27072 175339
1 1830 38407
1 33892 182536
2 102073
1 144650 148769
1 55559 130234
2 63122
1 74824 64973
2 32601
1 46154 27079
1 190016 19924
1 20209 86914
1 39273 37170
1 3519 33034
1 137116 176547
1 198928 136804
1 64116 139100
1 144840 151609
1 21842 169893
1 81889 115583
1 26953 71327
1 26482 95847
1 50571 65429
1 118018 65673
1 3155 189892
2 26765
1 74861 158868
2 141729
2 15002
1 12962 169435
1 110381 198339
1 132576 184239
1 196035 40561
1 197930 68468
1 61035 61452
2 10819
1 97478 67571
1 24080 134658
2 29531
1 66505 2483
1 134406 154894
1 109399 117030
1 86798 106479
1 16387 74914
2 79151
1 168923 125974
1 168753 170439
1 62536 18724
2 197868
1 142377 126524
1 96762 112875
1 19764 91457
1 109628 16531
1 106319 169906
1 22902 11963
2 111802
1 43518 116807
1 152498 152632
2 60364
1 88492 165132
1 68702 84930
1 61866 170609
1 17755 149198
1 130028 70991
2 194727
1 99531 96601
1 109510 169622
1 186477 160784
1 100570 142369
1 165437 171993
2 86494
1 102868 23914
1 70973 163251
1 36574 86757
1 13744 79199
1 187967 60720
1 90073 131506
1 82723 170666
1 110540 109884
1 103002 51865
1 79434 123821
1 13434 87159
2 93070
1 35687 181395
1 152687 128340
1 80740 167955
1 123821 97770
1 130010 83067
1 150034 171707
1 29099 144130
1 33303 191065
1 106724 126151
1 24641 51019
1 53002 96189
1 35464 148887
2 33894
1 166400 85130
1 105731 158356
1 66768 182961
1 56212 117256
1 18507 165026
1 43283 149921
1 87050 135848
1 62450 12147
2 5342
1 155089 140564
1 7936 60445
1 79428 11779
1 67134 124717
1 150970 126998
1 80679 160529
1 189419 1116
2 197262
1 77597 27324
1 44496 81805
1 25294 82891
2 15696
1 119079 34239
1 170390 177457
1 15558 146272
1 5734 28952
1 191502 80653
1 109356 49483
1 130152 21062
2 19313
1 155771 17195
2 41919
1 103503 171515
1 43503 195487
1 40568 28582
1 124 35938
1 101554 67416
1 55978 153239
1 138776 132295
1 188832 177969
1 49131 78504
1 54382 127573
1 19108 73824
1 4533 130787
1 25912 178477
1 49684 47939
1 31659 23446
1 114517 20786
1 47192 52624
1 76889 13900
1 13055 54834
1 167297 124316
1 173840 158491
1 109087 30370
1 30327 143586
1 146332 178788
1 155304 59646
2 142442
1 47324 183213
1 122193 172205
2 130849
1 140237 49297
1 75590 180860
1 13927 29851
1 141674 126699
1 35518 86119
1 11786 91012
1 21898 40758
1 138049 161253
1 129389 162780
1 50691 79324
1 63071 184143
1 104104 54807
1 4314 155630
1 38710 196750
1 123206 160597
1 143476 72686
1 86631 183840
1 153260 175818
1 106566 159166
1 42560 85437
1 116829 172280
1 58608 11299
1 86727 131778
1 49642 110585
1 58214 91585
2 192531
1 119324 66774
1 49157 178645
1 122890 274
2 172109
2 90478
1 10214 183951
1 146215 118270
1 164181 7137
1 180684 106108
2 8011
1 21865 143691
2 46633
1 52513 123604
1 61084 130734
1 95696 37214
1 127034 179398
1 139043 143676
1 59670 72466
1 145460 103777
1 169377 26783
1 66438 6243
1 174678 31209
1 103512 77356
1 161576 47345
1 88491 172450
1 188075 50177
1 10194 164953
1 37249 140156
1 49914 15926
1 79816 77995
1 48761 1575
1 152770 26758
1 146459 160769
1 2437 63616
1 171115 63609
1 196836 1174
1 113343 41736
1 16861 183512
1 72071 19352
1 88580 159608
1 194455 137652
1 22639 75667
1 52146 129135
1 48996 55806
1 152538 98323
1 90240 130130
1 125525 12685
1 10152 15419
1 40577 121494
1 111093 164541
2 36379
2 2695
1 150920 52762
1 34643 96303
1 133437 186324
1 144782 142480
1 189696 117312
1 142530 170940
2 27393
1 2904 86021
1 70630 188294
1 117337 120898
2 188250
1 119296 7419
2 60753
1 18748 108785
1 54867 51909
1 190818 174807
2 24507
1 179294 7372
1 130372 37083
1 67368 176815
1 105914 83365
1 180658 65185
1 71283 169444
1 106967 117858
1 60442 48305
1 9440 162221
1 125200 153946
1 111599 67005
1 177988 112912
1 177390 72226
1 54325 27088
1 53496 181510
1 38597 144724
1 57222 58619
1 127168 118330
1 35612 70087
1 56429 191092
1 62708 26674
1 59156 101362
1 54891 170255
1 129360 14029
1 48618 55242
1 171287 85173
2 121560
1 110374 135367
1 19626 7166
1 114865 75827
2 57605
2 26178
1 185326 123080
1 146217 122860
1 154647 163463
1 132047 66269
1 14438 49173
2 40136
1 50806 65206
1 135580 101875
1 90057 38739
1 20851 102173
1 10804 102277
1 75146 196140
1 9022 17629
1 191052 133260
1 190491 97087
1 198267 140063
1 87889 148081
1 178495 53857
1 171180 170338
1 185905 52121
1 166435 120382
1 96420 69574
1 83657 30258
1 144054 142089
1 114616 82042
1 144150 51215
1 84987 45811
1 25237 97090
1 135291 190429
1 53233 39409
1 15533 60272
1 119839 107004
1 23161 193827
1 33369 39428
1 61485 16569
1 52841 89426
1 95587 111821
1 153077 94471
1 134447 68575
1 86219 22276
1 177550 197214
1 20333 168986
1 196556 55096
1 120288 199924
1 193780 116384
1 28146 172163
1 61181 96351
1 34506 122218
1 53363 168991
1 38517 130284
1 127651 69491
1 41389 81042
1 152523 80810
1 155820 10657
1 199681 193686
1 59890 47291
1 96098 167639
1 46099 9428
1 66109 11885
1 139588 99225
1 191809 73662
1 10791 37851
1 159845 141412
1 81940 77122
1 72214 89595
1 136682 194991
1 21030 69097
1 111318 137010
1 69555 79278
1 34788 1773
1 198293 192686
1 42308 58056
1 181195 144764
1 29790 72983
1 82472 77097
1 50712 135753
1 69626 169166
1 78951 168210
1 143931 139606
1 155924 4826
1 179068 48655
1 126161 37031
1 176078 81586
1 12988 121992
1 149299 33904
1 113266 32772
1 191364 126016
1 123864 44418
1 176291 26598
1 60774 130682
1 133220 122501
1 99701 106011
1 130167 89256
1 14282 8958
1 92249 104398
1 121955 85643
1 173756 57844
1 77761 198251
1 76596 190311
1 17590 82862
1 194275 29257
1 188017 107836
1 175014 6115
1 172807 48641
1 36225 130028
1 154948 117077
1 20233 190425
1 105330 112361
1 110672 121190
1 153001 78137
1 14742 112547
1 110680 83502
1 172718 127362
1 36947 124626
1 87534 71647
1 53661 43450
1 37339 24785
1 85431 25711
1 31252 133936
1 68009 38877
1 180349 126439
1 17040 195519
1 62318 99132
1 125800 46986
1 197213 137629
1 184924 96729
1 30090 181934
1 48396 158553
1 95146 141392
1 32158 57078
1 118165 182259
1 36040 85638
1 195827 184351
1 193244 56499
1 47268 24127
1 124885 133998
1 21167 175087
1 142561 39314
1 78701 18951
1 125871 89367
1 187831 134696
1 140346 71864
1 61645 37510
1 129750 49766
1 86088 188151
1 79419 50222
1 31746 141051
1 149264 197224
1 188483 142219
1 82297 60706
1 113647 80487
1 112612 166284
1 65967 177051
1 22608 39269
1 117021 135121
1 8862 153126
1 191028 71069
1 95964 131501
1 149623 102852
1 93455 26540
1 155744 167950
1 70658 119570
1 50059 127886
1 29452 42298
1 91300 141167
1 130854 38803
1 54542 23297
1 18733 115087
1 18709 44931
1 4148 84816
1 22166 185331
1 169358 28432
1 102189 162132
1 63898 163856
1 124192 32959
1 79759 84226
1 32010 15982
1 131850 109818
1 70410 156740
1 65493 184531
1 69292 171104
1 59386 185630
1 119576 100900
1 119305 199376
1 163961 21632
1 32742 147883
1 4784 161668
1 146454 7021
1 3067 63654
1 112459 135736
1 29408 106704
1 48941 134914
1 94686 149998
1 68651 17342
1 197205 192246
1 78083 156042
1 108277 56185
1 157518 112731
1 178404 52585
1 9999 171301
1 169075 40426
1 163453 198734
1 78980 126429
1 187727 105046
1 8372 192555
1 108935 191039
1 122383 37263
1 22914 193411
1 49588 160295
1 23614 87287
1 189126 105532
1 47213 26489
1 165525 158736
1 9529 3106
1 45644 192999
1 174104 106215
1 127580 142616
1 122578 11154
1 41320 50902
1 90320 29793
1 173810 110330
1 182375 190716
1 133957 24403
1 65253 73949
1 30949 113649
1 98587 95995
1 14900 70061
1 187243 51127
1 47590 199293
1 149460 22411
1 162663 99255
1 40636 28399
1 182986 148387
1 59709 185421
1 175669 172166
1 123762 44071
1 7179 79340
1 57027 5319
1 63131 121205
1 93551 88296
1 73287 24675
1 138841 169891
1 127671 41378
1 36951 42972
1 72830 187225
1 108151 73902
1 195405 27120
1 182738 154899
1 74903 192803
1 15637 198616
1 192004 134342
1 58508 54593
1 14425 162456
1 177394 191736
1 177063 175884
1 141687 51452
1 49715 138709
1 13329 122951
1 12967 136179
1 104006 175872
1 11383 79995
1 185145 183907
1 125013 167723
1 86898 49389
1 23641 17838
1 70578 524
1 150251 151405
1 31608 163206
1 31987 110295
1 138701 188456
1 156419 156849
1 61142 32561
1 57794 45793
1 85979 88320
1 193884 199863
1 138771 140987
1 171432 49149
1 98354 178882
1 91673 144704
1 173622 122516
1 44458 136735
1 142830 39871
1 4611 13076
1 49227 589
1 158705 197888
1 166507 117165
1 167941 181627
1 6180 4895
1 181835 55324
1 57998 152036
1 82606 137094
1 51732 156326
1 181865 135860
1 33851 74467
1 156080 9862
1 93811 68895
1 58912 716
1 167902 129931
1 79653 42130
1 87199 122800
1 195371 39084
1 20005 25184
1 47623 119171
1 46328 144287
1 127333 192225
1 125954 13773
1 125621 121209
1 1697 19287
1 182290 170875
1 186796 198687
1 31475 199510
1 78916 15848
1 63061 124238
1 103197 198918
1 162152 148864
1 197644 150726
1 21688 94835
1 158099 67481
1 122463 131169
1 13098 33799
1 61738 69766
1 145296 107602
1 46729 117864
1 181459 41895
1 196346 59751
1 15196 114060
1 83000 93511
1 168639 83014
1 138528 175484
1 5185 125450
1 83491 28853
1 7913 76007
1 39090 97580
1 175116 61681
1 190247 100780
1 131987 139952
1 34097 101155
1 154256 40074
1 112834 144042
1 180674 182767
1 138875 83795
1 163044 54403
1 160856 69362
1 101500 32977
1 146520 60079
1 187298 56046
1 162416 29642
1 24271 87018
1 64369 143215
1 61864 26302
1 25462 2813
1 59403 93427
1 197905 155089
1 194841 149967
1 116984 87064
1 9733 66117
1 167277 184021
1 121436 138077
1 105963 173935
1 45524 77537
1 102295 2494
1 179481 187209
1 44006 155159
1 84822 84329
1 51723 118294
1 148225 101850
1 129379 117419
1 159338 62694
1 24100 113192
1 11460 47736
1 46212 49673
1 158836 44547
1 112998 40005
1 139034 137840
1 64906 12181
1 77983 142286
1 128628 92162
1 42366 155061
1 165213 154483
1 22101 163899
1 87385 58870
1 62572 183260
1 116744 48847
1 159814 102499
1 22209 113727
1 175721 108957
1 60796 170646
1 158569 97087
1 73279 188348
1 43257 114326
1 97419 169020
1 9460 105584
1 51527 172818
1 150568 25353
1 53805 29431
1 71460 100153
1 169395 2602
1 133252 129371
1 444 144512
1 186362 40960
1 80576 174575
1 104543 60310
1 31609 23639
1 170170 114131
1 154896 169042
1 86863 182694
1 19783 9405
1 107372 111839
1 30568 9799
1 15472 154845
1 38190 129978
1 113564 90873
1 88625 40392
1 83806 185649
1 192791 196119
1 174236 35863
1 75577 6991
1 155902 117115
1 36564 1571
1 142143 167893
1 86834 153054
1 20533 57976
1 54231 79984
1 16798 145075
1 34095 71097
1 111021 167497
1 116024 196373
1 150357 172756
1 171180 110952
1 169301 185013
1 114225 137323
1 195332 78463
1 151365 149048
1 2911 83940
1 72420 27474
1 28881 31007
1 99131 174969
1 140738 85283
1 147282 123052
1 162787 188869
1 198900 87615
1 97400 174757
1 22115 124319
1 54630 1762
1 73082 186083
1 158015 125695
1 34466 191445
1 28555 20944
1 168762 70465
1 86874 132201
1 139264 95486
1 95879 60616
1 92420 73082
1 191823 175105
1 137999 97866
1 22930 165483
1 105936 168498
1 64488 99145
1 199559 92145
1 95080 127932
1 79221 132113
1 82612 143590
1 100931 28653
1 8457 9377
1 55345 33539
1 169094 114850
1 88258 160188
1 52922 170856
1 29734 192634
1 196083 126313
1 131240 172705
1 95620 130558
1 183001 79721
1 116566 170318
1 153532 120099
1 10354 248
1 183347 148041
1 25869 48068
1 69866 149706
1 147669 163980
1 106306 82198
1 46908 52519
1 3585 51239
1 137922 58583
1 124920 29904
1 183047 175283
1 107444 165514
1 48016 169303
1 178984 149949
1 105306 92426
1 161050 196748
1 116445 150831
1 104078 157219
1 163042 107440
1 75440 82565
1 43464 34856
1 129222 94161
1 193619 89233
1 187796 115924
1 150326 129901
1 178065 28885
1 193826 97911
1 144203 115741
1 194064 166988
1 118678 106245
1 172811 121238
1 63610 146564
1 153217 186490
1 3869 41465
1 172042 23043
1 194926 155125
1 144442 19917
1 81043 56269
1 80228 20982
1 661 189598
1 90735 91138
1 56075 104481
1 25693 124493
1 7044 185905
1 85529 26423
1 13561 1498
1 130497 163211
1 112882 120036
1 8565 90800
1 14903 123809
1 110110 130899
1 13050 63795
1 77953 97619
1 102275 55713
1 107270 81903
1 57115 53467
1 90500 82798
1 199933 76043
1 118096 62350
1 249 9823
1 143685 67374
1 140523 178644
1 181270 151231
1 88028 190340
1 142545 80040
1 123126 148147
1 1398 175289
1 19182 73750
1 194168 47251
1 9324 84582
1 18450 181013
1 40190 163683
1 118862 7561
1 111615 147756
1 127442 137936
1 135809 90814
1 55212 132299
1 173570 5322
1 106463 17740
1 11598 147964
1 125230 133180
1 121201 16584
1 109160 149069
1 95328 100855
1 178421 53539
1 92392 43443
1 144800 189758
1 73430 155728
1 157925 180715
1 147688 26715
1 81532 179948
1 127669 78310
1 77926 93093
1 158424 73620
1 110263 840
1 159138 51234
1 84388 124483
1 80128 115703
1 181455 135208
1 161706 138734
1 161297 29852
1 118030 179681
1 182791 95428
1 176700 89271
1 195040 31917
1 139282 5425
1 101413 166523
1 75883 130545
1 83721 20500
1 174596 95243
1 64436 19277
1 81775 139473
1 140234 119765
1 96187 183386
1 199233 156448
1 71202 914
1 184547 6423
1 9269 2887
1 37408 186302
1 89030 128242
1 122583 38053
1 46484 65989
1 68838 110035
1 24700 165109
1 79408 166832
1 156765 118087
1 196334 123122
1 53900 54943
1 164921 128393
1 58810 98566
1 54999 165903
1 163298 113404
1 28420 131882
1 111095 87550
1 129218 137411
1 197005 146073
1 46947 813
1 166534 163376
1 116694 140430
1 153664 60810
1 40497 56337
1 121597 138976
1 70078 137102
1 14355 155236
1 97737 122169
1 83221 160085
1 113064 135371
1 116929 79875
1 61003 155886
1 9707 177246
1 57862 104237
1 69673 181828
1 54108 95067
1 91969 105481
1 186638 20802
1 82256 195977
1 88356 195663
1 116411 118956
1 48956 91003
1 32859 56762
1 30417 165884
1 14052 171871
1 114380 190254
1 152087 101760
1 36305 49020
1 44137 94014
1 47363 152019
1 123571 52170
1 138137 145353
1 176219 48745
1 78886 87817
1 184962 157898
1 76707 45314
1 94127 75206
1 2239 131600
1 53180 117046
1 41705 26667
1 126655 165819
1 163549 32910
1 132796 20682
1 171245 105195
1 168969 58359
1 147090 190861
1 38337 116419
1 17971 176141
1 30253 78440
1 173301 134393
1 55023 33700
1 111235 144066
1 116657 51012
1 169824 54117
1 147342 96371
1 37034 33948
1 133055 140226
1 20657 57285
1 29000 24314
1 13368 12626
1 27939 32
1 182346 139123
1 141357 136456
1 172929 146945
1 129359 68253
1 55571 110060
1 74032 147247
1 61599 196263
1 168665 71166
1 95606 91986
1 54313 180678
1 145004 122216
1 95354 61452
1 146784 83882
1 175187 35239
1 10890 58763
1 152783 179282
1 148037 185053
1 116365 90417
1 165916 103548
1 187994 10913
1 163610 30073
1 115868 75013
1 9548 8137
1 123648 136910
1 51418 186095
1 5925 76490
1 12358 195239
1 8714 13296
1 83651 126997
1 46453 2026
1 118458 26861
1 3557 92644
1 33752 56995
1 100155 134741
1 165532 171734
1 129252 59467
1 60959 92600
1 145546 85051
1 181093 196225
1 179324 122761
1 143715 58196
1 78874 38869
1 46865 131314
1 14021 51910
1 85746 80094
1 149830 181019
1 133601 94544
1 59710 66287
1 22173 96797
1 184718 18381
1 83288 28774
1 97671 71220
1 42557 120193
1 174292 151788
1 78528 115173
1 50086 144969
1 139882 28889
1 142240 56511
1 137572 106591
1 77125 39080
1 176836 109789
1 18718 91409
1 45270 171276
1 33584 23563
1 179436 104932
1 186525 87408
1 178665 36486
1 50009 20148
1 70090 117356
1 65873 120942
1 44341 114318
1 24022 153830
1 75975 104791
1 120528 30177
1 45976 189447
1 70176 53227
1 22609 133546
1 57174 133861
1 84530 127417
1 16852 50831
1 140316 11662
1 84930 190423
1 32102 93645
1 18292 170914
1 69278 54225
1 164569 38681
1 146653 136725
1 59813 135608
1 85265 50148
1 18560 178515
1 49029 151299
1 189296 196202
1 73267 138525
1 118660 17710
1 133452 10031
1 106499 49236
1 25094 3124
1 132820 15577
1 7720 27283
1 157615 194582
1 1106 67592
1 10499 105606
1 134032 94673
1 142697 153622
1 78880 195865
1 71370 104620
1 46530 198314
1 151628 193466
1 63295 191310
1 24642 106949
1 129917 52166
1 183379 141489
1 40834 72687
1 93675 139727
1 134790 17521
1 194402 63657
1 178750 34537
1 49385 112397
1 160805 39321
1 123260 166616
1 91086 22991
1 147972 170437
1 50919 85139
1 183179 26166
1 56208 27733
1 59814 86849
1 75228 108758
1 93406 70591
1 119079 157077
1 2271 171409
1 165017 89661
1 135012 98675
1 4793 119053
1 31330 125573
1 148789 103879
1 60980 87639
1 109040 168476
1 84872 67445
1 17037 73432
1 80391 47924
1 1468 17162
1 164618 98939
1 77762 81271
1 62395 181781
1 135117 63040
1 25928 104566
1 118840 154704
1 1679 74635
1 17947 8202
1 55495 120327
1 279 147890
1 90731 23595
1 163169 42266
1 197484 192021
1 136780 19408
1 151511 131788
1 149467 20614
1 118020 39883
1 182535 29505
1 154753 28172
1 9613 18246
1 177150 133654
1 110780 58178
1 104186 179722
1 143550 19065
1 176366 133994
1 53156 21938
1 107256 190443
1 104311 135072
1 61706 99837
1 18491 19603
1 159699 177559
1 8710 19231
1 61230 87880
1 192770 61325
1 26122 102331
1 161535 115009
1 180698 62091
1 96125 157932
1 124157 59079
1 186552 198771
1 148912 26887
1 7412 164638
1 71987 39344
1 116170 195717
1 103673 190468
1 154099 34296
1 64595 141293
1 50645 147375
1 159135 161227
1 191820 156593
1 83757 43707
1 199802 79752
1 162994 35178
1 95698 143652
1 118064 166171
1 30177 27470
1 194341 153206
1 145630 150480
1 32627 164113
1 52851 172515
1 99536 66690
1 15820 75353
1 161519 171301
1 20063 63308
1 61679 85483
1 27900 105223
1 64898 106596
1 129751 26227
1 159391 39758
1 161684 172740
1 164204 158238
1 123282 33700
1 57638 143630
1 192762 46175
1 29458 74087
1 71114 89233
1 133545 29840
1 167261 89293
1 80384 143704
1 150589 93904
1 99509 84673
1 22443 23781
1 142113 90573
1 99245 3673
1 18298 124941
1 192922 32930
1 115783 59623
1 140962 25675
1 172297 158695
1 13665 97571
1 179111 149385
1 127974 101735
1 40219 112646
1 125822 180205
1 181980 194397
1 178182 127761
1 191691 134756
1 161521 72421
1 28898 115919
1 167189 122644
1 71193 35263
1 20413 127896
1 38170 75406
1 131818 102685
1 192487 103706
1 19179 167093
1 31818 14544
1 150495 173501
1 129022 185723
1 67080 53263
1 107996 190285
1 55379 124649
1 148360 12077
1 6692 198046
1 43613 127873
1 157223 5499
1 58262 197885
1 177044 96060
1 188029 164653
1 174018 108337
1 11929 16575
1 157743 42731
1 11028 42004
1 62799 56427
1 25514 8712
1 86547 100684
1 197209 19456
1 133691 11887
1 75460 8947
1 13919 176615
1 10154 197500
1 51386 122278
1 169095 86815
1 21304 20392
1 32009 101145
1 24641 59871
1 22454 41389
1 29190 122526
1 42395 30828
1 154700 16201
1 128567 58309
1 155574 102460
1 16233 54605
1 118935 116219
1 101976 190543
1 92856 88154
1 40609 57047
1 89639 32174
1 71878 107516
1 38593 158963
1 90068 98861
1 149440 5951
1 88597 6013
1 17544 126950
1 64760 15153
1 196526 132911
1 165949 93768
1 5706 90488
1 178981 146188
1 79807 90341
1 180890 199641
1 93832 92942
1 11546 149099
1 73541 53097
1 107753 77869
1 131654 16757
1 106296 20607
1 140758 145769
1 11920 131078
1 50508 163292
1 133891 194106
1 183502 138997
1 789 129708
1 177318 129750
1 52326 174870
1 179274 59781
1 71267 7784
1 140966 86747
1 153646 47504
1 112685 161584
1 60042 28169
1 65375 120134
1 123403 54375
1 75292 45429
1 51070 22177
1 76458 61846
1 127509 104928
1 1732 97524
1 33493 46407
1 101987 101295
1 68035 16451
1 112337 82803
1 169867 67797
1 102187 155737
1 107379 178845
1 135414 189275
1 148224 1257
1 101093 30398
1 64615 146238
1 69226 51579
1 179639 57126
1 46203 14766
1 139844 116794
1 61735 21570
1 158422 140082
1 18329 85788
1 193875 116202
1 88747 196231
1 58091 140855
1 128238 34400
1 150274 55723
1 196345 149891
1 7715 76964
1 110960 22837
1 151395 61083
1 197015 191123
1 105363 81964
1 183511 96890
1 26281 11873
1 84623 192504
1 110641 177028
1 50719 121652
1 96816 141092
1 135473 102105
1 153049 110567
1 45064 137288
1 185268 113105
1 115085 183742
1 26315 39251
1 118295 93123
1 18390 86808
1 132347 125333
1 17897 86731
1 106325 45972
1 182109 15853
1 59925 98799
1 76732 152982
1 7629 133710
1 120241 201
1 175354 117569
1 36783 55932
1 8401 37033
1 38688 17320
1 168651 187430
1 121168 133454
1 79475 82688
1 12762 91722
1 150639 158425
1 158612 141213
1 46606 59859
1 57015 173301
1 146449 61437
1 45969 33407
1 29437 100548
1 82734 161392
1 129823 152344
1 178819 175375
1 60448 198619
1 71261 145415
1 151243 78417
1 137930 140460
1 59804 8772
1 113030 149772
1 68299 36855
1 177897 156151
1 91545 133390
1 78734 179921
1 183003 116348
1 167302 71832
1 196356 123501
1 170623 119857
1 2935 178356
1 174447 54520
1 128013 139511
1 23749 95943
1 8996 3801
1 191953 70150
1 174953 2088
1 169586 156787
1 10790 133128
1 196609 26036
1 89359 16415
1 12412 69083
1 92745 129923
1 144117 106104
1 155901 51233
1 13948 31397
1 47323 55726
1 21961 117198
1 191154 85907
1 141935 106047
1 154799 2644
1 25853 71603
1 144370 85890
1 174326 133466
1 197785 84770
1 119412 13418
1 15240 105693
1 68696 10792
1 195190 9001
1 90677 72888
1 15037 70392
1 47293 195684
1 124835 55391
1 136363 154794
1 100452 166217
1 123954 35528
1 136387 107228
1 104359 108044
1 158225 82988
1 122474 76439
1 138684 31839
1 113562 69425
1 164827 61856
1 9082 15635
1 178744 37704
1 185182 132464
1 146591 9865
1 103770 195909
1 127590 153053
1 129836 9891
1 125694 59823
1 36584 127482
1 96889 185800
1 75429 137832
1 125915 9788
1 196134 25218
1 148902 34901
1 71500 112034
1 10848 167040
1 199674 96690
1 59304 99831
1 85639 23287
1 177913 190383
1 164139 155553
1 74429 116546
1 89188 134098
1 117973 17823
1 45352 23468
1 17256 55920
1 144848 90464
1 119594 42892
1 29315 127668
1 33839 55454
1 19424 100501
1 30384 191573
1 125872 101661
1 146909 164430
1 102474 55206
1 93411 10879
1 44616 43023
1 185727 21029
1 24747 152718
1 189636 81071
1 42378 30135
1 180457 53740
1 176833 75787
1 151574 10290
1 111447 51461
1 25200 58577
1 16687 32417
1 74723 5815
1 167604 180845
1 67951 124005
1 38270 161364
1 101366 88018
1 18058 100200
1 193733 169565
1 45593 149936
1 43745 59385
1 121830 58866
1 18259 81428
1 62158 156482
1 188215 164040
1 124155 43148
1 138113 119237
1 170130 28318
1 151376 121087
1 118238 52346
1 193784 85332
1 183867 63386
1 118090 189760
1 137351 48003
1 32934 125380
1 126022 3343
1 71812 186708
1 167700 64502
1 198143 153792
1 18385 93469
1 20132 159013
1 141768 150626
1 23865 171092
1 64992 181734
1 175952 155971
1 72774 41883
1 104654 192883
1 193178 145999
1 22902 123745
1 190296 149114
1 10619 38385
1 102538 10116
1 52358 76759
1 98413 132954
1 116997 72776
1 39777 78771
1 81589 156769
1 10900 88734
1 52337 79893
1 92016 66894
1 4987 152412
1 18116 124200
1 199881 13146
1 111665 101196
1 164883 197262
1 85590 123298
1 130204 41084
1 124477 147175
1 107647 9244
1 186951 166711
1 178428 43716
1 21717 74013
1 59459 148371
1 16889 91417
1 160192 141024
1 113436 100145
1 29159 36899
1 60080 110139
1 130370 178977
1 188441 151977
1 74104 80413
1 187351 98773
1 139360 97277
1 133432 173263
1 157318 132474
1 141755 149285
1 10685 113932
1 65415 81522
1 67046 59989
1 114957 98730
1 127423 2445
1 162811 147301
1 110447 32942
1 29859 68393
1 102672 135905
1 74410 178173
1 11390 142376
1 115893 191019
1 1824 121484
1 56977 193237
1 194484 80073
1 58018 136123
1 129247 89977
1 53134 36043
1 11509 68542
1 142314 120810
1 103813 179444
1 42853 46530
1 41833 148503
1 37939 149069
1 25229 135920
1 87165 115232
1 132797 179333
1 182663 160507
1 86451 174273
1 86049 183888
1 45409 152481
1 115410 146386
1 193147 188961
1 164802 36224
1 91849 22438
1 125095 104689
1 555 193069
1 98546 136545
1 114862 122676
1 168954 149309
1 49806 189031
1 158696 21036
1 144716 190542
1 103908 114910
1 165362 177780
1 98945 92761
1 32676 73626
1 76069 191745
1 107305 145438
1 8571 53608
1 168057 187878
1 130843 24406
1 24457 14161
1 133818 59098
1 135829 96799
1 129806 101521
1 39981 124319
1 4549 27190
1 28227 8473
1 26214 55851
1 3252 199421
1 28679 163527
1 1429 196684
1 165105 74529
1 19520 133062
1 56337 98971
1 190686 45396
1 180704 102898
1 192438 132790
1 152981 141636
1 111991 112366
1 164105 172258
1 139714 198894
1 141354 102489
1 162748 60608
1 76132 71803
1 89298 168629
1 48461 170291
1 141389 130192
1 63120 92233
1 174616 76083
1 67996 144818
1 157519 66825
1 168205 152988
1 1611 153717
1 17435 29304
1 95723 44475
1 44225 56328
1 72421 133934
1 5553 109803
1 54220 113306
1 21302 36198
1 13476 121522
1 126761 73717
1 111268 144828
1 10713 110034
1 70474 178619
1 64948 195205
1 114213 68189
1 195770 54189
1 32607 133479
1 58660 43661
1 10186 24477
1 24400 26714
1 7212 145910
1 199536 35140
1 42830 29183
1 159604 105027
1 77377 95629
1 64245 17444
1 11121 47593
1 146339 154644
1 18414 196472
1 190449 184299
1 133880 47337
1 43199 95804
1 102667 132002
1 97416 81052
1 163755 1964
1 87117 23409
1 133874 175965
1 155841 40381
1 22039 44551
1 124214 56875
1 198209 101855
1 82888 8921
1 150477 161264
1 110088 36454
1 48987 55489
1 71147 104701
1 129055 22339
1 74420 60962
1 146598 165567
1 134367 192316
1 21223 85696
1 66064 94628
1 187277 192893
1 84475 166190
1 57154 163210
1 48212 135093
1 68093 21375
1 143994 43563
1 81039 108647
1 42015 93024
1 103978 166125
1 174587 111378
1 23155 118469
1 94193 35574
1 120329 132695
1 101890 121286
1 183382 193457
1 134577 21964
1 2454 51245
1 121270 52078
1 79525 158944
1 69286 18234
1 127117 142340
1 128098 155827
1 178512 12136
1 54912 85979
1 60338 66838
1 51447 127555
1 6155 189957
1 52943 42321
1 37836 171649
1 16647 594
1 124943 108119
1 113736 24001
1 99620 121605
1 167178 64789
1 91224 140321
1 46789 192785
1 30856 55560
1 104602 101704
1 60775 164809
1 125827 83183
1 3532 62483
1 195257 133224
1 50240 52765
1 148964 20747
1 174086 34900
1 137160 75063
1 125099 86986
1 4973 191834
1 116111 58525
1 196047 193405
1 61044 119461
1 106503 36819
1 89479 102434
1 92217 110531
1 169389 119268
1 66752 55539
1 86096 135996
1 100311 100056
1 53801 38500
1 161353 59963
1 158096 50218
1 112347 111566
1 175169 184930
1 60792 75503
1 37681 174413
1 19677 95868
1 149329 25540
1 11653 153559
1 29858 34025
1 57751 181371
1 191610 192080
1 164175 95936
1 168853 55465
1 148587 30443
1 2463 6769
1 19479 142330
1 187009 54682
1 4442 183662
1 175082 153336
1 2753 105945
1 167968 49901
1 106636 129578
1 21446 96726
1 188248 174070
1 195056 2231
1 136845 91657
1 4517 173093
1 191880 71918
1 25268 66546
1 118475 69818
1 148602 14238
1 184804 175263
1 152433 130428
1 5851 2288
1 77117 70562
1 129504 89904
1 143668 63893
1 106740 134432
1 46444 23476
1 32214 67720
1 181001 105891
1 104625 71621
1 133191 189307
1 185860 27348
1 108228 115504
1 81873 31773
1 27985 150466
1 148298 167299
1 18362 199144
1 47096 21611
1 101587 75641
1 190061 2955
1 52166 144861
1 78061 113461
1 166619 66868
1 85465 106084
1 7878 5637
1 108188 152902
1 94903 54697
1 46745 166730
1 48349 59385
1 126868 26155
1 5628 51957
1 90079 181310
1 139186 51958
1 79560 151224
1 50692 22550
1 89665 38147
1 56813 101021
1 88400 137026
1 116073 90480
1 132663 121379
1 15679 5109
1 145766 118181
1 101006 78217
1 46048 297
1 141977 167206
1 67116 58365
1 167125 156367
1 42749 93607
1 107377 152638
1 8483 116079
1 139879 166223
1 127794 36271
1 123971 2798
1 125747 12127
1 11953 175806
1 173002 186588
1 35851 71371
1 14184 37433
1 80931 78706
1 61490 27273
1 166926 117327
1 79984 21227
1 146353 183464
1 189370 21142
1 153872 192024
1 70369 93287
1 153749 145918
1 150810 104232
1 167133 154726
1 50671 163683
1 1673 53112
1 16617 170088
1 19267 67231
1 36408 125787
1 121423 57597
1 15205 180865
1 147412 69901
1 16634 92492
1 115691 32664
1 144496 46628
1 196327 47388
1 12378 120312
1 74405 109754
1 48079 99590
1 123797 11295
1 187549 135399
1 139466 87860
1 88556 68638
1 142718 81226
1 27376 111714
1 157097 11072
1 136851 14122
1 83460 33334
1 196513 97656
1 107481 70071
1 188598 146345
1 111309 185442
1 57766 26108
1 50352 72154
1 169195 88480
1 140355 32175
1 179475 53634
1 6731 155532
1 186859 175383
1 119573 39970
1 100582 59047
1 37322 145556
1 4050 105499
1 164470 57188
1 93566 162568
1 142995 175902
1 137316 71676
1 2203 44355
1 140765 75272
1 172813 5304
1 82565 121231
1 74431 109936
1 189035 95757
1 42148 11351
1 170493 17003
1 71776 36928
1 182132 198082
1 63178 82001
1 35580 160301
1 142849 28142
1 128039 191636
1 102898 174307
1 136530 55222
1 110504 144533
1 97303 13943
1 49493 195947
1 192500 15082
1 112031 61880
1 185212 29216
1 74223 98285
1 23548 7281
1 80246 44093
1 148145 90250
1 108608 17552
1 171880 155320
1 133821 128747
1 71221 169075
1 59982 108383
1 106584 25646
1 22285 12594
1 146476 19486
1 114143 186187
1 52946 97482
1 150910 180961
1 66141 1810
1 88578 22374
1 112000 168706
1 92911 184687
1 15412 45527
1 27973 168295
1 166702 124499
1 20676 117749
1 13376 26814
1 100670 186475
1 64910 123325
1 140897 128048
1 178740 196696
1 103684 25712
1 116598 106758
1 10098 164226
1 17576 145019
1 2165 127386
1 57951 131573
1 130917 195248
1 147991 77443
1 70640 94128
1 109990 62806
1 39468 88483
1 8352 24652
1 106906 177821
1 122380 111611
1 11581 76393
1 17288 67771
1 46172 153970
1 130936 198199
1 147411 58419
1 9012 170676
1 185313 6561
1 46962 178978
1 59885 101590
1 191345 125859
1 4442 136065
1 183784 183130
1 186573 136397
1 31278 185718
1 82620 67535
1 23466 119423
1 62201 25459
1 91198 141343
1 164926 21353
1 28848 7668
1 118651 151116
1 56409 44053
1 73821 132755
1 184913 109411
1 177314 89531
1 196378 161106
1 126939 33076
1 41804 122103
1 115712 198027
1 176832 123220
1 83961 68567
1 81089 108129
1 80748 45224
1 4144 158046
1 34883 80429
1 157238 176982
1 5055 14949
1 117999 60469
1 171843 50632
1 89300 53518
1 127193 45750
1 182890 66982
1 66634 69087
1 152874 192004
1 53084 193973
1 18608 136829
1 192492 97487
1 101607 155963
1 125294 96095
1 96116 91149
1 67394 148502
1 127906 30581
1 198138 109654
1 197518 169773
1 186024 117528
1 90580 184123
1 42669 76062
1 124665 94711
1 106751 166812
1 175962 6746
1 120890 156963
1 197524 172809
1 194027 112142
1 124917 197538
1 127512 137328
1 164772 54727
1 189972 31868
1 171724 116968
1 188161 121143
1 194702 198677
1 49254 58139
1 29735 162051
1 1588 36557
1 159839 168990
1 43411 102530
1 197748 28177
1 166130 112301
1 3654 26322
1 48014 110764
1 59012 137649
1 166722 23091
1 11798 49313
1 33360 22968
1 130060 24136
1 187439 193376
1 55495 118532
1 78357 21546
1 63847 158974
1 43718 116378
1 39732 87027
1 30814 184617
1 176656 77056
1 14555 27883
1 179933 20717
1 168494 166400
1 2474 75326
1 187780 43775
1 175524 93174
1 148047 29536
1 155579 25004
1 95514 38633
1 63442 131346
1 29325 62299
1 43434 164995
1 156029 148957
1 179089 15629
1 20023 42729
1 191175 185343
1 25422 173173
1 163313 28469
1 109539 18852
1 167809 134305
1 9652 129198
1 198181 111644
1 137833 88142
1 106927 48621
1 13338 198826
1 89733 17496
1 21285 13832
1 94282 66091
1 130286 192238
1 157324 47877
1 59767 114138
1 69359 54119
1 70050 62244
1 175961 105728
1 157380 189487
1 119584 125939
1 45229 184280
1 73009 123819
1 81589 146456
1 53441 86818
1 111944 71804
1 196985 36654
1 71221 195719
1 136030 114253
1 37235 39013
1 37950 33010
1 120693 7060
1 56417 19408
1 45936 129422
1 31023 11622
1 20010 5881
1 181086 28811
1 173189 83539
1 198752 102844
1 83595 182232
1 103370 176420
1 124668 131573
1 126791 34859
1 80406 10098
1 70269 48322
1 175396 49819
1 143744 141165
1 121226 144367
1 111478 147281
1 165968 195468
1 142346 117376
1 199276 36891
1 74645 98435
1 39636 155512
1 93834 84519
1 197189 187620
1 162912 51274
1 78861 29039
1 168197 128616
1 133344 154527
1 179713 118177
1 199961 90982
1 4776 65613
1 154318 48515
1 38724 96899
1 85017 151927
1 156482 148965
1 48547 60395
1 152284 48432
1 174196 145695
1 53767 120451
1 103352 165462
1 101597 73774
1 189972 81920
1 194829 101884
1 15850 186728
1 188353 89475
1 144809 19167
1 42256 186667
1 148120 5736
1 65061 195901
1 48355 26789
1 183535 29743
1 55591 39426
1 145611 23021
1 161018 52384
1 139567 161385
1 129471 7301
1 182296 40613
1 131176 38978
1 6261 47104
1 136205 167076
1 170133 195008
1 2732 26718
1 66126 56287
1 179008 13623
1 100528 24152
1 54599 154160
1 28777 171187
1 133711 95992
1 135930 102287
1 30465 50644
1 148314 63088
1 156592 73993
1 183208 49289
1 65378 1803
1 109975 25483
1 68512 76779
1 88341 185135
1 827 14588
1 62140 38272
1 127584 166918
1 29949 940
1 182941 115375
1 22153 170636
1 165683 118566
1 175553 130289
1 20446 72401
1 105440 179569
1 29795 41338
1 47079 434
1 186266 193333
1 100810 143350
1 184316 125845
1 75801 142632
1 169070 32271
1 77169 125542
1 146765 98158
1 59363 118736
1 50684 139513
1 26021 86607
1 45932 32354
1 161976 55145
1 25580 187121
1 155865 137603
1 135985 51375
1 68076 13879
1 107303 132183
1 79077 77081
1 68280 54010
1 65401 189061
1 139612 80497
1 42053 174187
1 6114 15560
1 24508 119900
1 6461 190504
1 47638 181399
1 54162 193414
1 62391 24335
1 192897 82250
1 89054 138495
1 130226 1282
1 74767 69745
1 122593 64393
1 193218 164363
1 113069 116338
1 159373 16539
1 84254 27640
1 106640 173796
1 125940 170538
1 127199 133033
1 1015 196051
1 130997 46778
1 21948 69864
1 41878 173244
1 43765 41654
1 112901 171005
1 166077 189707
1 15400 186488
1 170274 147171
1 190712 91877
1 131699 168533
1 59309 148549
1 93579 87550
1 17641 119852
1 75038 29870
1 142116 53903
1 71235 1682
1 80408 58192
1 83651 58146
1 188590 190408
1 170721 64396
1 129000 41492
1 15851 123232
1 83855 138979
1 25087 111036
1 130143 189182
1 90145 4475
1 3890 147097
1 20924 2202
1 27434 62233
1 67190 100587
1 59619 74533
1 29625 165117
1 143833 52338
1 93502 113419
1 43797 133002
1 175645 72291
1 124957 9565
1 59475 1818
1 54940 91530
1 23891 149743
1 80591 91439
1 171215 65660
1 186482 3695
1 161608 96548
1 69867 52419
1 57620 10488
1 66804 11332
1 169008 85228
1 32462 145528
1 92422 138234
1 194340 84187
1 77888 50645
1 119166 32431
1 167310 183249
1 27239 157958
1 38707 89553
1 41888 194703
1 101783 180144
1 2375 190944
1 69576 47667
1 72450 136707
1 111826 130287
1 23216 35012
1 47296 156023
1 127441 179769
1 177651 107657
1 17524 188114
1 158691 195641
1 17121 112867
1 16563 19806
1 50568 134831
1 34490 46587
1 14379 190455
1 109390 8240
1 67911 106372
1 126100 162593
1 162824 137777
1 93893 96359
1 5229 131324
1 51395 66486
1 78649 129486
1 84124 184975
1 197723 18696
1 25437 6887
1 103392 75728
1 162907 131543
1 1816 50716
1 155902 143493
1 129670 93503
1 99663 154514
1 29388 171442
1 80707 11397
1 195925 183012
1 133895 189624
1 123332 121284
1 13198 126082
1 87005 13262
1 96090 160292
1 154227 72660
1 66823 71095
1 128274 110671
1 19998 61077
1 5101 61670
1 74071 194183
1 103050 39806
1 159152 48944
1 51820 130370
1 150957 60151
1 53441 103733
1 145584 10554
1 189006 134645
1 38524 10417
1 83543 55122
1 36420 157728
1 72147 184719
1 165113 138369
1 110095 125048
1 135955 185265
1 137761 199909
1 91998 60506
1 111759 58765
1 16969 129760
1 62465 144718
1 108076 151183
1 95013 174651
1 168472 133381
1 181537 115687
1 50403 28316
1 36862 178161
1 174835 83483
1 8466 39761
1 48650 61469
1 152047 118242
1 171922 9217
1 180106 171568
1 154603 148436
1 63726 185411
1 71731 187260
1 192354 62316
1 197781 90918
1 7255 193743
1 180310 134065
1 40791 50097
1 6299 159260
1 87914 187844
1 51070 33261
1 119690 85233
1 76882 106660
1 62538 188645
1 28020 129759
1 39810 21279
1 54229 54158
1 120125 102456
1 52934 68314
1 12134 8052
1 58499 30802
1 164977 183816
1 43010 94870
1 75590 193516
1 161661 158471
1 128691 3171
1 125246 193454
1 198674 182728
1 108330 32108
1 13560 82330
1 50961 47970
1 92319 165451
1 29301 31073
1 113366 12166
1 180505 8212
1 78375 162559
1 118092 179628
1 78153 703
1 166965 49421
1 185608 178159
1 57697 78327
1 100145 103333
1 137354 6263
1 145090 155181
1 12266 195534
1 192721 29913
1 134849 43746
1 195131 71244
1 14754 133540
1 48144 82755
1 89605 56449
1 76220 172452
1 186248 169997
1 182457 12620
1 124871 53868
1 12659 135187
1 42398 39682
1 892 130082
1 181627 69918
1 153842 139449
1 95657 51490
1 27885 36858
1 124762 15542
1 72685 162809
1 179573 197486
1 82626 17607
1 131681 56313
1 145725 56573
1 125392 52939
1 83800 43846
1 186639 158284
1 112673 175152
1 171020 43074
1 10988 190196
1 46953 115004
1 158074 57219
1 197056 91521
1 127780 166291
1 189559 1976
1 127372 170219
1 90950 157017
1 185542 135659
1 190662 84
1 31170 126367
1 177916 193599
1 121277 1861
1 145190 132742
1 139497 73629
1 53061 54670
1 190234 23345
1 99179 155754
1 180274 101860
1 168326 150145
1 15630 51647
1 74926 149311
1 182706 187705
1 185964 110076
1 23667 92807
1 29707 110826
1 148259 194020
1 186531 96386
1 49538 96931
1 121699 103408
1 89635 31154
1 100190 36030
1 113052 28465
1 70682 8126
1 94706 63987
1 175892 65788
1 165188 48532
1 70104 8867
1 84598 111612
1 64063 2479
1 120097 94386
1 136777 168979
1 182649 49316
1 166750 15659
1 52798 135541
1 87135 228
1 128423 127561
1 142450 119145
1 2507 123917
1 165197 2578
1 85650 63370
1 12354 196425
1 164316 135082
1 139724 149820
1 117232 19659
1 133145 133577
1 16680 84997
1 28568 56807
1 198554 95478
1 70596 81
1 64649 131414
1 33521 85368
1 40397 81655
1 188887 132457
1 110336 125980
1 193309 193468
1 35883 34302
1 59687 151935
1 96496 58587
1 133218 113122
1 195704 175231
1 80783 182244
1 176031 119959
1 99215 72062
1 131103 36979
1 173934 193742
1 165435 141596
1 103090 96966
1 100269 189783
1 140389 30549
1 199505 153079
1 61025 109270
1 171795 197993
1 36188 126584
1 146326 151548
1 126260 62830
1 23398 104176
1 88892 172951
1 43809 63425
1 168198 96944
1 175905 114419
1 152883 71161
1 183788 135263
1 40314 190501
1 186463 168382
1 121973 164101
1 119128 112886
1 10226 90743
1 12515 18915
1 189176 161995
1 171112 184231
1 103831 67766
1 49362 18229
1 100725 179963
1 193347 15962
1 82839 197909
1 102966 52749
1 556 180842
1 90228 42040
1 169888 104364
1 192315 124999
1 166559 102610
1 51244 18544
1 179239 20727
1 179060 111619
1 141716 197392
1 15740 110772
1 195430 137171
1 105941 143015
1 116565 71078
1 29406 131771
1 135447 89414
1 99255 90073
1 63473 151417
1 131947 47935
1 16125 10549
1 189146 64264
1 124986 98706
1 180068 22142
1 123802 185966
1 160988 930
1 141447 176991
1 181356 120251
1 27063 192286
1 35781 26013
1 117554 31409
1 50058 58492
1 161249 27033
1 113469 132081
1 56665 121917
1 44074 179147
1 79272 88407
1 73746 60697
1 104415 58206
1 12058 51831
1 27040 173491
1 133237 70424
1 138858 34640
1 99343 122387
1 162658 109165
1 149051 103856
1 125796 74932
1 73759 118516
1 152587 43560
1 89183 83818
1 24381 159697
1 183111 195893
1 91834 167850
1 444 159315
1 117925 87054
1 122469 7732
1 170131 106912
1 88149 188796
1 190740 177211
1 14653 106900
1 61888 157722
1 75856 51895
1 90308 117959
1 118902 82619
1 44461 57161
1 190196 144927
1 93428 75850
1 41435 41876
1 29706 88070
1 107441 70478
1 25381 198843
1 163293 157004
1 115787 176845
1 7830 150694
1 120286 96632
1 1486 146647
1 162921 128635
1 110106 157387
1 25706 114051
1 65701 186602
1 43616 56342
1 117654 56293
1 28311 169345
1 191935 168321
1 85041 159491
1 68295 108385
1 46966 131771
1 190106 121880
1 118303 2192
1 174927 121263
1 38688 171999
1 162458 70644
1 96180 181994
1 21235 6468
1 11885 170558
1 141126 99033
1 107900 56805
1 150556 27031
1 164029 34766
1 185481 144851
1 21638 171898
1 81432 117029
1 65137 105704
1 172852 38128
1 141224 145282
1 16984 103663
1 44337 149256
1 162873 47746
1 13178 30718
1 21745 10681
1 163622 148114
1 173295 190624
1 29720 172944
1 89950 119243
1 44287 90633
1 69331 151075
1 85858 25665
1 68858 32241
1 192238 190232
1 78019 186283
1 126398 16251
1 29641 129085
1 106794 27276
1 104131 159706
1 163538 109774
1 132718 124738
1 123820 6613
1 31098 142037
1 34061 139246
1 14068 177433
1 38324 19979
1 191219 176457
1 24093 134449
1 159815 38750
1 31108 35685
1 104159 109154
1 126200 66835
1 42298 44338
1 124386 196289
1 37520 35539
1 31381 62196
1 166209 66105
1 9176 84257
1 139901 23443
1 106994 132759
1 145014 126106
1 136437 21802
1 70723 147228
1 106190 85410
1 29014 4164
1 76364 95845
1 167456 121964
1 66350 37155
1 166019 198693
1 108914 91073
1 169848 68102
1 133275 96007
1 148098 100979
1 149698 125133
1 53010 180208
1 21024 134307
1 142716 21606
1 1498 3136
1 94682 159220
1 20686 145389
1 72127 58618
1 107741 114802
1 183902 162658
1 152825 115457
1 112828 183151
1 193713 143202
1 189843 74570
1 5051 125407
1 13832 116811
1 116353 36081
1 23568 143044
1 30638 53162
1 171102 9044
1 191610 22115
1 115600 30251
1 191668 95272
1 136666 95960
1 92176 163491
1 96242 133275
1 34097 96647
1 174397 88424
1 154616 40830
1 137786 98296
1 149069 76244
1 44013 161622
1 96621 70180
1 139599 194025
1 185269 135620
1 41972 170493
1 23790 174253
1 110973 49366
1 137753 9773
1 47551 161272
1 14204 55504
1 128882 124656
1 59885 120523
1 148062 164839
1 161311 181291
1 17091 47400
1 45354 148158
1 129608 70959
1 159520 88320
1 130599 59892
1 133261 67849
1 167830 97976
1 192141 99700
1 188152 187728
1 17365 179987
1 32518 85039
1 144826 48145
1 46200 31608
1 187590 21799
1 52919 157124
1 106045 125251
1 123592 196657
1 73322 158197
1 51697 89068
1 20847 87004
1 74992 110400
1 40397 123153
1 57565 120606
1 135984 53330
1 184347 85615
1 91007 82609
1 103431 30872
1 114466 106110
1 5722 19085
1 51668 188594
1 35553 48153
1 82346 137373
1 151775 85292
1 193188 157969
1 76608 170534
1 5557 185808
1 103810 114530
1 182669 64756
1 11871 165255
1 35823 137246
1 132158 34891
1 30447 120545
1 98138 179145
1 142539 188783
1 55922 139332
1 62702 93379
1 113266 75579
1 150400 154065
1 97506 19824
1 44977 23915
1 17806 91828
1 104199 176116
1 87029 111989
1 90407 144202
1 25205 10314
1 97569 193456
1 93623 43261
1 79934 143418
1 46295 100698
1 120845 47228
1 117526 103223
1 59756 147700
1 11396 153733
1 27284 55158
1 49447 178902
1 129129 180441
1 116017 119278
1 152256 90337
1 34657 143119
1 7281 11628
1 68408 180159
1 25374 154784
1 192351 180573
1 108548 56276
1 25366 176868
1 151106 93949
1 172960 11134
1 34407 27292
1 42733 115469
1 116609 169830
1 83208 126581
1 180515 184372
1 76034 98542
1 148150 60845
1 127198 100168
1 7555 60976
1 90686 122687
1 180415 121030
1 1230 147522
1 66520 101255
1 155568 137406
1 173375 132618
1 128359 124144
1 28855 197715
1 80903 169259
1 1757 83640
1 26588 138918
1 142007 136661
1 113305 73609
1 166721 96881
1 161029 113337
1 112054 98032
1 15137 56482
1 195356 110714
1 30748 85253
1 30867 196779
1 39995 67714
1 89823 7484
1 172355 121254
1 139379 6385
1 155432 41656
1 53952 31556
1 27579 164161
1 34302 46034
1 12367 64922
1 81914 167813
1 65708 108602
1 74337 89346
1 26424 2943
1 67276 27668
1 154530 126589
1 125836 185816
1 47632 110021
1 6391 45417
1 191756 77304
1 32948 124686
1 98602 141068
1 164227 197475
1 68861 102877
1 131920 80581
1 122106 66295
1 92089 128770
1 5932 49186
1 189405 12224
1 147034 46831
1 127400 32364
1 178742 41667
1 16988 134886
1 36104 102689
1 27682 114987
1 106458 140861
1 9681 197122
1 170916 136766
1 111230 60331
1 98682 55314
1 101956 155909
1 70260 23800
1 131861 105918
1 49758 70474
1 19650 65984
1 22561 170826
1 72263 94042
1 197746 138286
1 83867 175789
1 152057 73326
1 180918 122840
1 159045 182925
1 25507 153573
1 83310 26662
1 165960 199477
1 193674 11961
1 36019 109033
1 71955 63094
1 133287 167059
1 97112 163977
1 8039 90268
1 71908 10535
1 115970 109366
1 130796 100631
1 93344 199173
1 27645 25668
1 65995 155402
1 79333 5889
1 175809 189264
1 22752 150430
1 194105 138713
1 178693 156714
1 35060 100491
1 89329 34313
1 126854 162967
1 32180 183352
1 99237 29739
1 33851 69726
1 157553 53337
1 67134 168598
1 33027 107846
1 57067 1785
1 57019 59223
1 210 119921
1 184260 111449
1 60626 83963
1 67819 82288
1 139843 39100
1 111584 174594
1 128997 34504
1 147211 170532
1 113225 84655
1 118099 66885
1 59838 82888
1 939 188761
1 142015 18626
1 62366 97033
1 54875 148072
1 74523 59865
1 132196 18932
1 118596 154777
1 174108 178648
1 50420 16016
1 197340 113800
1 107727 104806
1 193991 48332
1 94222 63377
1 167214 171461
1 198666 120450
1 125445 9405
1 165128 174736
1 145158 169203
1 139654 93732
1 149348 152999
1 50694 113383
1 67699 98979
1 31448 143657
1 82262 79691
1 84716 164051
1 171432 25574
1 59608 97423
1 50543 133676
1 131238 92149
1 82173 120018
1 197537 162874
1 45672 14612
1 38305 176404
1 91501 33667
1 83606 147633
1 1824 111119
1 92945 68888
1 21528 56085
1 126617 52063
1 181400 110828
1 137068 148431
1 180864 111533
1 38803 163029
1 65716 79745
1 69739 27690
1 118669 70639
1 31281 43781
1 90623 185318
1 118286 147775
1 153291 105799
1 103651 120262
1 77030 67895
1 58071 76038
1 117353 65187
1 149598 106965
1 155770 162068
1 144267 64734
1 181690 25653
1 127641 64400
1 61232 122531
1 102134 110471
1 182774 149812
1 67026 136827
1 122595 15882
1 164454 101736
1 56760 9178
1 90248 63293
1 150478 178167
1 121518 79240
1 2687 55909
1 85056 25441
1 153300 53659
1 145506 70743
1 72688 179991
1 36610 152728
1 36090 171369
1 197855 153060
1 125904 157432
1 83803 183348
1 115178 102361
1 81026 38310
1 194764 146386
1 172123 152940
1 16432 28201
1 91822 175606
1 49843 13362
1 80662 59165
1 199487 139416
1 23753 25809
1 104376 24619
1 11557 67141
1 17835 178283
1 195837 191577
1 189491 152212
1 152485 8328
1 70381 115883
1 24634 154259
1 74527 88583
1 188276 154157
1 68068 57955
1 120176 142696
1 186204 109730
1 138873 119072
1 78929 190372
1 135063 126374
1 112172 132360
1 8923 196783
1 104921 180610
1 135145 91902
1 56119 32479
1 16647 112911
1 4677 150999
1 27173 76742
1 127433 44114
1 178541 45655
1 74051 76413
1 87308 145846
1 91409 194383
1 82369 157826
1 156900 148438
1 133669 169325
1 148578 181191
1 130108 141167
1 44893 107590
1 191995 47595
1 141876 152178
1 104410 15266
1 186568 92021
1 160539 44439
1 143778 190731
1 167387 172994
1 74019 100240
1 1561 194873
1 6188 175822
1 148485 76763
1 67470 118087
1 159306 47294
1 106420 68160
1 137502 44443
1 2959 44174
1 69514 156345
1 41347 166309
1 67445 197079
1 109840 126366
1 105525 29982
1 182019 27529
1 106328 74630
1 2013 14004
1 50416 13063
1 27652 23418
1 107037 142403
1 127081 93582
1 83295 74545
1 151737 87625
1 158748 54413
1 68808 13811
1 98926 188542
1 113978 26703
1 93809 177608
1 37235 2922
1 67083 118515
1 22978 195365
1 72508 80635
1 195402 145216
1 43432 24185
1 95600 108392
1 95011 146898
1 38859 62788
1 93756 180190
1 38985 131965
1 74764 177371
1 158878 169484
1 140992 186003
1 156338 180361
1 93989 100747
1 23627 105264
1 131188 63662
1 183672 97526
1 62943 84921
1 102976 99724
1 188378 117735
1 114058 26611
1 48940 108320
1 71566 91201
1 135800 132381
1 29116 176690
1 151175 187551
1 4778 159474
1 144984 176593
1 2756 49322
1 162026 188602
1 164463 1097
1 183049 199463
1 112190 113877
1 163160 5272
1 76120 7729
1 183517 138986
1 177449 45361
1 148883 132997
1 188617 38108
1 97323 110918
1 41194 94017
1 73380 44143
1 37317 148477
1 175757 195214
1 188742 187979
1 48216 44715
1 142071 11276
1 199201 161078
1 172586 171737
1 118399 99312
1 46443 141511
1 148618 146392
1 174885 87610
1 84269 98073
1 153620 57070
1 141422 126130
1 193643 188289
1 48636 152677
1 120902 89412
1 62264 162468
1 192146 153667
1 179718 99832
1 135931 161682
1 186005 194164
1 120150 28379
1 80173 188121
1 48912 21478
1 49017 92939
1 166614 4583
1 65557 151284
1 102086 8206
1 40345 8311
1 65239 106571
1 26534 23256
1 17284 31136
1 160112 151145
1 28414 161323
1 62477 48312
1 106834 21171
1 134013 20855
1 82520 170611
1 3066 159212
1 122526 89189
1 149889 67354
1 145365 125136
1 170593 52142
1 18553 174421
1 32131 35310
1 85062 40438
1 59067 2784
1 76185 36008
1 85838 158391
1 132644 123994
1 184708 190979
1 164502 56262
1 65072 177944
1 15882 163320
1 186621 97791
1 107183 187228
1 159099 14812
1 169464 47500
1 125673 154144
1 181380 14170
1 83269 45168
1 195856 64027
1 29202 125397
1 92700 41652
1 98474 198245
1 171163 72681
1 127236 35761
1 77471 197220
1 31558 126640
1 6339 83458
1 198287 96043
1 161178 113060
1 73918 25643
1 42136 166068
1 179719 187168
1 46464 144502
1 12023 55251
1 187405 169489
1 139460 188751
1 162661 94814
1 103899 96458
1 147451 172848
1 185636 105626
1 59651 58276
1 94553 79125
1 24219 163947
1 5127 18825
1 102071 74773
1 161891 71198
1 49677 188127
1 59216 125192
1 52675 198208
1 180976 151601
1 166038 177
1 7529 5158
1 96268 78908
1 66617 188992
1 174491 78086
1 195773 190614
1 101083 4639
1 166270 185505
1 190698 182600
1 121406 137071
1 62622 9926
1 158081 71245
1 95920 149414
1 80607 20462
1 41382 198034
1 132040 192737
1 193601 95187
1 57112 164402
1 161833 138790
1 145565 168414
1 164693 46404
1 24871 146237
1 82495 92332
1 57296 171051
1 100744 75572
1 133195 88055
1 117031 41360
1 67313 150288
1 146071 151905
1 4105 122668
1 123329 1985
1 32856 68794
1 71080 19726
1 85866 106635
1 48468 152181
1 63519 114108
1 136128 32065
1 169529 77735
1 177735 123428
1 129125 137994
1 61773 169477
1 141447 46456
1 175850 92554
1 49547 111231
1 4060 122727
1 64041 102169
1 171245 19367
1 104248 129878
1 94113 34107
1 181366 196297
1 93093 62785
1 9750 72050
1 36340 102998
1 66956 167724
1 196748 32926
1 52053 89816
1 2641 30867
1 167754 165642
1 191615 192909
1 138214 72114
1 1685 43153
1 170325 38348
1 70208 22108
1 19519 24588
1 4230 160625
1 50261 129924
1 136372 27489
1 178715 51736
1 199177 99162
1 111799 67940
1 88036 84787
1 164601 88876
1 132716 107767
1 95979 43844
1 166014 141552
1 53978 34305
1 8668 100598
1 185509 176735
1 151443 77879
1 134150 67508
1 110253 101513
1 118302 199125
1 28889 146478
1 153990 390
1 43864 174886
1 95251 43432
1 6825 129083
1 53800 286
1 195318 106505
1 112835 60800
1 160447 37900
1 72832 25348
1 197768 55854
1 6386 11689
1 86463 156369
1 86052 10790
1 59312 125530
1 53802 140306
1 110380 15935
1 97326 70549
1 196919 178770
1 53943 102606
1 25521 183437
1 94076 173062
1 76359 59040
1 161321 182933
1 21915 168057
1 16624 154899
1 70832 120723
1 155988 198914
1 21211 61506
1 193842 61562
1 189926 155133
1 6737 35796
1 154950 150957
1 42539 163419
1 54271 24565
1 193276 129456
1 104918 29634
1 4938 71036
1 113335 126612
1 158262 120091
1 81640 5966
1 8322 193158
1 168366 27003
1 59746 199618
1 148030 82401
1 48775 184136
1 53607 51209
1 143146 56564
1 111101 5391
1 114774 93745
1 172617 194663
1 57401 23524
1 179951 173297
1 103916 90776
1 51103 94591
1 182017 22698
1 179264 185379
1 168652 58998
1 108185 157886
1 161653 128961
1 35202 132806
1 91836 128168
1 142347 130903
1 105166 67273
1 184427 145790
1 27719 57328
1 189995 156162
1 188167 32452
1 121875 62387
1 181370 84658
1 125333 49591
1 8995 84826
1 121401 115090
1 183273 122233
1 84745 170165
1 88356 103447
1 21566 75082
1 129257 123506
1 193514 135359
1 111380 8490
1 169254 153105
1 85397 44782
1 37246 100059
1 115646 57830
1 102876 198239
1 91660 8930
1 179763 156692
1 124659 193987
1 42285 198640
1 186031 127337
1 69974 88056
1 145288 94108
1 151305 3781
1 152741 196414
1 91164 133784
1 159701 127985
1 99848 26337
1 130393 143621
1 143387 167117
1 161973 88612
1 181921 41358
1 176057 27201
1 114895 62191
1 2826 114430
1 177650 129048
1 84406 153436
1 159256 14558
1 149369 177513
1 7613 67534
1 132617 48933
1 134393 137147
1 68520 152693
1 8423 47174
1 26282 102795
1 60697 13166
1 169221 128085
1 49402 186904
1 198617 50277
1 24323 123872
1 193088 153249
1 196258 144352
1 173208 126316
1 94567 56895
1 135374 108820
1 140273 174846
1 25004 167741
1 15321 115903
1 155942 188813
1 6493 87
1 33377 10714
1 74511 157206
1 198405 62353
1 156287 136020
1 119621 54504
1 178662 66814
1 15852 261
1 116308 80480
1 88234 141040
1 83740 161781
1 53471 108726
1 87549 57260
1 174055 64160
1 158996 133565
1 64038 184083
1 93825 88813
1 125142 122313
1 75671 74718
1 94542 22384
1 94344 15131
1 129109 23776
1 103631 169953
1 130919 150147
1 45664 18737
1 37190 9919
1 126605 22037
1 100549 90408
1 20345 134705
1 6609 138212
1 134402 182029
1 162817 15582
1 179947 174559
1 172000 130415
1 107592 148382
1 11639 166986
1 122349 186564
1 29792 165479
1 96152 152802
1 77960 44849
1 55518 160171
1 41860 8435
1 49939 141050
1 133656 100544
1 176126 185189
1 192067 116387
1 46844 68678
1 99599 181638
1 90931 77958
1 114199 192934
1 145018 157933
1 48729 113975
1 101894 82727
1 57855 153555
1 133080 166681
1 10344 74601
1 18533 87141
1 105916 195811
1 132423 74234
1 126447 42712
1 65058 126431
1 83157 109043
1 122008 37376
1 185703 124387
1 1585 188730
1 112852 27973
1 197125 61731
1 163276 76175
1 62571 138078
1 176521 12030
1 106215 86110
1 162143 97153
1 92559 173688
1 53893 75559
1 196095 84525
1 98531 183814
1 25790 145911
1 43294 11886
1 119472 184916
1 173794 150606
1 165373 164242
1 25583 111140
1 154753 51802
1 11431 92522
1 195509 80319
1 138327 15807
1 42781 151751
1 157828 160403
1 152116 156859
1 122103 37463
1 167956 47788
1 124299 37604
1 7530 165383
1 142135 70187
1 55066 103002
1 54551 34333
1 127407 22758
1 141439 93467
1 185478 121000
1 515 19936
1 164538 2786
1 37184 45933
1 22866 157423
1 48687 88054
1 149610 76679
1 20331 125323
1 25247 182863
1 6848 44873
1 111999 107620
1 49463 159426
1 191216 109289
1 85919 172137
1 119903 91855
1 34333 161794
1 127020 44325
1 65271 41481
1 108436 10080
1 129693 63650
1 182174 10156
1 2169 165442
1 86346 52275
1 9529 33435
1 22455 144237
1 8794 29005
1 67667 9385
1 81206 28746
1 25416 186394
1 165585 125386
1 131557 142565
1 128161 49649
1 154187 92202
1 127260 66302
1 65369 48593
1 84870 145141
1 191641 120535
1 134586 95566
1 128556 123480
1 158648 118431
1 115955 80479
1 92912 118728
1 182464 76332
1 153230 42077
1 141180 144324
1 56582 180953
1 186650 194111
1 60194 35968
1 134779 181710
1 82761 125397
1 29091 24140
1 88850 136382
1 18268 94855
1 18633 59316
1 172136 95502
1 150337 27952
1 37677 154044
1 64282 130130
1 128540 141189
1 17685 98706
1 198883 59904
1 152726 138476
1 145364 169782
1 130616 16776
1 115284 74922
1 1943 20648
1 142216 67626
1 117017 64533
1 83773 174740
1 108991 53771
1 189143 79084
1 162923 46884
1 146364 135901
1 86962 145219
1 29697 61837
1 12643 62849
1 63381 20710
1 118552 145309
1 53996 127970
1 15036 31839
1 98223 51670
1 136925 144333
1 7458 113090
1 152053 74002
1 109909 115608
1 170867 24683
1 19919 131146
1 96783 188884
1 121272 189657
1 87181 54067
1 7174 89948
1 116753 4291
1 35050 125581
1 108004 102850
1 23099 111257
1 3718 145374
1 172130 16169
1 97205 56990
1 92296 125933
1 180667 189325
1 24637 38121
1 157822 81069
1 135466 151746
1 68804 140761
1 58745 101833
1 117830 56058
1 124099 180233
1 183927 91822
1 186234 59790
1 122324 5429
1 24471 151350
1 118765 106078
1 93319 67132
1 151796 164529
1 149713 62978
1 13638 130719
1 10827 116063
1 81592 2791
1 22206 140137
1 46179 85961
1 42263 4613
1 25779 944
1 66383 115884
1 157356 139355
1 177629 47744
1 147389 60045
1 162010 41231
1 28554 110069
1 144308 20262
1 121588 16992
1 79255 118554
1 43884 123166
1 196761 77459
1 14712 73906
1 149989 15834
1 31428 122750
1 160938 7332
1 94060 44141
1 97540 167775
1 68041 181602
1 95595 63164
1 67706 141089
1 33435 114237
1 47604 82941
1 166659 172864
1 156237 112066
1 66865 130893
1 25541 8867
1 42494 57948
1 144726 103014
1 28534 17131
1 41214 44238
1 50954 84735
1 143754 40202
1 167673 51703
1 90213 113372
1 121980 159897
1 144929 67531
1 199921 46999
1 154180 15245
1 98123 61666
1 196566 8495
1 74359 44978
1 56874 24455
1 103889 187668
1 147564 52124
1 1864 8820
1 50026 184979
1 199887 188461
1 114213 141213
1 11910 92943
1 40985 142751
1 141480 74160
1 116874 165922
1 157174 183350
1 196178 51132
1 192867 30051
1 2984 137087
1 23361 122849
1 10291 106144
1 101804 42128
1 72207 150058
1 52405 157774
1 156319 16164
1 133842 19335
1 104660 60799
1 150851 155581
1 135548 171973
1 166791 98328
1 158606 125438
1 95873 47089
1 167221 95972
1 152101 124827
1 115739 147146
1 131303 14964
1 3063 96008
1 190694 80810
1 41178 118569
1 157780 52305
1 40246 66329
1 186793 23268
1 4655 65353
1 163977 180633
1 124455 27556
1 164018 51434
1 11845 33463
1 80042 168161
1 33285 139164
1 159656 58531
1 59590 135528
1 132290 193088
1 74639 128085
1 60503 81914
1 131874 117746
1 172413 148884
1 99014 80905
1 167085 1949
1 109840 32209
1 100078 82364
1 143858 84630
1 40703 35966
1 94982 165541
1 187913 78621
1 109147 22396
1 123652 45843
1 53697 21361
1 181928 46624
1 31378 40609
1 189591 135896
1 91458 79772
1 66568 158000
1 93288 96078
1 188151 123977
1 112909 94385
1 56843 50366
1 63924 124850
1 133192 134699
1 61930 130976
1 42742 114046
1 192271 11356
1 1361 154562
1 27941 163133
1 126066 164586
1 113177 103619
1 128894 129882
1 73808 102398
1 38157 141052
1 20788 184191
1 75677 47553
1 55806 26176
1 131128 182582
1 94661 149583
1 101347 147273
1 117960 118337
1 140169 161500
1 164728 164500
1 110695 21961
1 143114 32932
1 151225 154742
1 143739 155090
1 188900 59291
1 183780 138738
1 79972 61521
1 11649 89268
1 103929 44317
1 123772 180181
1 117582 25277
1 108030 24391
1 131370 32434
1 114233 184478
1 13338 149966
1 152175 70140
1 76510 127296
1 41735 54270
1 110099 56413
1 97297 89512
1 103009 152049
1 145048 160719
1 140070 98630
1 5671 119750
1 123873 116468
1 168990 150602
1 197795 170730
1 153015 23217
1 168819 46908
1 123348 55056
1 197185 65837
1 194508 41964
1 22862 185086
1 12597 83812
1 112857 40823
1 8883 89180
1 178253 91893
1 95233 39341
1 189353 108980
1 184575 185547
1 21807 61535
1 197437 156598
1 37009 2006
1 25352 26341
1 17560 9983
1 102258 27504
1 140183 140880
1 111398 59708
1 6159 144987
1 132971 133036
1 103524 82267
1 170616 74502
1 183808 79742
1 41529 172836
1 64198 17651
1 70241 35420
1 6586 126773
1 196145 196529
1 20270 127192
1 156295 65723
1 4080 101972
1 93099 156564
1 1202 104592
1 20885 168197
1 117114 138224
1 57090 119088
1 47755 15521
1 1017 34238
1 5331 94756
1 51160 6476
1 65045 122458
1 102372 34193
1 150682 39055
1 49745 37779
1 22228 24777
1 130767 171531
1 157843 96658
1 71894 160662
1 115435 63876
1 161202 181085
1 175589 1429
1 45970 121350
1 134565 1699
1 133837 60956
1 29148 172673
1 98550 99197
1 185199 50754
1 33761 139651
1 105703 45188
1 142966 153972
1 12442 119169
1 82678 107437
1 195225 163026
1 113995 58828
1 46555 141189
1 69589 139997
1 176298 5281
1 83762 129928
1 168332 185399
1 54925 43961
1 114164 81707
1 136938 104719
1 16234 75330
1 96240 196808
1 160633 149229
1 109303 39788
1 51223 171287
1 139732 124921
1 91994 55404
1 159395 41680
1 55896 132139
1 50005 53534
1 81055 177197
1 194490 150924
1 144471 121397
1 154832 31659
1 61556 826
1 21964 22170
1 171872 109107
1 100136 57018
1 120872 12642
1 138477 146131
1 162917 92516
1 74883 28232
1 136750 78327
1 162230 49720
1 179324 140621
1 20683 27446
1 157534 13520
1 162627 142956
1 84190 172982
1 367 80715
1 108978 98439
1 162549 90294
1 160104 106988
1 183073 140527
1 105164 157818
1 54000 173186
1 138715 185087
1 121048 78768
1 53997 60492
1 143388 42590
1 174558 9923
1 131662 98495
1 56317 9955
1 123109 152767
1 140473 172433
1 187073 189233
1 151880 68841
1 110333 40443
1 69273 134534
1 163508 84929
1 55613 38478
1 26135 45711
1 17233 166657
1 140334 174986
1 187375 177858
1 182699 110233
1 20053 139558
1 194167 157968
1 90710 182205
1 116407 80029
1 75584 199648
1 122784 52406
1 129997 92090
1 78075 128450
1 34893 74840
1 140217 31174
1 191507 34933
1 193338 154323
1 92959 90881
1 24730 107247
1 149132 91698
1 166974 182017
1 24635 146062
1 77278 69568
1 178496 112119
1 158034 110046
1 11147 25016
1 178849 120560
1 143768 110671
1 62408 138529
1 162011 150459
1 101255 85144
1 62758 191496
1 14514 20391
1 95453 21784
1 143223 75509
1 86813 192372
1 69867 105518
1 154791 148051
1 171994 113321
1 95186 107433
1 177294 54298
1 120818 109555
1 21406 79289
1 192067 49986
1 70651 114290
1 53851 181959
1 110071 39246
1 117519 118622
1 40023 167969
1 18723 52509
1 131867 2230
1 83320 166303
1 197771 248
1 57649 101707
1 2051 24226
1 158182 59050
1 47362 119145
1 100813 199145
1 195951 26279
1 357 21995
1 49069 191243
1 22245 190291
1 115041 13376
1 112676 191248
1 92672 190043
1 97546 78954
1 25950 186889
1 15414 153035
1 56437 138487
1 128433 53905
1 172786 132099
1 36051 39891
1 29062 31011
1 37492 37874
1 154923 199956
1 51094 179298
1 48117 108038
1 50513 632
1 137884 190982
1 37183 91702
1 127750 21804
1 93864 92500
1 114713 82053
1 6256 125457
1 115905 157955
1 65087 21179
1 195135 6820
1 88881 19643
1 88563 57184
1 39552 118372
1 25131 14039
1 198254 79549
1 150764 90426
1 79671 44109
1 33344 56440
1 46198 103335
1 31425 24299
1 4822 109109
1 174628 194756
1 89660 195657
1 124169 39028
1 159091 119585
1 78657 50845
1 120344 73403
1 95905 95928
1 165767 147866
1 147335 44296
1 67717 193943
1 20778 13246
1 171503 192363
1 114662 118318
1 78115 199867
1 4231 172466
1 162925 145253
1 154326 70877
1 87156 133002
1 130466 46883
1 189285 4957
1 195345 199430
1 111904 169578
1 29351 4228
1 128866 31338
1 183638 140926
1 90547 124678
1 115974 171244
1 190801 147817
1 189478 187456
1 73180 126987
1 147571 26712
1 8643 71099
1 163848 181032
1 121327 1773
1 183015 183334
1 79726 116932
1 90951 7031
1 132577 100065
1 107870 116186
1 58858 30956
1 94768 38995
1 36240 150819
1 43353 63195
1 32693 173664
1 159639 14214
1 197691 63983
1 67419 179189
1 168242 155856
1 55185 172221
1 156868 33161
1 192558 192662
1 91492 78385
1 192954 1160
1 127668 107256
1 39837 118291
1 177461 23290
1 32046 24606
1 196917 105989
1 26298 136163
1 19828 6888
1 159570 82520
1 178071 114494
1 25112 83617
1 136912 79804
1 190346 117428
1 21965 173879
1 46863 175628
1 28256 152505
1 127106 129426
1 36719 71686
1 69757 104072
1 36509 197801
1 4520 118967
1 72184 156484
1 120066 87836
1 197348 174360
1 142702 69455
1 140744 193553
1 10625 123700
1 168055 35094
1 50059 159909
1 35873 156687
1 58723 143838
1 29563 42999
1 45752 55659
1 143723 612
1 84950 12239
1 140089 23508
1 71029 157303
1 104946 120122
1 139720 27102
1 135007 60617
1 103236 171649
1 20837 34112
1 94127 67142
1 66238 70710
1 195947 132328
1 171992 149416
1 46402 163238
1 133323 16961
1 96884 99372
1 40001 99049
1 194879 168194
1 139488 160848
1 151662 82100
1 69500 143740
1 101925 99713
1 128571 148050
1 138411 50183
1 131144 139746
1 63545 181743
1 144444 131701
1 61442 50581
1 170634 116059
1 36227 101627
1 162602 194095
1 9293 21038
1 16007 195565
1 141520 15864
1 113772 41336
1 137642 145543
1 78828 52581
1 11568 150429
1 90386 72140
1 50812 115258
1 91784 180495
1 68536 114951
1 164427 45419
1 102249 165444
1 51343 146751
1 110463 158516
1 135278 101018
1 139036 27463
1 114839 22730
1 159138 169928
1 84468 115490
1 42754 82632
1 169692 139
1 8898 38922
1 43578 70606
1 70799 126129
1 123517 199328
1 113667 161574
1 160834 167983
1 119736 181326
1 155455 93740
1 145997 92395
1 183025 49114
1 15992 20561
1 65735 96022
1 122381 12044
1 143632 195046
1 189710 32016
1 180067 127494
1 109875 77025
1 83341 20977
1 16123 188675
1 139584 175533
1 154931 87781
1 138809 176410
1 34438 142729
1 15090 91388
1 98822 31287
1 54858 64070
1 174202 91490
1 65009 59881
1 61352 144091
1 148312 75101
1 57637 52341
1 159768 95151
1 100250 130360
1 91362 20300
1 138009 77130
1 162983 49805
1 79520 196762
1 128648 195523
1 160300 128206
1 183488 13509
1 14338 96944
1 53584 122743
1 29882 190740
1 172588 93980
1 99212 42957
1 4452 181983
1 112607 149584
1 139221 199198
1 164240 147881
1 62865 109368
1 87424 50589
1 171019 11545
1 63777 156126
1 191495 158147
1 70785 67446
1 133634 147295
1 126168 34478
1 177053 193476
1 91535 53054
1 43856 112007
1 118225 149242
1 1676 94979
1 5653 51130
1 154673 4586
1 106092 137098
1 123121 51789
1 191049 111827
1 116932 179752
1 79439 13130
1 186638 53426
1 130206 133144
1 47310 12707
1 171872 92105
1 129352 97926
1 186065 104120
1 159924 57729
1 37518 153722
1 89256 99234
1 82207 187274
1 98436 124204
1 165191 50997
1 103644 166626
1 166731 38982
1 113131 174739
1 143297 130036
1 72758 110183
1 115163 3275
1 78653 199529
1 133363 19737
1 33257 64596
1 41241 91674
1 48370 7331
1 61467 3557
1 145937 50963
1 95893 157079
1 43558 184955
1 179833 14720
1 7273 195472
1 80415 31565
1 166614 85106
1 153680 113526
1 106389 54906
1 171983 162793
1 123112 125000
1 139113 90102
1 46040 147783
1 62975 112572
1 64801 81348
1 107089 11923
1 79197 7791
1 24845 176507
1 21487 125296
1 67417 61893
1 29168 97006
1 156 110976
1 1695 89436
1 148051 94503
1 152196 199109
1 89171 841
1 137829 89816
1 144985 145720
1 8301 161079
1 10330 99958
1 43545 154749
1 107720 44124
1 40101 29646
1 140770 19405
1 84023 183395
1 175039 51547
1 168202 58581
1 148572 26295
1 48284 12969
1 75811 75487
1 179676 13853
1 135166 93186
1 96334 2675
1 117916 89527
1 139072 152635
1 134595 171104
1 106483 85669
1 133143 115801
1 47746 97735
1 68458 148901
1 65302 176811
1 85828 41945
1 186125 42140
1 165940 64138
1 127207 30643
1 161944 64309
1 174323 28509
1 164073 119662
1 92218 77358
1 25930 102540
1 122922 2412
1 178194 161042
1 581 153813
1 144791 39648
1 72394 18418
1 71741 145435
1 47524 156000
1 119872 31001
1 35794 13276
1 81598 195858
1 173783 49551
1 166793 100547
1 22563 46875
1 114027 186660
1 61056 145956
1 3450 182477
2 152628
3
