200000
1 3683 111072
1 169764 191217
1 76803 100971
2 113632
1 31271 96477
1 119584 150620
1 136005 100465
1 147804 169069
1 154915 131286
1 56224 174496
1 152835 48270
1 143926 35192
1 194673 151659
1 9962 44776
2 50687
1 75232 168611
1 195921 172351
1 3232 197567
1 106628 196033
1 198816 136621
1 15989 63822
1 12960 118607
1 100108 168165
1 87719 184080
1 69105 8117
1 105219 84994
1 198693 42076
1 40515 184637
1 148067 106142
1 5938 116852
1 185912 25576
1 130837 146585
1 133919 89158
1 110120 91634
1 184288 122210
1 18836 181052
2 66475
1 52259 2165
1 196264 80688
1 53471 46282
1 9344 187137
1 158838 119356
1 59638 168683
1 93374 187348
2 60416
1 7055 118556
1 162204 42373
1 74300 133594
1 125531 192795
1 99247 100102
1 115442 170559
1 75116 94414
1 168615 67158
1 150704 11418
1 20588 68323
1 104109 114345
1 118723 175945
1 133446 172079
2 63569
1 54415 89102
1 127831 24320
1 153757 109694
1 77557 127834
1 71051 106677
1 127106 151843
1 57002 171380
1 91631 4151
1 115669 129368
1 40665 79781
1 33807 15129
1 120719 77387
1 94749 48452
1 56390 50354
1 169637 147509
1 129561 1964
2 144583
1 133175 194693
1 69382 51004
1 37714 68389
1 47869 32750
1 136852 48234
1 163037 55383
1 78685 189150
1 5079 63389
1 165487 139674
1 79106 51693
1 122823 129349
1 7960 24342
1 88249 106511
1 156527 118504
1 1099 61869
1 199348 120269
1 10067 166486
1 196525 153704
2 25492
1 30905 113840
1 18737 191253
1 112930 9695
1 69997 123139
1 28205 174694
1 98486 77961
1 6202 10678
1 51895 174958
2 59902
2 73671
1 137647 97749
1 29820 116162
1 83742 165
1 68491 13209
1 191097 100482
1 3980 74328
2 172622
1 78154 17041
1 78245 47311
1 164938 119958
1 60434 20081
1 114894 194690
1 37783 14922
1 85442 188830
1 70108 165738
1 184963 191961
1 198329 28666
1 47801 125436
1 56314 179220
1 88625 193898
2 31129
1 137473 167998
1 158148 11128
1 131664 2577
1 168090 69021
1 175174 95895
1 178204 22321
1 98939 75732
1 182862 191611
1 83637 76797
1 176666 30041
1 199850 129243
1 115182 8383
1 179895 24605
1 185240 82549
1 173024 143422
1 122079 92555
1 44426 38424
1 124068 165662
1 71031 161671
1 113786 130128
1 79937 67842
1 82115 150852
1 52761 7798
1 55948 167192
1 93761 123044
1 168106 45223
1 106951 103549
1 191125 151934
1 148227 172795
1 64644 1245
1 63060 26819
1 8715 122418
2 188631
1 64680 188273
1 15558 36200
1 28286 56662
1 103933 40989
1 45424 2179
1 165653 95423
1 12754 133459
1 138785 145867
2 105213
1 90429 69711
1 104865 193227
2 13036
1 150445 166155
1 172711 38445
1 52939 89208
1 80731 20167
2 186334
1 15830 142946
1 80917 117851
1 45387 65444
1 164360 8785
1 33071 32918
2 98448
1 9070 168401
2 40416
1 37453 161939
1 58074 121045
1 174731 22207
2 162464
1 102736 168554
1 127884 12024
1 46638 87678
2 125087
1 193538 140284
1 150769 185620
1 10686 88758
1 113838 127646
1 134274 118307
1 53537 96060
1 146140 140138
1 128629 139445
1 47803 70259
1 13771 14935
1 56037 153919
1 50832 68976
1 49336 38281
1 45533 181965
1 171489 64733
1 159060 114098
1 148250 144888
1 27192 33690
1 156648 86177
1 199821 90736
1 99284 83079
2 28272
1 169427 54377
1 43857 133241
1 123471 168943
1 152020 85135
1 138028 116454
1 164646 87499
1 70665 35270
1 199941 39888
1 125126 178997
1 195192 157930
1 108509 101768
1 65412 105126
1 102080 154943
1 70255 145842
1 56820 116731
1 65396 42037
1 157805 63298
1 86855 167856
1 140971 95925
1 191626 99094
1 57045 182224
1 188688 195880
1 136788 76707
1 183953 81109
1 132594 58576
1 26670 80273
1 98034 32453
1 118438 105524
1 187442 93690
1 146457 95701
1 85184 21101
1 121724 15847
1 28090 49501
2 149916
1 162797 9769
1 145009 160983
1 90214 140190
1 183627 69016
1 74956 82702
2 197996
1 190819 107513
1 164265 94269
1 115200 136353
1 198151 100474
1 57049 95818
1 124306 108936
1 44591 67280
1 65444 112723
2 56383
1 127472 105523
1 122953 185116
1 161472 13207
1 33907 194190
1 118464 182655
1 13942 14954
1 199024 158062
2 120321
1 86609 83053
1 151113 112742
1 18343 193230
1 71631 189020
1 72095 79044
1 63112 63794
1 48141 189489
1 147080 176150
1 101106 44425
2 85931
2 103553
1 116008 32355
2 71573
1 77294 171827
1 73016 173346
1 177541 108081
2 29155
1 66683 137163
1 167033 40681
2 33047
1 39044 107644
1 18846 68553
1 9683 35001
1 20690 197670
1 118855 29115
1 41112 15230
1 78140 64752
1 111691 188409
2 16729
1 69631 147446
1 111104 128557
1 19791 93907
1 8162 184394
1 170237 179011
2 14622
1 72543 75347
1 1455 42583
2 10720
1 14044 144260
1 142919 156600
1 72819 14706
1 50832 165453
1 78451 127701
1 182402 175239
1 118928 140158
1 145036 32008
1 118670 185234
1 186344 62574
1 103426 140326
1 117362 80588
1 85064 58328
1 36869 162020
1 165567 172399
1 2519 155177
2 168909
1 5373 125207
1 165230 133519
1 70383 117317
1 172104 16863
1 142738 34065
1 67299 169100
2 13505
1 149073 138678
1 56709 183383
1 32165 167444
1 85289 157876
1 125280 152327
1 79708 154739
1 63360 60715
1 188368 140777
1 165136 133708
1 178712 65378
1 146787 26627
1 77575 109463
1 13652 73550
2 81292
1 179171 102332
2 188664
1 119048 145621
1 16775 115587
1 166732 38078
1 160371 164730
1 177561 139407
1 129126 132271
1 21988 105207
1 42567 154678
1 197564 8320
1 91725 11238
1 100678 20396
2 10905
1 31167 64247
1 140537 60308
2 9116
2 45616
1 45898 182796
2 1508
1 23081 113222
1 86149 46013
1 114269 19247
1 17894 26865
1 81352 50209
1 3113 185870
1 6236 173455
1 184658 75551
1 137879 198937
1 109705 86370
1 170626 80105
1 99701 31045
1 62506 33299
2 51545
1 171119 64029
2 31296
1 20173 163716
1 20140 83507
1 96162 27638
1 35392 10954
1 60276 103242
1 38769 126538
1 104747 53250
1 173562 130172
2 100043
1 178408 41830
1 156872 120557
1 176673 70890
1 75873 177018
1 9119 97026
1 1275 157353
1 177834 15375
1 761 22138
1 99176 162223
1 64114 4083
1 49880 63902
1 124749 134425
1 29264 61261
1 67291 126257
1 53235 154305
1 108981 116664
1 16950 29166
1 96279 55969
2 180948
1 15330 180220
1 106557 80143
1 197151 86714
1 7715 124137
1 68711 55648
1 128856 58594
1 83678 191117
1 26511 145011
1 43056 194324
1 182818 13323
1 7128 174606
1 98343 17417
1 33425 116863
1 20817 36922
1 11290 117293
2 180425
1 143711 128880
1 140281 45965
1 149649 32392
1 14296 131401
1 198321 91019
1 175300 18932
1 156722 50773
1 128119 236
2 81507
1 185309 70893
1 91702 91274
1 91314 181147
1 44742 90624
1 87482 2421
1 169388 95501
1 70722 67103
1 186586 5252
1 127644 37427
1 65028 33825
1 112625 64436
1 53984 64480
2 33506
1 173201 67364
1 122180 9062
1 151242 23036
1 2478 55136
1 51479 58058
1 165529 39040
2 165925
1 58601 75189
1 5940 46201
1 124052 105269
1 46234 5970
1 16634 139018
1 60019 64896
1 68033 138395
1 174749 155587
1 56880 147977
1 50241 147943
1 110094 115681
1 1099 82527
1 143997 54306
1 135211 124513
2 39769
1 150831 65741
1 139284 112012
1 61535 129621
2 160890
1 158983 145675
1 57529 31570
1 28357 183893
1 91666 45831
1 72055 121533
1 164680 60291
1 109588 125367
1 10287 25325
1 15845 161548
1 106085 19175
2 110915
1 182215 179370
1 178426 7629
1 42284 22140
1 65764 2536
1 150798 195767
1 97192 168956
1 100896 9196
1 27002 144171
1 174888 46656
1 107858 9939
1 125626 18311
1 159116 56646
2 44785
1 176080 26755
1 188360 59055
1 187230 111661
1 175608 101269
1 182114 90424
1 81169 153733
1 147229 152358
1 172646 169112
1 133086 5286
1 76081 25242
1 26046 117492
1 101992 37645
1 140186 130611
1 58398 51613
2 128977
1 89944 177372
2 55091
1 168250 59522
1 51410 68066
1 64648 93872
1 98831 96090
1 188555 159413
1 42256 39085
1 12300 146411
2 139818
1 77757 80486
1 137035 29829
1 131939 41248
1 68327 179033
1 40653 54917
1 175242 143982
1 90836 35205
2 70121
1 164510 72748
1 181643 177002
2 95305
1 39345 174186
1 118123 196144
1 182121 128432
2 144389
1 118369 13773
1 86351 168894
1 184474 9889
1 125940 163927
1 165661 99252
1 112724 47939
1 43132 103807
1 172948 47269
2 55946
1 17725 6035
1 10268 159381
1 113818 141888
1 120640 183912
2 151731
1 34978 71399
1 33548 72720
1 144988 32630
1 182049 39869
1 2378 42482
1 146317 21258
1 90696 133779
1 190378 19586
2 178949
1 118879 189209
1 130163 149881
1 3690 38044
1 133968 53739
1 172464 189880
1 58233 182755
1 159026 18443
2 143993
1 114164 89802
1 132748 87428
1 105361 54496
1 160816 97432
1 144482 61805
1 66037 172885
1 165068 118896
1 79233 147801
1 190885 77038
1 164371 192480
2 198484
1 130214 169472
1 42494 44138
1 80313 142573
1 73285 15039
1 198252 69582
1 159744 114833
2 161279
1 169149 88719
1 43922 40228
1 96862 166637
1 171155 17374
1 58812 192364
1 158200 56474
1 111649 2028
1 103200 192526
1 85650 51932
1 17996 132624
2 22185
2 196843
1 44985 98593
1 60916 172087
1 25722 79184
2 157143
1 95053 193087
1 137430 30235
1 171227 100866
2 121603
1 172114 199319
1 86554 6227
1 38474 64501
1 39715 162552
1 41115 111727
1 170894 82113
1 185856 147902
2 142307
1 42313 191581
1 138223 31740
1 138854 84000
1 133870 73088
1 182185 81624
1 150691 21791
1 3497 164758
1 197332 147151
1 101140 68610
1 31000 24197
1 54318 198720
1 194863 63479
1 159566 55683
1 82916 182608
1 80214 159665
1 107937 106740
2 42290
1 161324 59603
1 93984 26900
2 1875
1 102998 158175
1 24051 68783
1 11391 97037
1 119225 155089
1 84481 158095
1 79287 217
2 77387
2 63623
1 101998 109716
1 113455 9609
1 30399 180072
1 113335 187015
1 79224 97785
1 199966 183912
2 163015
1 167750 160785
1 158178 11921
1 7433 114798
1 35197 126255
1 43028 146650
1 193131 25262
1 9294 86374
1 63786 140870
1 152548 97442
1 59312 142042
2 77756
1 12843 57221
1 20700 192055
1 112423 117475
1 75728 108717
1 165411 115532
1 49670 125029
1 135876 91307
1 31321 116179
2 15856
2 103920
1 172181 103657
1 10979 45442
1 99568 34365
1 129298 159730
1 38215 74342
2 121562
1 178025 53725
1 41196 5775
1 46328 161548
1 45676 192275
1 175006 10886
1 55642 43124
1 181957 59147
1 33845 124805
1 64209 73002
1 177054 198719
1 76030 51836
1 27346 188314
2 150075
1 173580 87722
1 164499 84615
1 79921 166353
1 21160 171593
1 183910 47236
1 197503 27316
1 151852 179855
1 100214 26524
1 146842 54470
1 146373 198483
2 127675
1 180839 149569
1 122247 62121
1 34215 136273
1 80319 35626
1 49607 129327
1 42383 93899
1 198754 185442
1 102415 39739
1 34860 4602
1 168309 159147
1 67853 908
1 174737 88099
1 101499 30128
1 163654 181094
1 66711 58104
1 31115 80266
1 155529 90994
2 85730
1 56809 30366
1 183158 87831
1 134370 45474
1 52659 168188
1 138074 76410
1 54396 180323
1 109425 199748
1 58190 196956
1 120408 30513
1 71022 59056
1 176847 187746
1 33989 164766
1 79581 80386
1 19896 32981
2 76624
1 145181 161804
1 168940 158391
1 170385 173689
1 170641 166621
1 59927 99916
1 38011 16135
1 150313 130754
1 176366 13873
1 154957 172451
1 117678 194884
1 83978 64796
1 35737 194651
1 113324 131168
1 57285 163448
2 90619
1 175558 33946
1 62703 2488
2 16497
2 167295
2 95896
1 191653 129966
1 199107 58501
1 58601 131291
1 69153 111378
1 104195 42055
1 9960 78973
1 90743 58909
1 48667 49835
1 176193 122760
1 51696 117599
1 17045 48902
2 111653
1 32311 106454
1 186477 64546
2 158117
1 35609 193211
1 199408 114402
2 170269
1 13305 167034
1 149530 117900
1 91361 22920
1 20543 122046
1 172068 181586
1 142811 19275
1 99153 168343
1 189219 150052
1 155910 134676
1 114213 128564
1 70733 20486
1 170685 174327
1 15797 42272
1 120343 2970
1 56565 36111
2 79847
1 38392 196157
1 169514 163302
1 37252 171166
1 13859 8783
1 98639 103389
1 72904 96921
1 121842 94482
2 130566
1 179622 45972
1 175812 94382
2 83334
1 132237 124945
1 138419 121111
1 193377 199646
1 102447 45998
1 25985 136174
1 124271 137358
1 38472 128152
1 86214 120574
1 13073 24190
1 133673 97259
1 153354 70924
1 98217 192449
1 118487 66163
1 60337 154628
1 114537 145959
1 103363 106357
1 139423 106903
1 130223 143906
1 62238 123500
1 197141 92749
1 194988 80581
1 166300 177856
1 50705 150129
1 128050 64688
1 49072 87533
1 128389 96145
1 55459 122655
1 67842 44217
1 143319 88915
1 96846 67321
1 12711 188085
1 29250 108023
1 154363 149647
1 29354 69648
1 76962 104068
2 73024
1 20613 16942
1 157417 50597
1 118282 146705
1 86910 27170
2 113032
1 69067 151376
1 19574 45971
2 26296
1 57758 81488
1 158602 92639
1 175427 27834
1 166774 97509
1 192448 17926
1 58264 172400
1 75484 134554
1 58855 85532
1 140201 154888
1 14592 15290
1 189764 72049
1 159166 41488
1 142733 179612
1 161368 184014
1 162855 125138
2 123515
1 198806 41907
1 114745 120104
1 161187 138056
1 90038 97680
1 19533 38711
2 20217
1 168371 141068
2 187127
1 52516 160108
1 166345 182741
1 76569 39177
1 114031 167456
1 43282 99910
1 78572 68615
1 184080 71151
1 85533 40606
2 3369
1 155861 88250
1 152699 72746
1 41651 193879
1 95249 70060
1 48515 58653
1 115354 193461
1 70246 130757
1 183888 88081
1 12665 148630
1 119050 64882
1 45616 66975
1 34110 95876
1 122416 18552
1 162235 85589
1 42354 117493
1 92326 184932
1 178965 172651
1 181301 102599
1 4035 147175
1 149673 154242
1 60553 72299
1 127376 157990
1 88816 151083
1 185979 42663
1 75359 26120
1 191932 49025
1 58997 122892
1 53859 69901
1 86242 134630
1 178233 163359
1 193607 23080
1 47292 38243
1 176079 195709
1 66461 158647
1 44940 110255
1 65144 18891
1 47061 21401
1 3539 151352
1 177951 45417
1 190298 109341
1 56922 33305
1 140760 178496
1 45839 77934
1 185 1188
1 75192 139121
1 161215 79590
1 19167 37741
1 19010 96094
1 134906 95338
1 15468 129459
1 99909 60264
1 162996 26494
1 159521 188511
1 189915 135971
1 86189 181621
1 134372 181740
1 93667 182719
1 102680 188391
1 63989 73149
1 43001 182017
1 180968 111696
1 102534 62819
1 151409 131390
1 5936 29517
1 12430 146600
1 160730 68274
1 165862 125514
1 79127 116116
1 176356 118580
1 130399 178271
1 45649 145736
1 71891 10698
1 191921 93619
1 48690 185324
1 103071 41008
1 59548 141981
1 96044 133946
1 196806 14478
1 158773 80785
1 42365 111913
1 148803 38000
1 22111 21932
1 93160 80333
1 145879 122499
1 29975 85265
1 66264 95141
1 187587 20185
1 40861 33585
1 49468 148077
1 69023 192521
1 177478 119936
1 66264 36974
1 20027 190184
1 65910 27997
1 157091 165215
1 147362 33129
1 137426 90810
1 158195 185370
1 74114 125096
1 198701 42565
1 183665 49902
1 5054 186924
1 194364 199778
1 47355 79641
1 119932 48677
1 36119 27638
1 5793 20837
1 30757 150511
1 22094 530
1 130512 155274
1 184756 15136
1 48471 95558
1 185970 152574
1 68557 183347
1 174828 111957
1 67600 154641
1 178666 146691
1 48905 31021
1 53107 138393
1 117861 52920
1 56298 30291
1 191250 157865
1 158825 176599
1 74557 129109
1 18524 93616
1 140746 11916
1 156575 154892
1 53140 10295
1 14683 180531
1 103270 55151
1 15006 198858
1 150266 199904
1 19194 170376
1 18033 169183
1 30432 88055
1 154131 156296
1 126845 156654
1 108744 144668
1 125460 137549
1 197398 32282
1 145629 146170
1 86429 59164
1 46877 7066
1 28881 16692
1 145798 102611
1 56886 58311
1 113873 33024
1 77153 13481
1 18970 108277
1 63917 191674
1 175484 85172
1 15676 128192
1 162221 59824
1 68976 69190
1 49564 130561
1 54634 174581
1 86153 169383
1 385 31217
1 121189 9028
1 45573 75893
1 18154 68180
1 1653 125426
1 164604 120175
1 152958 100196
1 168449 130753
1 127223 176822
1 170750 85512
1 174490 132121
1 58867 68623
1 56708 134304
1 188856 165289
1 153583 194014
1 7705 76337
1 180078 99907
1 134447 151872
1 116649 184371
1 25791 162735
1 155419 112808
1 148056 66319
1 37897 106698
1 153000 28709
1 122757 105292
1 150686 171627
1 97955 4106
1 169670 17412
1 58810 98529
1 110817 127870
1 182749 160334
1 6660 150286
1 6939 162634
1 1267 3655
1 33781 94693
1 151742 131420
1 53983 189857
1 199771 111895
1 121594 173138
1 16197 1177
1 22928 133299
1 77717 110356
1 64528 138571
1 92830 9222
1 68427 2049
1 95822 194872
1 181870 91324
1 71426 172087
1 31169 6271
1 127530 116177
1 135841 134403
1 151070 183186
1 9082 72918
1 60480 40384
1 88393 16628
1 117650 85205
1 155919 93348
1 2906 41020
1 124376 9813
1 193652 27087
1 41006 125240
1 61623 33999
1 71961 181408
1 145356 123491
1 179097 19609
1 198987 64597
1 120293 57798
1 3991 92363
1 138021 160126
1 138108 182658
1 9325 172328
1 64007 54033
1 44156 75797
1 100645 72475
1 46133 1822
1 17535 44181
1 50781 147391
1 50069 85882
1 6805 159987
1 112793 82700
1 165081 167056
1 67278 91021
1 100600 102053
1 1442 11901
1 178773 176466
1 123273 171989
1 37407 83495
1 144090 194372
1 11533 10944
1 119918 50729
1 180253 37856
1 173559 195921
1 114638 137165
1 38559 90866
1 64091 15916
1 69089 160232
1 70009 44509
1 197292 38575
1 54612 157976
1 180086 67809
1 119301 6664
1 86558 44145
1 37143 9448
1 181829 168999
1 31868 99229
1 58606 157726
1 4298 82579
1 4693 162811
1 8250 62555
1 157773 48880
1 161955 48963
1 83101 115312
1 136499 114999
1 185308 43700
1 191215 62424
1 198283 162351
1 193964 195739
1 80115 14221
1 145485 160036
1 86144 70578
1 150718 141538
1 26140 139313
1 23602 149998
1 46032 60619
1 65113 198367
1 118871 155433
1 131941 153521
1 36100 146460
1 9085 110294
1 20118 145236
1 57858 104412
1 109722 32414
1 69569 179136
1 126017 132195
1 47801 136273
1 13889 74205
1 5454 109001
1 142449 118043
1 59533 79657
1 56544 183992
1 60515 81363
1 20086 23896
1 174744 175789
1 77966 107364
1 89616 17139
1 193427 179847
1 38916 133660
1 165721 44776
1 29565 71089
1 45950 110505
1 52178 169513
1 132994 161312
1 77475 26250
1 100900 187733
1 136405 45820
1 161021 58940
1 111439 173295
1 23841 7860
1 114997 76015
1 149172 56128
1 7780 27013
1 197578 192772
1 32751 76368
1 169411 5891
1 10200 138341
1 113381 116952
1 161873 96100
1 119226 177842
1 168628 67547
1 29869 93780
1 36353 158368
1 52128 145741
1 99607 111721
1 100048 198260
1 95029 13167
1 173165 62503
1 160881 107972
1 12531 17476
1 131897 34673
1 74893 48680
1 7242 194260
1 172971 124648
1 52014 75704
1 90978 92941
1 195579 2870
1 158020 90131
1 112200 96460
1 128 10980
1 164913 120123
1 109116 113425
1 125902 71526
1 136113 108242
1 157807 44329
1 160455 56128
1 7643 39350
1 21809 185999
1 124107 25783
1 170570 147152
1 165409 108511
1 162929 65191
1 182446 124306
1 155746 34953
1 122915 155512
1 135254 111673
1 65814 477
1 196508 134339
1 196088 193227
1 175608 41081
1 95765 108266
1 137276 87534
1 114765 27736
1 14502 111408
1 147218 181381
1 75769 100618
1 173282 143121
1 183135 115449
1 108677 128872
1 121470 67693
1 15370 31261
1 45848 19971
1 45886 139205
1 161385 24386
1 156205 131799
1 12667 58900
1 109981 11202
1 190733 169286
1 33735 9486
1 62116 48898
1 49752 184310
1 162289 113868
1 74024 131140
1 26340 65850
1 7354 40431
1 96336 108920
1 7669 8242
1 61632 380
1 186400 69357
1 175961 77446
1 35427 180801
1 2929 92891
1 89277 7078
1 122735 120706
1 71233 63056
1 102052 145727
1 13717 187970
1 139177 11023
1 138925 153970
1 35257 122596
1 170500 33183
1 62865 128546
1 165659 98991
1 62406 83354
1 177526 95244
1 1638 20614
1 126420 167681
1 129043 159045
1 76526 11600
1 199388 196376
1 2546 5462
1 114781 146525
1 93121 103970
1 131481 110539
1 107239 76818
1 97813 128941
1 121690 14512
1 56696 102243
1 136245 16972
1 135713 45462
1 4150 148955
1 23303 64187
1 108406 187599
1 78424 100939
1 74279 185207
1 101707 190593
1 27987 43033
1 160007 168597
1 102228 94861
1 85497 112631
1 110671 20061
1 95217 75919
1 39477 55899
1 145277 128435
1 35132 76738
1 114249 142440
1 55769 59601
1 128245 194909
1 22273 35940
1 14776 129574
1 68386 42067
1 74548 158645
1 10909 75408
1 147675 187167
1 158149 70140
1 99458 187981
1 58717 61066
1 164483 196480
1 186893 166551
1 167641 54921
1 193957 118217
1 195318 71880
1 194647 129318
1 65639 50148
1 18031 96247
1 2987 48075
1 177749 153245
1 130640 82092
1 195141 26099
1 74384 196530
1 156493 67174
1 180523 174531
1 112968 84561
1 47621 93048
1 173082 164445
1 123778 66782
1 15595 113623
1 97632 65581
1 178152 55634
1 137173 67080
1 62647 124800
1 183018 189685
1 105977 117644
1 130454 84126
1 262 11707
1 73438 95880
1 29861 185667
1 63852 198418
1 137034 72683
1 12399 60529
1 2963 14819
1 89331 12842
1 127237 134182
1 159744 94673
1 114371 174542
1 49976 18880
1 139856 111416
1 72044 18523
1 98630 172121
1 23487 126914
1 96663 43615
1 6526 9431
1 140738 11787
1 111102 306
1 26905 164238
1 196023 104353
1 107506 115107
1 148513 49189
1 106410 145837
1 180942 139370
1 40161 11089
1 16903 182022
1 119667 111510
1 188713 72180
1 175476 134778
1 48513 187793
1 25903 193239
1 100775 20120
1 92959 180151
1 118680 41499
1 191790 102004
1 179991 84098
1 181869 177877
1 3974 46023
1 92563 36772
1 188800 191217
1 98427 198036
1 17786 174352
1 182936 93394
1 111322 120761
1 39419 12969
1 62550 172996
1 172359 84316
1 138385 174787
1 28595 133566
1 77042 10884
1 33537 146965
1 102407 153226
1 24893 81967
1 186521 83015
1 84984 40836
1 114448 186077
1 182662 13773
1 62345 84951
1 99575 167012
1 64182 19746
1 78418 188126
1 47542 121168
1 50263 193509
1 12468 30351
1 149493 5529
1 34245 123942
1 110793 67752
1 43005 193201
1 5209 179883
1 177171 155038
1 13201 90884
1 30581 4200
1 131965 164343
1 92077 62866
1 25735 61701
1 48309 93095
1 98674 192335
1 15255 79280
1 155287 131946
1 138825 134838
1 198494 178558
1 22664 27322
1 132480 77541
1 37939 177777
1 199611 44993
1 188394 13316
1 11926 140829
1 199080 183304
1 56023 103175
1 102941 132795
1 3009 129517
1 93839 35711
1 150099 162294
1 76915 153883
1 77630 91043
1 15815 137262
1 155494 39207
1 69171 178997
1 81244 185092
1 181280 38657
1 74457 65383
1 131224 689
1 46334 27397
1 176095 119863
1 191499 90807
1 115153 99080
1 67550 198866
1 111613 124004
1 15533 6986
1 196289 149896
1 111238 137481
1 24103 122736
1 68229 168396
1 114431 104786
1 112726 196478
1 86461 35800
1 197549 16599
1 22869 111901
1 80259 4598
1 157717 55659
1 85970 182333
1 188674 175026
1 127700 197742
1 54583 164172
1 184 159684
1 84986 191600
1 180069 118419
1 3936 101748
1 40050 158371
1 82531 115208
1 18598 157578
1 54145 47791
1 169645 145352
1 132504 13184
1 11355 189928
1 99007 85404
1 188260 11092
1 139943 61361
1 105307 25208
1 198963 39664
1 149291 130267
1 171989 115787
1 85652 169530
1 61930 4082
1 31079 163430
1 10967 149070
1 69827 98336
1 138020 59902
1 129874 27379
1 124889 61009
1 145791 88337
1 97431 101252
1 110777 189361
1 68921 64189
1 89901 43880
1 116523 56904
1 176959 58503
1 55818 67921
1 69643 164469
1 67901 149218
1 15002 159116
1 65811 62429
1 3239 145913
1 67679 112253
1 124115 119631
1 189968 18505
1 121382 54635
1 113172 33625
1 101641 158414
1 14958 144526
1 76800 132791
1 153942 169932
1 188460 18304
1 72145 39097
1 94017 132028
1 80018 113019
1 20164 15182
1 44944 76973
1 191368 161355
1 77544 162531
1 27434 53140
1 65973 70816
1 45834 117037
1 71790 85589
1 102987 89379
1 98240 105435
1 57422 60444
1 84780 136947
1 198186 41471
1 14563 96957
1 93040 135
1 77984 32758
1 198109 105699
1 65925 2550
1 6431 4177
1 13689 18986
1 120717 70330
1 62849 142542
1 57569 158928
1 128926 47150
1 61240 69798
1 136934 31709
1 105805 168400
1 129190 154294
1 31217 76731
1 11639 98899
1 168142 91471
1 169119 115211
1 161117 161155
1 70315 163312
1 149476 15488
1 29130 81736
1 121461 23802
1 129068 93066
1 92772 102667
1 136795 3677
1 98952 102609
1 129497 93068
1 166262 148553
1 81787 8141
1 23225 22317
1 127238 114100
1 184276 107787
1 16520 121842
1 73659 56359
1 67768 107474
1 117455 23378
1 170002 190134
1 110682 43915
1 135468 27214
1 13387 70678
1 102045 164633
1 65651 152603
1 160848 73824
1 120640 102017
1 84964 14960
1 75065 139788
1 173638 173912
1 30010 86963
1 44050 70882
1 58416 68293
1 177383 89878
1 47064 29246
1 85449 16364
1 99380 60517
1 174267 91600
1 110670 168042
1 86237 98588
1 152945 39741
1 183235 23121
1 117221 126320
1 27927 98775
1 31402 81808
1 116017 176758
1 120055 107392
1 131253 2837
1 20276 192088
1 189485 143282
1 29366 97469
1 37223 39073
1 63802 4033
1 18768 133897
1 23461 100221
1 96722 22748
1 122426 127789
1 89515 45270
1 195995 104588
1 191182 17721
1 131972 36017
1 150783 13960
1 94085 197801
1 39402 19073
1 155007 50581
1 199300 95199
1 184162 179142
1 80101 182863
1 64230 117590
1 23204 108081
1 24583 155785
1 185012 132946
1 135813 163749
1 91391 158889
1 60315 134799
1 40385 151184
1 56639 82984
1 153831 158852
1 102426 178342
1 28008 119007
1 117001 184694
1 139811 86932
1 35796 139153
1 94906 164844
1 141294 103901
1 198574 14464
1 27245 86278
1 172028 93686
1 148811 2589
1 57207 3456
1 62493 58737
1 79974 16210
1 84690 18668
1 53984 21283
1 22959 111280
1 67495 115623
1 23434 146610
1 171650 36427
1 173444 11094
1 177054 48113
1 64075 74124
1 74406 178541
1 179279 11691
1 191008 60672
1 91844 138572
1 196619 171412
1 40089 66152
1 45623 86840
1 56823 168885
1 137957 171485
1 14460 43390
1 122463 195153
1 154553 101441
1 12314 27514
1 91498 10126
1 39177 155158
1 187253 31645
1 38148 64369
1 133477 106928
1 189275 175848
1 112040 183274
1 36980 78237
1 108166 12270
1 14700 41210
1 96292 69692
1 46763 199210
1 6649 170888
1 185801 149652
1 66191 78876
1 72673 138074
1 92285 40432
1 163892 16402
1 27555 37255
1 72641 25668
1 22247 162957
1 187554 174757
1 37102 180847
1 133353 11154
1 169694 137914
1 153019 188303
1 157970 62968
1 108332 48705
1 126621 56902
1 129116 71849
1 14852 190074
1 172690 21795
1 82742 11828
1 119127 146143
1 145103 38723
1 1236 33630
1 396 145595
1 195311 51824
1 161104 83604
1 64802 154604
1 107031 56261
1 151326 91313
1 94009 65761
1 3616 58139
1 11938 118513
1 64273 15112
1 188432 111955
1 160482 101261
1 159437 195027
1 85928 104115
1 115119 25992
1 38390 15543
1 88845 44337
1 189305 88385
1 50820 192592
1 91672 111524
1 98986 130694
1 146060 153430
1 30544 43119
1 138109 143664
1 149694 158464
1 156639 169641
1 59114 148384
1 62923 106511
1 197242 89284
1 75297 84231
1 97916 89358
1 39965 190791
1 69859 142375
1 159672 168208
1 98179 143195
1 87618 159216
1 74126 148213
1 84286 35959
1 16657 5979
1 38589 18744
1 169706 133100
1 52286 195204
1 19596 121176
1 130372 69155
1 20277 88191
1 179641 28115
1 2094 140878
1 61443 179461
1 194691 130582
1 195813 82389
1 152837 41389
1 28697 180488
1 44477 44234
1 41322 117516
1 66546 1884
1 98519 149995
1 183774 91308
1 44198 124945
1 57964 10803
1 1350 184639
1 140022 36349
1 180329 23247
1 62076 134974
1 162016 94506
1 68840 154805
1 62135 119047
1 42625 124927
1 141843 53158
1 37677 42238
1 161035 64012
1 11244 109035
1 41668 189505
1 721 103736
1 103504 94919
1 61443 113450
1 904 167900
1 126772 115381
1 158887 120627
1 160096 184409
1 103274 175726
1 11977 144316
1 79527 131295
1 33457 2441
1 53738 47680
1 75864 65224
1 7574 75441
1 66551 107711
1 86394 177
1 121405 184520
1 134195 117279
1 85833 140595
1 101634 86386
1 120040 31391
1 85102 114742
1 193872 176020
1 17499 186889
1 194845 192099
1 72107 117205
1 49931 67201
1 43285 22736
1 113524 18912
1 179845 71025
1 22091 53840
1 72052 132404
1 181528 106773
1 141639 151057
1 60982 195465
1 28972 45497
1 4298 171636
1 34611 84049
1 35461 114921
1 77482 51826
1 156509 167203
1 52669 43681
1 186760 48289
1 62861 62156
1 122810 141631
1 35215 160069
1 165663 69270
1 13543 144834
1 125403 116950
1 124037 18645
1 119233 65697
1 73151 47592
1 199634 158698
1 93488 69628
1 192311 56719
1 10256 142883
1 64769 55988
1 26645 104379
1 45216 140448
1 118665 39853
1 163169 177948
1 198380 85605
1 85613 130250
1 118093 138643
1 138558 108547
1 88228 182434
1 81123 7285
1 17714 113208
1 104503 173884
1 178844 120495
1 38686 157630
1 180996 116690
1 91521 27724
1 175977 138970
1 57546 125943
1 79105 103082
1 198051 28847
1 115989 127433
1 99819 90723
1 94621 179551
1 182905 76629
1 181660 47154
1 114068 9916
1 132861 156449
1 197299 142175
1 20719 37474
1 99954 14127
1 92222 4344
1 149012 69349
1 76659 184952
1 169280 189852
1 65198 171005
1 46774 144881
1 151809 102696
1 106130 120857
1 101455 25629
1 38531 189059
1 86310 173179
1 131532 194799
1 21657 138971
1 76924 176013
1 28258 170060
1 63594 94937
1 107703 94285
1 68852 33782
1 149290 167307
1 104056 96394
1 159559 47964
1 27731 119897
1 192104 84156
1 136793 45413
1 84828 74758
1 92565 50693
1 60344 151478
1 186947 91268
1 6333 149790
1 129483 113725
1 67820 122278
1 30783 145396
1 181029 127049
1 111511 148727
1 183943 99596
1 53803 191542
1 155012 111488
1 31410 43807
1 32387 153915
1 71930 192446
1 119163 199762
1 23464 160468
1 70285 18843
1 132977 73653
1 33185 15905
1 190168 167463
1 11205 98664
1 6185 169977
1 120387 193507
1 45366 75681
1 102401 196979
1 90769 48154
1 141725 84897
1 194443 85820
1 67209 26846
1 143915 69980
1 48228 34937
1 140273 46503
1 30234 98594
1 137421 182010
1 141822 129630
1 81690 194308
1 189350 178314
1 138976 182431
1 169030 40788
1 133769 11691
1 5264 95543
1 127586 109421
1 101579 84471
1 198741 67111
1 46578 10652
1 43046 181240
1 189840 134195
1 153707 198646
1 81561 177858
1 32720 160969
1 120075 50763
1 143179 173643
1 119045 71236
1 113179 73054
1 118888 194004
1 104904 64334
1 115436 115153
1 183510 196583
1 169029 162745
1 132106 56792
1 129911 51631
1 123489 11657
1 155254 184375
1 9293 94329
1 104577 165876
1 186674 107997
1 185280 84513
1 180065 189428
1 187229 136781
1 154644 116911
1 34592 53339
1 187114 36032
1 48654 58490
1 168036 152385
1 171075 63777
1 92512 53000
1 188879 91213
1 155348 101319
1 129486 73151
1 198670 193897
1 11851 123248
1 103403 102315
1 5270 38744
1 94997 81464
1 6627 29791
1 66753 195401
1 93606 171553
1 7720 154171
1 155565 6312
1 70149 130994
1 178878 33189
1 145680 50925
1 67122 164720
1 79481 14187
1 90832 75073
1 20903 29629
1 175661 113646
1 160498 196908
1 58436 167207
1 149727 48206
1 61137 23472
1 149851 123812
1 128115 73053
1 59258 81783
1 176898 95251
1 25457 9714
1 139821 77758
1 179666 84482
1 92248 197646
1 21638 7084
1 67765 86518
1 65360 113966
1 99425 46886
1 110913 9561
1 15682 156744
1 52471 78766
1 137054 35321
1 102746 121912
1 29118 2313
1 123864 166698
1 34500 127925
1 66976 149050
1 55817 158820
1 39773 1404
1 102778 122655
1 65717 36674
1 130996 130966
1 133505 179571
1 37983 115152
1 81422 158058
1 109128 46385
1 132372 89361
1 164675 17649
1 18486 73662
1 87423 199515
1 18746 191310
1 47659 129093
1 1482 15937
1 80584 1742
1 187115 2517
1 198223 56989
1 153788 192293
1 113862 161944
1 16050 129924
1 71006 15843
1 94034 84949
1 98127 91611
1 193711 16110
1 189815 36178
1 113830 108461
1 175727 25164
1 23511 134682
1 40943 106938
1 116390 46655
1 91940 11062
1 75314 174020
1 40976 167551
1 62100 88910
1 139746 159541
1 123610 28761
1 63574 143384
1 121349 140692
1 28238 110718
1 24129 29949
1 189490 190610
1 62051 87742
1 35205 47700
1 172009 186119
1 97737 46925
1 81005 19948
1 41300 141970
1 132907 144385
1 144307 11708
1 162804 42996
1 25408 76774
1 164594 147499
1 163071 197927
1 163998 15518
1 766 65617
1 65727 20343
1 133996 86570
1 34150 111208
1 31801 171178
1 101990 199692
1 74224 142390
1 175063 56449
1 104977 65883
1 9422 74373
1 33138 12813
1 103254 18384
1 189080 23009
1 118130 18545
1 50002 22344
1 82967 120364
1 62677 44046
1 68644 39635
1 105438 24210
1 25572 136227
1 193540 171656
1 86535 112417
1 176348 191724
1 92572 43573
1 11986 13385
1 118482 165831
1 153477 105450
1 18480 38936
1 120355 78878
1 79442 4131
1 52870 80690
1 103910 50997
1 152078 10731
1 27431 10377
1 121599 188226
1 177560 58151
1 190109 123044
1 112516 118783
1 128582 107497
1 176180 174273
1 123919 184787
1 56497 105983
1 5155 114379
1 44987 189190
1 164056 88919
1 970 26042
1 137619 72159
1 177284 162417
1 164382 118433
1 173503 193297
1 120839 138546
1 15609 140205
1 56124 184951
1 83924 108124
1 40804 57635
1 109974 20892
1 7169 15923
1 178273 145702
1 79876 192871
1 182639 4114
1 108783 122179
1 17297 32365
1 114801 34309
1 180841 145752
1 185471 134440
1 65701 77028
1 140975 123545
1 9342 186092
1 86041 95673
1 180337 50226
1 30513 5075
1 80636 90558
1 44063 102879
1 25179 142195
1 150944 189239
1 14596 102770
1 4641 108825
1 139169 43508
1 98457 60829
1 102285 123171
1 109608 87224
1 175825 104825
1 149742 12848
1 22304 156
1 57325 182945
1 93393 185401
1 6498 169073
1 58652 148767
1 61793 197648
1 191895 157342
1 138672 169524
1 59250 102048
1 132837 139282
1 114864 163208
1 83267 135391
1 17575 132425
1 121425 163528
1 78203 175625
1 128572 19248
1 14935 116982
1 140783 79081
1 70381 158760
1 149617 88053
1 176239 139960
1 165119 21118
1 122061 4064
1 194666 67667
1 7664 71060
1 152307 181670
1 12663 11360
1 145445 91587
1 37169 142658
1 79219 135633
1 24155 10058
1 92114 50126
1 118555 42097
1 139608 155591
1 41533 129335
1 144789 87255
1 152365 199616
1 107506 136801
1 70324 17520
1 138825 189711
1 27191 125188
1 68740 172748
1 152302 69044
1 108409 165888
1 13857 185543
1 70980 7692
1 184232 132406
1 110951 21061
1 177252 53445
1 40671 183540
1 119992 41118
1 137351 82510
1 159245 103919
1 169585 191792
1 196294 103814
1 170178 15455
1 161151 153386
1 89679 166718
1 44684 171132
1 134454 35087
1 195632 43983
1 141247 118319
1 37916 13893
1 149811 66380
1 17129 141803
1 26044 190312
1 5336 97174
1 125502 10579
1 146952 184702
1 53748 135653
1 197305 127322
1 141007 29562
1 46400 177405
1 105420 179570
1 68682 156657
1 166484 164392
1 189142 163090
1 48601 47282
1 51117 147053
1 92974 37978
1 26019 79002
1 34343 40603
1 48275 132310
1 16050 43422
1 53335 2916
1 115380 196342
1 7686 46053
1 122087 52569
1 115122 84150
1 95156 166177
1 130657 90698
1 27660 100227
1 69130 187209
1 192652 39759
1 101523 139112
1 123473 56104
1 32330 181834
1 15641 100420
1 49314 124502
1 49883 161767
1 90160 43737
1 68456 65052
1 181029 14942
1 124483 142388
1 28940 141580
1 190269 144387
1 110791 170752
1 33109 24024
1 9030 138283
1 108303 195516
1 64328 99566
1 157971 67694
1 60566 151219
1 48265 72925
1 29565 133903
1 156146 39782
1 143563 11798
1 176713 145103
1 189901 75326
1 32026 23299
1 99143 193015
1 18978 49168
1 95540 90442
1 179432 30879
1 42240 141616
1 152603 52978
1 193091 143541
1 151661 100900
1 152319 125006
1 87535 150364
1 171036 94136
1 33838 169810
1 153890 17554
1 168525 109190
1 153848 55291
1 2788 78974
1 6683 161072
1 143768 81600
1 54178 197856
1 53819 192591
1 57969 85265
1 128615 132777
1 136379 55159
1 6678 12417
1 87740 91858
1 162052 123898
1 83382 161993
1 28615 63780
1 124011 147781
1 177454 50875
1 77660 175120
1 133017 142812
1 183936 129837
1 42649 163722
1 57799 128122
1 58952 46753
1 147601 180485
1 98475 185945
1 38761 11115
1 62278 52223
1 178951 93240
1 76927 27567
1 150853 188858
1 14326 106196
1 58656 187111
1 147875 107620
1 166578 89458
1 177458 115031
1 74094 139689
1 96668 45671
1 46365 126801
1 128199 137293
1 215 149188
1 24031 112250
1 18629 9034
1 108149 10452
1 4502 20919
1 115800 176562
1 90943 90692
1 150514 144538
1 1399 179633
1 67621 107386
1 153394 179803
1 21094 61541
1 184477 193433
1 142233 138383
1 111962 184156
1 36974 18315
1 198525 79750
1 51260 126979
1 11463 35467
1 74204 163961
1 25314 189895
1 135304 70205
1 129437 170654
1 106995 111150
1 32937 24346
1 81387 114677
1 165459 14146
1 116589 77247
1 166788 124023
1 145353 56570
1 164855 27411
1 169015 9427
1 89081 47108
1 54265 81070
1 40358 189478
1 179442 30182
1 174690 145760
1 185093 185606
1 83286 199233
1 111282 3528
1 160941 23707
1 148717 110221
1 17231 112479
1 85824 155484
1 183196 81018
1 27299 109024
1 88171 109679
1 55962 57052
1 138180 156917
1 65934 42161
1 112348 115092
1 162031 114578
1 133584 160571
1 143178 7750
1 20388 23908
1 98470 40735
1 31485 178539
1 148004 194297
1 72732 57003
1 88790 71606
1 174365 129434
1 18016 50808
1 26608 47015
1 65229 166303
1 131606 168018
1 153972 30469
1 47839 152267
1 147404 96055
1 100194 111695
1 135692 37173
1 67325 143743
1 122119 6380
1 20943 189698
1 130119 8178
1 5043 82269
1 52648 90115
1 88959 186256
1 155510 107515
1 7804 95667
1 150410 134356
1 46055 86418
1 42082 31905
1 145832 86341
1 113728 8011
1 4945 62804
1 77957 78666
1 54043 79306
1 113358 125159
1 69468 69784
1 1102 98672
1 26636 177325
1 135980 148284
1 137017 77459
1 23327 148961
1 12488 65548
1 93448 196147
1 195054 17709
1 74384 143487
1 49007 19386
1 184771 188167
1 85 126339
1 102252 85119
1 20916 51326
1 199665 102152
1 194012 85094
1 124785 180779
1 98783 126419
1 130908 12889
1 129925 59163
1 118931 15650
1 182412 107689
1 90432 139572
1 156005 57755
1 95671 128277
1 12843 12449
1 68110 146019
1 195622 5587
1 22970 166858
1 91265 133330
1 117419 20294
1 85063 98147
1 91113 107739
1 179491 158088
1 66607 113426
1 98713 167265
1 97224 150454
1 82880 57794
1 23337 32142
1 108930 166165
1 180814 82076
1 13526 13234
1 12312 107094
1 126460 183484
1 16997 4516
1 113849 148799
1 151793 177883
1 53077 59527
1 2733 67640
1 90002 39812
1 31134 97375
1 302 137180
1 69880 185108
1 64539 5775
1 30139 34490
1 187774 81490
1 113805 101516
1 56486 25893
1 36249 108186
1 147662 160759
1 192551 106437
1 105942 24635
1 115453 187261
1 50109 9227
1 53941 151417
1 738 115645
1 120416 166135
1 73852 77444
1 72858 47478
1 156119 3977
1 95342 60465
1 127505 15754
1 177581 23389
1 75924 153651
1 139017 190181
1 95509 167674
1 171896 161637
1 82446 146688
1 137158 140261
1 198584 65254
1 22202 50391
1 160396 143085
1 154349 173267
1 124218 57873
1 177063 34002
1 137130 156391
1 55867 109032
1 53618 62582
1 98597 61063
1 61976 170067
1 161569 115696
1 42889 86912
1 23182 84603
1 92634 116742
1 102789 96587
1 85502 17424
1 179059 60362
1 190216 132491
1 25086 65579
1 109986 40380
1 31638 164705
1 120397 35042
1 125081 180506
1 22299 20173
1 93293 65473
1 85866 130429
1 46361 199539
1 159394 109758
1 160099 158081
1 92786 94531
1 53360 144806
1 175431 185730
1 139161 43594
1 51469 124111
1 69961 46647
1 123754 144380
1 38111 135002
1 172536 92657
1 163009 115262
1 175170 44679
1 142653 76740
1 29249 164970
1 189159 130470
1 8472 9902
1 92271 91885
1 113614 16497
1 28097 83120
1 60426 139827
1 176098 23439
1 66005 107698
1 123656 22511
1 56843 94794
1 108794 29239
1 183202 179660
1 76969 1483
1 24672 193372
1 99086 46856
1 86615 163920
1 62213 164736
1 11298 134087
1 28584 17144
1 18597 59271
1 131568 131679
1 8321 36059
1 118536 52944
1 61078 180907
1 2163 163722
1 127485 83997
1 190624 196846
1 117125 14891
1 34187 38266
1 134189 166917
1 91543 37701
1 150690 27434
1 124458 60475
1 20282 82370
1 152072 86554
1 62768 54398
1 105075 88492
1 175906 51699
1 51522 139334
1 47369 147059
1 102721 184961
1 19512 12589
1 193672 5113
1 77079 43079
1 183647 19203
1 62432 66810
1 110609 96371
1 121179 59117
1 145806 37389
1 191830 16597
1 106823 140874
1 185512 114125
1 110020 108047
1 84966 140657
1 103369 175721
1 50214 139392
1 87082 160077
1 57907 34098
1 20075 186574
1 87633 175895
1 63835 84318
1 53811 158001
1 154738 10953
1 43385 141075
1 47082 190703
1 91759 163771
1 116251 12802
1 125571 184620
1 57627 189632
1 50885 80976
1 22036 58417
1 75364 43852
1 138278 150499
1 119976 805
1 85503 32357
1 107243 101651
1 188345 153027
1 198172 80484
1 79541 70784
1 144502 16851
1 34869 22809
1 185085 165033
1 50046 78008
1 38073 43539
1 100590 6902
1 35191 141893
1 131803 87830
1 192573 192591
1 115054 103934
1 175437 27133
1 180222 16632
1 75869 129012
1 159153 47337
1 103828 34698
1 2767 195664
1 5576 58086
1 52967 10690
1 169783 104025
1 187495 115749
1 190340 79995
1 172983 155882
1 152179 187466
1 102295 82127
1 99495 188927
1 157113 110229
1 92379 101362
1 133088 152125
1 59166 44721
1 109369 190793
1 138771 7003
1 103226 160497
1 51432 116867
1 90233 123172
1 137814 128706
1 92431 96065
1 16218 174299
1 135341 137365
1 101747 167830
1 143743 106901
1 74651 86166
1 51775 177631
1 163081 24061
1 12443 52462
1 52007 29954
1 26379 134555
1 67281 31376
1 24557 90523
1 153166 32226
1 104610 31797
1 81299 42524
1 162669 128323
1 82996 98860
1 183689 57580
1 153069 56481
1 88907 65185
1 31505 152332
1 86905 129365
1 21393 28629
1 37929 48513
1 43824 162848
1 117534 41943
1 192325 130656
1 55200 2501
1 42354 189627
1 9242 106286
1 55972 177312
1 26361 179621
1 45066 43365
1 6146 151530
1 71514 31716
1 143155 98729
1 139713 77399
1 26974 85423
1 59561 69938
1 70402 130479
1 134769 181954
1 98155 196981
1 187817 180612
1 64780 53929
1 115020 4999
1 171930 109127
1 24385 123077
1 100779 147037
1 67604 128894
1 155792 94726
1 71281 81750
1 193072 31525
1 49122 93873
1 44710 17253
1 188235 32205
1 47900 151855
1 161698 89376
1 193961 187244
1 57715 173042
1 157159 22653
1 132307 55805
1 185177 84216
1 172324 154819
1 145852 78308
1 62538 167983
1 88300 24567
1 133548 159151
1 98745 88655
1 145646 2833
1 12938 146222
1 151469 50269
1 92017 32891
1 76283 12530
1 77712 87286
1 170012 115620
1 118316 43322
1 151041 24789
1 96079 26808
1 64835 6226
1 142627 95538
1 48739 152945
1 182796 85622
1 106305 88424
1 156806 118045
1 155995 137264
1 144832 197060
1 109895 7386
1 42489 69833
1 138099 192369
1 7576 139401
1 42140 67346
1 99152 93144
1 87628 31816
1 188277 105216
1 4952 133611
1 95321 48255
1 46105 41979
1 106858 59067
1 121705 98296
1 178192 133896
1 44002 22597
1 31235 102429
1 172819 88829
1 117994 99922
1 27843 23444
1 88058 6814
1 3562 72690
1 97933 112718
1 132653 173389
1 155521 195017
1 27545 114374
1 15892 103298
1 126562 12805
1 159998 127934
1 37980 106071
1 3790 149000
1 63227 56008
1 127496 2738
1 105095 45181
1 186110 120398
1 177635 27604
1 57709 110828
1 59264 164030
1 156634 97942
1 103387 197596
1 38638 195017
1 20607 18585
1 198734 17973
1 11959 89160
1 171135 22903
1 135186 185086
1 145529 147861
1 157789 67953
1 61961 187067
1 81053 87314
1 59372 92021
1 98379 102376
1 126505 33133
1 191892 110318
1 80688 103334
1 198928 119790
1 158833 4920
1 186945 116766
1 142015 90446
1 24399 69435
1 2149 18461
1 60099 81764
1 144007 2535
1 12738 96249
1 129917 121776
1 192779 69876
1 158829 101886
1 197171 133256
1 55847 194199
1 192223 189496
1 51398 118327
1 76994 188986
1 119300 198544
1 120857 19724
1 35101 26502
1 156580 81430
1 54184 131369
1 182566 20673
1 134770 94133
1 49632 103831
1 52445 146312
1 22474 55388
1 11959 136995
1 5010 196204
1 75934 64291
1 83993 18582
1 17044 33089
1 18090 185016
1 28126 23175
1 130493 36700
1 181858 981
1 47532 187473
1 112193 115604
1 165685 63374
1 182897 130936
1 45488 18691
1 122463 44796
1 174609 58177
1 122436 133978
1 81313 64461
1 73031 78921
1 44025 115775
1 145298 25275
1 170816 47456
1 35447 99222
1 156838 162500
1 23493 63282
1 149600 7013
1 44007 177939
1 12838 199681
1 91261 123560
1 53546 105206
1 53437 79684
1 80346 185564
1 5836 46748
1 102104 11810
1 21976 26817
1 119737 5100
1 17465 80927
1 103292 196395
1 34632 46005
1 44300 193726
1 41343 14167
1 189880 86473
1 117778 73953
1 93746 171541
1 112461 64125
1 12229 8679
1 134255 33368
1 53403 167779
1 135174 31521
1 164079 196195
1 84107 124739
1 43023 47635
1 163840 54115
1 142357 148497
1 173512 85532
1 87655 642
1 128711 160826
1 88684 23478
1 14459 127669
1 38544 94335
1 28377 26159
1 174779 139022
1 156267 147376
1 134029 65040
1 127274 163552
1 80158 60361
1 144343 32902
1 124596 303
1 187551 25728
1 137157 31112
1 17200 127427
1 88046 42694
1 100949 25108
1 20852 93731
1 100185 127494
1 28986 127097
1 50970 191605
1 25410 129380
1 116267 147779
1 55976 171163
1 23408 14355
1 154588 40971
1 145461 13123
1 11360 45301
1 158607 81710
1 143298 46154
1 56502 190625
1 44379 30789
1 99106 79517
1 15175 159688
1 36644 17229
1 169190 60346
1 42695 153545
1 53971 105120
1 152359 89547
1 93924 98107
1 166033 144944
1 125731 100897
1 159068 28594
1 31243 93983
1 14855 4069
1 195205 145806
1 61844 183919
1 177700 63860
1 105188 143372
1 6686 66525
1 33364 113858
1 142797 63610
1 2392 97249
1 84198 4922
1 34325 85054
1 124857 108839
1 70340 44976
1 93673 71812
1 117444 173131
1 168236 10148
1 148351 136732
1 161478 125132
1 15489 154085
1 157570 182092
1 126230 160091
1 168497 147547
1 43682 185821
1 136743 106930
1 173061 57910
1 12467 90091
1 110959 25621
1 1886 91418
1 137601 101963
1 39719 103851
1 195174 112518
1 182461 79420
1 6064 61900
1 113020 61821
1 50742 125563
1 139693 21318
1 59885 184832
1 191544 190969
1 168581 6229
1 169644 2329
1 39303 47231
1 113777 47018
1 190509 160712
1 76364 50249
1 103297 53561
1 71380 94478
1 17592 111898
1 188276 177632
1 110417 82990
1 116641 35800
1 7978 37033
1 71068 171610
1 20003 137268
1 35371 119536
1 28790 149988
1 109651 110184
1 147605 184118
1 44762 183151
1 80517 22990
1 62715 173486
1 9211 92081
1 187754 53093
1 70645 65793
1 10506 54471
1 65946 195768
1 42859 140821
1 190485 108070
1 90185 186686
1 196591 84719
1 71105 24182
1 183532 195520
1 76118 144789
1 6823 74769
1 53092 99251
1 69169 58209
1 126435 142593
1 176679 31660
1 57567 119145
1 36754 2993
1 72950 103849
1 196612 104482
1 17619 107437
1 50928 186092
1 20266 147884
1 81289 104617
1 75379 41093
1 57951 183778
1 78955 133850
1 150838 59593
1 137416 59948
1 162536 7031
1 55996 70584
1 124989 189283
1 112877 63441
1 131977 16611
1 28594 70335
1 102854 181158
1 76689 195095
1 36402 54001
1 38648 14235
1 193578 160857
1 100602 190229
1 182599 81538
1 23051 137838
1 37753 95574
1 138430 167956
1 111395 103049
1 114429 129101
1 174070 49036
1 173002 36886
1 151569 5646
1 116 185024
1 171608 136250
1 112605 16971
1 77587 139118
1 148267 190468
1 60361 175545
1 154571 10908
1 192669 84183
1 178990 92490
1 100457 6576
1 189949 35619
1 149913 82447
1 82783 53175
1 53257 32863
1 153710 26287
1 25506 26028
1 45878 146916
1 48242 4887
1 28398 187842
1 193867 16603
1 28666 117214
1 180446 45695
1 7265 174932
1 97112 28443
1 101003 4133
1 47932 168143
1 100159 198736
1 55810 145408
1 16346 116463
1 195439 188630
1 121363 70612
1 136885 181939
1 154158 86308
1 6029 139893
1 91262 63219
1 155859 174511
1 43807 147361
1 156578 61860
1 188531 172020
1 146608 194884
1 137884 22455
1 15468 3178
1 56378 175315
1 54934 120662
1 70758 88107
1 157151 10663
1 92591 128509
1 19457 146396
1 129941 41527
1 181728 134988
1 78275 158678
1 160674 111907
1 26320 53701
1 141068 147743
1 31544 88629
1 126494 93579
1 156759 169657
1 23472 4731
1 85543 5924
1 67726 18247
1 195579 18150
1 142545 72011
1 59324 149603
1 125054 107999
1 120034 186325
1 67492 5972
1 126006 109220
1 51121 155632
1 173574 68099
1 41236 123114
1 190633 48526
1 114649 157416
1 77941 144034
1 152641 79096
1 147262 172476
1 28065 84876
1 113425 5525
1 149949 72570
1 131120 91965
1 134373 93044
1 1039 177398
1 186063 145604
1 53646 66964
1 124470 45772
1 15673 41938
1 77619 162171
1 11646 100791
1 20313 69075
1 126446 191466
1 183894 135897
1 187319 157138
1 167815 167133
1 111327 158258
1 176348 79916
1 115396 39555
1 19373 95443
1 132818 77523
1 124571 149462
1 78533 169246
1 76971 124399
1 143841 180587
1 111776 332
1 186671 196072
1 147415 42563
1 85114 49673
1 58087 88472
1 38473 166686
1 19129 199410
1 100318 6388
1 128357 159065
1 93359 32750
1 8910 61427
1 63716 114915
1 145792 172224
1 52625 174266
1 24520 51411
1 144757 37188
1 114387 31763
1 80627 85274
1 178314 122481
1 55888 141624
1 30893 62060
1 18605 100377
1 42030 71554
1 15366 126803
1 111952 198328
1 123435 150837
1 152897 205
1 88445 44447
1 70069 164795
1 153708 125921
1 48131 87790
1 9071 127511
1 37956 112457
1 140484 111620
1 103658 5782
1 106473 40366
1 64863 83788
1 78043 42042
1 11294 137799
1 132879 173512
1 137750 146946
1 41582 198160
1 125053 181145
1 117589 42621
1 169842 132158
1 123724 105738
1 129366 16122
1 172357 186716
1 166444 78949
1 18712 191903
1 169968 137512
1 51774 142436
1 136693 112049
1 115467 111225
1 134658 28727
1 168112 154570
1 128110 109488
1 157105 191160
1 129786 127439
1 69923 121848
1 98031 13123
1 132649 52846
1 167993 58797
1 106992 94857
1 69890 125153
1 118632 198434
1 166867 54047
1 190852 144208
1 150695 99603
1 184053 145871
1 39633 115467
1 77603 109969
1 187408 90807
1 62380 71588
1 127345 18599
1 83361 6597
1 182692 94592
1 108989 106819
1 68642 81856
1 38120 170392
1 28415 148723
1 17196 197317
1 139147 157045
1 137462 127212
1 82350 62826
1 8913 69043
1 150595 63866
1 40030 47126
1 73973 128978
1 132247 51212
1 45272 99992
1 41541 66270
1 22602 20142
1 168062 149763
1 184971 57194
1 21732 97025
1 159706 117716
1 158428 63232
1 195280 5152
1 9867 174768
1 9025 15725
1 97750 13661
1 150161 163006
1 57626 55184
1 162196 62456
1 32745 139816
1 13033 5788
1 198408 183738
1 108121 196805
1 156006 133606
1 45803 8357
1 16030 174906
1 176715 99772
1 431 19340
1 143067 192025
1 13690 120978
1 83992 90006
1 21309 24261
1 159986 89101
1 32911 190007
1 141093 8160
1 2332 140785
1 175452 22569
1 184609 143697
1 128647 131133
1 170603 71330
1 71483 131495
1 103692 61373
1 198026 86691
1 27230 92064
1 10211 152728
1 151356 85900
1 89644 150171
1 33278 157988
1 40222 73377
1 20148 74628
1 139745 17603
1 92326 670
1 181800 174648
1 140426 145500
1 31758 135502
1 63238 48561
1 86642 88937
1 156071 11201
1 75024 24384
1 97377 189108
1 2593 187797
1 173641 173334
1 194164 26421
1 172113 14769
1 126349 78128
1 60547 184557
1 19198 21465
1 167936 30120
1 55429 127040
1 146041 158353
1 11877 120047
1 45102 61259
1 96840 87779
1 70183 180159
1 49748 23500
1 45424 162497
1 137867 70856
1 39385 98982
1 118185 81755
1 26541 136869
1 31800 129331
1 71602 197741
1 169911 8730
1 160802 27014
1 98795 71355
1 127272 118955
1 125893 49305
1 110621 50918
1 31925 845
1 158980 117678
1 37518 171648
1 112835 90494
1 109339 23464
1 131812 67062
1 175041 60551
1 26764 198134
1 36822 179489
1 146682 68857
1 11201 182525
1 136323 92336
1 162003 4767
1 14989 140831
1 194405 78276
1 155657 38460
1 40498 127646
1 41845 133382
1 59383 182610
1 11345 82147
1 79625 105263
1 67873 68605
1 148982 52975
1 185252 130079
1 155872 148084
1 60115 187147
1 170134 148860
1 102493 37982
1 179828 421
1 29728 113575
1 107069 192744
1 107 174916
1 31542 79760
1 113651 114047
1 180358 131898
1 91348 98664
1 166987 35987
1 4169 24436
1 74559 104077
1 158830 199829
1 177805 156322
1 164405 141594
1 49581 178445
1 37862 80393
1 144454 54277
1 66075 78458
1 8453 136509
1 162171 122743
1 156218 181849
1 195382 107154
1 16627 42994
1 29698 46342
1 163931 2189
1 14997 110674
1 4501 180631
1 59234 5138
1 195925 59492
1 68759 191774
1 66430 82345
1 18135 161960
1 100034 22455
1 140469 10193
1 142838 149882
1 149297 6476
1 69364 118066
1 157238 169462
1 143798 138096
1 51092 83892
1 38193 80852
1 88954 41039
1 87407 89286
1 130360 8333
1 108784 119026
1 118643 28624
1 91074 60872
1 107048 11059
1 7711 64883
1 192997 33059
1 152647 2904
1 142021 22779
1 38494 52499
1 57899 164452
1 179592 96238
1 28994 57259
1 175299 53410
1 120947 172515
1 84613 155153
1 2279 90558
1 76567 17156
1 162239 39399
1 110192 94113
1 50769 170851
1 49109 7408
1 12580 14888
1 181616 138639
1 110702 15420
1 145968 28467
1 193165 134546
1 43041 166818
1 64323 68706
1 42315 27565
1 63543 106183
1 93648 87922
1 129192 168990
1 75329 62097
1 187764 129052
1 112705 101934
1 134921 162351
1 123741 59559
1 93994 103704
1 57834 106071
1 34085 21064
1 70176 161356
1 195091 194618
1 27767 124164
1 134097 4753
1 163969 51822
1 57661 52786
1 30151 93151
1 160499 41124
1 138342 105426
1 166985 122789
1 69931 85093
1 105417 181519
1 114926 100880
1 73839 65836
1 133676 49640
1 27874 153302
1 140456 30292
1 130742 162708
1 10820 118350
1 54306 13104
1 98075 21341
1 69502 133021
1 15458 174865
1 163968 117960
1 131775 21056
1 115064 52796
1 32488 110527
1 96905 159868
1 132608 31587
1 81578 196571
1 193966 170745
1 37085 25311
1 38144 195908
1 168622 2710
1 132607 146039
1 171695 29624
1 90643 11250
1 68274 180158
1 9945 4672
1 71 181186
1 12611 123025
1 67639 64345
1 197167 28980
1 174913 82413
1 15051 19608
1 70996 55518
1 7145 125316
1 128654 27866
1 71902 55892
1 9331 13178
1 188065 120054
1 135024 36640
1 52960 5156
1 156817 34831
1 99877 148004
1 28160 11531
1 176042 701
1 134912 71090
1 90809 128444
1 144233 169434
1 85704 10214
1 52006 119915
1 29780 83711
1 7916 2815
1 171388 72700
1 62781 23927
1 19872 49924
1 5084 73569
1 61627 78445
1 49618 2504
1 7165 186484
1 29538 115418
1 165484 37950
1 114889 118401
1 193661 195982
1 114105 139643
1 81774 124871
1 149526 121020
1 121383 130979
1 148528 105926
1 155025 41203
1 37635 78470
1 122358 198425
1 108973 142641
1 173402 32579
1 141039 24799
1 156953 44010
1 44326 152040
1 30082 186570
1 50762 180989
1 18483 61475
1 26024 174985
1 123638 100209
1 169948 90889
1 194203 8552
1 64466 137064
1 145430 146610
1 77310 69790
1 49755 18861
1 51865 149130
1 38648 70943
1 134302 169678
1 191538 22908
1 179972 195436
1 166563 127514
1 23677 47135
1 24276 2867
1 135343 77371
1 106391 114653
1 196338 101704
1 91687 44421
1 24906 58972
1 138306 155314
1 97382 14519
1 58117 78583
1 47769 57636
1 37066 107321
1 80152 126029
1 119871 102179
1 89140 25374
1 2760 46630
1 93145 7966
1 39959 141814
1 22406 23306
1 158153 117570
1 21646 98291
1 29891 40308
1 41872 68634
1 197069 190184
1 115763 153034
1 125230 80816
1 86885 66485
1 175242 3720
1 166677 32786
1 30905 195799
1 69741 114230
1 155240 167782
1 163797 159986
1 50484 30180
1 67877 138797
1 109572 99034
1 78954 182145
1 33127 89067
1 92955 147227
1 91503 77711
1 168349 180366
1 127566 74385
1 47157 77943
1 113647 83846
1 22732 78807
1 4374 132047
1 36777 94509
1 25211 112402
1 43690 99411
1 137123 198005
1 155716 174428
1 121729 84571
1 67516 95659
1 173068 77603
1 73125 187413
1 146849 156894
1 105691 61691
1 147931 156688
1 81920 79521
1 35185 53609
1 71991 189459
1 121360 163013
1 133918 102906
1 56249 126241
1 155728 131642
1 4765 145184
1 64922 134159
1 191415 25918
1 158652 131368
1 137769 10260
1 7396 153667
1 39514 22796
1 77670 192009
1 186383 69477
1 86336 131884
1 140617 68074
1 130828 198527
1 109086 151087
1 33349 91542
1 17435 17613
1 124798 2014
1 47705 44446
1 178144 53439
1 177950 87291
1 139428 12336
1 105655 21813
1 48465 163034
1 101587 139730
1 59639 169329
1 187234 132874
1 28011 191503
1 128942 126145
1 182148 118738
1 149241 75078
1 118614 112183
1 141720 102924
1 622 14904
1 59344 17255
1 156750 11427
1 27247 159178
1 49195 58940
1 153452 384
1 71908 183828
1 33730 148264
1 91140 146090
1 61898 25845
1 151290 196418
1 151768 168038
1 92503 100996
1 85016 27650
1 46281 57239
1 154153 84119
1 44950 152511
1 104568 4787
1 100444 27443
1 52513 87203
1 88904 140418
1 136130 108459
1 114196 4456
1 33506 10758
1 63109 112044
1 119041 145440
1 88292 53629
1 49984 63312
1 101180 47629
1 55155 92506
1 184213 20398
1 35460 75173
1 124463 157803
1 101451 92922
1 20802 115560
1 73708 22589
1 6260 169020
1 91185 112495
1 108827 84239
1 45160 47396
1 187572 47984
1 172734 110337
1 70243 74169
1 75741 36025
1 34797 164070
1 179459 33864
1 34099 162482
1 25635 29680
1 46833 132276
1 38209 142707
1 124087 93945
1 19465 103377
1 114727 143842
1 68592 170756
1 135791 5056
1 115150 68281
1 49671 157805
1 83450 106128
1 169197 64557
1 70119 191255
1 77792 54150
1 22911 113346
1 47067 186333
1 74366 196142
1 145556 167059
1 139024 43479
1 42421 137374
1 31791 178839
1 51481 163819
1 61303 79458
1 120393 188083
1 172747 188862
1 197623 109083
1 50988 180039
1 85052 156882
1 67478 124835
1 124046 168166
1 104479 23105
1 155461 80423
1 181195 44888
1 1360 190719
1 115186 68766
1 151538 88528
1 161622 132103
1 56769 70159
1 181822 65408
1 60129 74720
1 43031 103339
1 83708 186355
1 94284 60508
1 16070 139167
1 163427 141332
1 126319 136957
1 79963 194749
1 64297 104966
1 101444 51366
1 48860 131504
1 173599 130112
1 83943 75718
1 146358 13657
1 81432 79046
1 123645 163032
1 195246 129920
1 109930 55288
1 80526 177644
1 137618 97929
1 126852 179660
1 157894 20388
1 169147 134723
1 44396 182574
1 74559 124084
1 183072 158864
1 177073 122783
1 108941 157877
1 54027 192632
1 170120 179844
1 37719 110217
1 1645 88800
1 24234 111882
1 127485 10077
1 75493 23102
1 175735 104068
1 127789 56785
1 16245 72777
1 163818 30448
1 69001 183436
1 50814 126568
1 164184 11406
1 133703 77890
1 65270 135348
1 67800 990
1 23171 102210
1 137139 111247
1 176198 168209
1 30987 39670
1 195208 101649
1 111992 38434
1 62386 95878
1 169403 30055
1 17962 178749
1 129139 75709
1 82986 6350
1 37919 56987
1 31331 166231
1 163158 83604
1 95441 92151
1 18628 166449
1 159200 119817
1 18983 126480
1 61950 35810
1 189066 102589
1 98817 14734
1 1280 31631
1 53051 32710
1 127332 129093
1 24156 3126
1 89167 130977
1 69512 131117
1 39066 113092
1 89529 68324
1 162518 91402
1 158231 125812
1 112840 40104
1 9429 50834
1 98794 97221
1 73039 2381
1 108831 110358
1 138338 158218
1 12405 56509
1 173515 140094
1 164001 75747
1 137923 81196
1 181942 129556
1 15770 155617
1 158375 82267
1 182675 155053
1 163518 177054
1 130687 109668
1 17052 128252
1 59229 32980
1 120755 165349
1 63344 175816
1 134785 141241
1 14242 178366
1 184655 47269
1 22361 87844
1 141866 23674
1 189208 51353
1 167136 121870
1 101208 39458
1 8830 53400
1 53799 70442
1 56839 196679
1 34689 30655
1 173304 138020
1 136941 67849
1 116411 124264
1 72794 146893
1 92842 189343
1 117882 67681
1 454 27837
1 73502 17457
1 176823 72065
1 183186 122163
1 61573 117512
1 110779 70567
1 72086 132980
1 139888 57939
1 32938 144766
1 81430 34556
1 51860 39768
1 89791 161703
1 171066 84615
1 145988 14418
1 63568 82303
1 158304 96045
1 3473 66688
1 150736 191133
1 18239 34288
1 145194 90548
1 17564 68218
1 175930 161002
1 17000 99174
1 56803 70239
1 162204 182586
1 6452 62612
1 15079 191568
1 127178 23335
1 37736 90744
1 33254 41423
1 162668 78289
1 101646 199512
1 103274 43171
1 188969 125472
1 95227 101631
1 89686 59090
1 62110 144922
1 131725 102177
1 69868 58470
1 81914 14087
1 33816 158003
1 161941 114880
1 134635 72901
1 118982 13953
1 127421 88950
1 168184 123262
1 114102 196109
1 147836 173980
1 91527 154912
1 97312 139378
1 162340 72743
1 185360 78662
1 118659 199010
1 129517 15685
1 14234 162797
1 127212 175108
1 102869 25313
1 156465 129462
1 176918 32430
1 197100 69037
1 43696 42358
1 65587 30869
1 197414 164588
1 2145 107823
1 50977 126702
1 29806 180426
1 40048 124127
1 119311 71367
1 9027 127625
1 188049 166350
1 42794 31602
1 2161 24651
1 135370 190525
1 198847 92910
1 114144 74627
1 52659 181347
1 162811 66738
1 46990 101070
1 108532 182117
1 121653 90249
1 194351 111365
1 67338 72993
1 121943 41376
1 25996 103695
1 95318 149128
1 104049 58036
1 115475 26157
1 145538 15191
1 112176 76350
1 90999 120162
1 116739 127613
1 170899 16346
1 152980 57761
1 4289 153439
1 126807 130865
1 752 173220
1 71979 104734
1 99756 41071
1 60627 88289
1 136830 77972
1 65523 198037
1 186374 33454
1 47630 161687
1 184598 132831
1 83519 56476
1 118097 179977
1 13942 171603
1 56772 49867
1 188212 71740
1 51461 116609
1 171208 77511
1 64907 126070
1 83659 86640
1 194445 118252
1 95194 50138
1 64477 190735
1 168980 147242
1 126534 54837
1 129364 68327
1 79845 155290
1 131247 105360
1 68422 139482
1 58736 45885
1 175743 187887
1 14866 100025
1 67537 78699
1 61247 163231
1 156733 195897
1 74376 119667
1 149411 96848
1 81061 183619
1 59554 78904
1 70127 156223
1 141164 188610
1 28890 5589
1 58600 159297
1 19639 189009
1 11213 191822
1 194474 4340
1 152764 133691
1 160040 194834
1 165085 166807
1 69492 156977
1 68286 60643
1 64282 82272
1 19753 87442
1 98796 22805
1 82244 182599
1 145725 120843
1 149613 43338
1 133019 186330
1 178774 176012
1 13905 57815
1 30110 110301
1 98396 143599
1 199537 5418
1 189292 169663
1 48034 194107
1 26271 19894
1 126215 61997
1 175225 48878
1 81044 168236
1 9511 47751
1 22843 78580
1 152566 195910
1 196931 28872
1 69454 27053
1 87271 88435
1 54707 25371
1 186802 115262
1 191166 16998
1 74968 69746
1 112023 15350
1 181399 126032
1 188919 42341
1 35022 40718
1 61661 64213
1 177054 82260
1 25742 109650
1 99391 54518
1 148241 140008
1 5029 152115
1 14762 4230
1 106004 39661
1 147030 21204
1 131584 14763
1 14535 69969
1 45928 190285
1 29985 129905
1 52468 66766
1 153205 116790
1 111950 36224
1 115261 178510
1 98302 116419
1 40472 91052
1 130953 100550
1 154823 138858
1 149771 93186
1 172264 16797
1 127252 46004
1 187570 136826
1 68480 98074
1 113649 168937
1 189722 26865
1 141378 198568
1 11890 187501
1 122705 158754
1 111100 134713
1 4115 43600
1 148204 157168
1 173311 25487
1 65040 89180
1 60881 172227
1 191150 60526
1 109504 117227
1 165343 6462
1 44606 95814
1 184682 8964
1 53042 169061
1 48484 27607
1 194482 151697
1 45000 32869
1 42627 31264
1 93714 163826
1 145941 147411
1 129633 181141
1 146425 20531
1 162573 13424
1 167333 157163
1 175173 172719
1 172266 73127
1 2221 75844
1 5492 104366
1 113207 70177
1 14019 43902
1 29056 12727
1 58728 172902
1 160878 182765
1 42819 144808
1 72327 52067
1 112699 60047
1 170132 123496
1 39103 125390
1 25078 12538
1 75195 136667
1 40456 125885
1 170462 127690
1 158519 31166
1 18442 113197
1 177438 16745
1 186268 48491
1 53606 28808
1 62877 67423
1 2332 100606
1 127113 146803
1 14868 191108
1 197183 199101
1 70717 113378
1 145992 115738
1 390 53617
1 41997 199049
1 170032 177936
1 92883 16971
1 82484 180580
1 186041 81656
1 87000 59540
1 140596 143524
1 31629 60227
1 59465 78706
1 148875 66704
1 181836 131896
1 175023 78924
1 8152 165972
1 78805 119099
1 79374 182926
1 190706 71374
1 151697 29040
1 177908 159071
1 125826 34722
1 176541 112621
1 16569 163209
1 36188 123481
1 91973 106081
1 123821 18593
1 164388 95961
1 184690 131163
1 165829 21807
1 15827 156533
1 133693 25229
1 71507 187755
1 98503 90979
1 141044 115657
1 25473 160965
1 51468 153187
1 55587 136327
1 62504 140562
1 65794 101079
1 177506 63153
1 189637 71451
1 156478 47192
1 112678 189579
1 45386 79639
1 154604 176145
1 188021 74165
1 88359 161183
1 46575 11050
1 151084 151760
1 20995 158234
1 73427 104322
1 171889 53908
1 175534 2035
1 42831 96523
1 115403 77019
1 173730 168468
1 115629 31753
1 166713 74144
1 93190 25409
1 48265 188987
1 99257 24789
1 65551 170501
1 6542 104386
1 90466 111087
1 195317 148045
1 96087 84473
1 113088 138590
1 22554 4778
1 21723 183261
1 81610 153552
1 74446 131083
1 135189 180986
1 1333 196899
1 79828 81331
1 145278 28786
1 109353 196864
1 36003 138803
1 36248 92317
1 125930 80110
1 20003 196019
1 20442 137746
1 111208 186461
1 4799 186962
1 135359 285
1 14369 47037
1 198992 98265
1 33089 106785
1 40178 15003
1 176468 187746
1 38154 168135
1 83844 133334
1 32738 7582
1 196964 126307
1 10056 155700
1 139826 87644
1 94378 26606
1 94739 146456
1 135663 124672
1 179594 147093
1 125273 173476
1 129977 105740
1 103897 14814
1 45213 70805
1 190577 199726
1 117508 68733
1 73936 87318
1 50705 109157
1 39467 147981
1 57394 77278
1 193496 152644
1 99103 88899
1 111727 160344
1 63255 160854
1 158820 72664
1 116887 39327
1 46302 90361
1 187996 98625
1 87581 180246
1 86425 44125
1 105227 53228
1 57531 150316
1 81696 129750
1 46108 16856
1 2172 44037
1 122246 176411
1 165759 24515
1 98410 45403
1 156715 36777
1 167711 149509
1 140221 45214
1 109535 4904
1 61961 106706
1 38271 121300
1 91028 194298
1 46575 75187
1 53751 6797
1 168242 72872
1 11377 28159
1 44767 141478
1 70477 106366
1 195800 57363
1 182261 130218
1 116809 195805
1 175253 57240
1 151651 192348
1 122036 181258
1 109146 187689
1 87887 183784
1 110301 4862
1 111863 110722
1 166869 81359
1 85293 9
1 111393 96104
1 189180 50571
1 138960 15815
1 95190 108399
1 55647 57724
1 14259 90545
1 108148 5568
1 63590 122719
1 167003 173779
1 107072 163475
1 196160 44057
1 4842 130034
1 163053 190966
1 195454 122342
1 179909 130215
1 36390 37144
1 194112 130596
1 51384 146801
1 89000 132148
1 150608 39249
1 52309 161360
1 4976 155344
1 95205 168764
1 12820 100980
1 90047 9058
1 26010 144434
1 35721 163952
1 119505 115306
1 37478 24500
1 7327 186589
1 127797 148405
1 9241 146865
1 161095 100244
1 197341 111656
1 150879 21028
1 169011 53276
1 79536 46727
1 71012 191870
1 143570 190474
1 153818 138576
1 138246 97666
1 111801 151328
1 147116 183079
1 106044 175238
1 156801 102064
1 93012 76385
1 123997 33904
1 79166 48398
1 166765 23345
1 92195 140137
1 36973 140815
1 44021 36424
1 109033 141463
1 159047 52148
1 36725 196001
1 198253 181866
1 43946 176042
1 82517 99219
1 143330 14133
1 23076 93183
1 198134 138211
1 124052 51496
1 161911 138577
1 195150 156517
1 187819 81458
1 77955 69868
1 11210 22510
1 84304 186508
1 113592 95290
1 28178 70890
1 92228 70265
1 57095 19516
1 107553 49746
1 105126 114563
1 182115 134418
1 171520 158093
1 10365 97604
1 131864 198891
1 52602 35919
1 161023 29359
1 161529 161232
1 192308 4329
1 116909 89080
1 111931 96098
1 167317 44968
1 116796 97112
1 73272 39050
1 157727 82940
1 67875 110387
1 117989 75050
1 125863 71543
1 133512 145640
1 54606 179660
1 43287 67874
1 134941 125538
1 2892 195619
1 134735 198338
1 48175 184087
1 23247 191333
1 43631 87872
1 66999 68247
1 118334 141174
1 17160 117709
1 155885 164835
1 66538 5892
1 37513 177279
1 108517 54171
1 170741 40008
1 72544 38065
1 131145 113860
1 38233 132035
1 198122 16699
1 113444 70720
1 195882 33071
1 106984 174382
1 121763 95135
1 25815 113665
1 96527 105020
1 35502 158457
1 36586 62569
1 37101 95549
1 94218 138489
1 105047 130038
1 167358 124068
1 18412 161389
1 78822 103371
1 62566 126440
1 61651 133677
1 100274 115714
1 61919 92010
1 28080 76554
1 63375 15607
1 33198 53917
1 41319 28449
1 68768 27463
1 110285 151942
1 185571 51222
1 96225 85009
1 190707 33344
1 110939 110069
1 43050 92088
1 164007 2669
1 58683 197451
1 190078 150963
1 113583 193089
1 179590 180414
1 132063 112433
1 135915 82943
1 166769 122788
1 143870 154462
1 130135 132525
1 25742 61618
1 140485 87944
1 76037 2623
1 152818 48882
1 65477 27123
1 139858 169737
1 194435 29283
1 48914 95332
1 185379 104771
1 61908 68724
1 143701 16419
1 77484 125915
1 195632 65201
1 139867 653
1 150733 166827
1 23947 33126
1 145125 127652
1 155595 167690
1 149870 110394
1 52236 178883
1 111731 49046
1 47964 62232
1 57138 35237
1 156833 18218
1 23163 13589
1 15449 152723
1 162822 73683
1 191633 158209
1 165845 23427
1 188067 78416
1 53067 101696
1 16180 170791
1 160715 64917
1 151853 123093
1 176277 71292
1 46777 194476
1 19485 134806
1 165887 199453
1 199661 159787
1 110305 11349
1 175805 105443
1 148150 68567
1 175057 37892
1 156612 42586
1 161298 114926
1 33984 112165
1 28528 111765
1 65737 90346
1 142456 62525
1 162530 164192
1 39985 132603
1 53232 96484
1 107964 135146
1 6133 137617
1 17387 179436
1 194698 147869
1 123234 191907
1 159970 147383
1 45548 1520
1 128638 113695
1 105888 55146
1 52011 58949
1 83765 165793
1 56388 26086
1 14306 162260
1 15908 50659
1 105018 198704
1 173163 175395
1 193158 93708
1 33780 81643
1 17828 2850
1 4372 172987
1 108896 143119
1 5911 182571
1 191953 69069
1 138294 11463
1 34998 163183
1 165532 132519
1 96721 165277
1 196443 122323
1 6019 180306
1 84585 126806
1 8873 81043
1 110048 5985
1 107638 15666
1 117557 56803
1 118673 195459
1 165559 12134
1 148465 146653
1 30923 492
1 105207 146579
1 38822 30602
1 161740 199540
1 93259 21892
1 86716 19329
1 111367 64426
1 23698 126574
1 104938 22706
1 178932 29404
1 79560 99735
1 19713 71829
1 163119 181425
1 196649 36424
1 121962 82198
1 57804 152582
1 75255 39089
1 33879 29884
1 111492 93408
1 146331 198707
1 154672 129491
1 35567 43973
1 141952 183522
1 151367 177890
1 68063 172078
1 35478 185795
1 119066 35388
1 138721 54829
1 168476 66958
1 75812 110953
1 98918 9860
1 154090 177665
1 72274 19186
1 114792 98239
1 69513 18818
1 88538 1314
1 196994 146188
1 103073 32801
1 165437 72819
1 79259 53092
1 111680 179330
1 170052 3903
1 63056 158600
1 114381 92273
1 105138 166769
1 11323 47133
1 67555 65063
1 58050 65672
1 71574 60199
1 171426 64083
1 59309 86631
1 26113 131770
1 161979 49383
1 1418 53772
1 139640 57814
1 128517 160365
1 172036 130023
1 27448 20297
1 54688 191540
1 94461 140506
1 37802 178707
1 153253 151389
1 47961 173047
1 118860 23249
1 122169 82057
1 194109 126193
1 83880 88135
1 113737 63602
1 168401 79517
1 46754 159552
1 92839 38145
1 148734 66356
1 12708 44948
1 170601 121817
1 185987 189047
1 129066 112737
1 190396 28779
1 88282 75042
1 37312 82988
1 119041 158101
1 140404 128143
1 173426 81105
1 157106 164891
1 34025 176196
1 137724 25829
1 42530 140595
1 154115 34415
1 184700 14963
1 36120 130049
1 156687 66599
1 38065 66377
1 168779 195644
1 75808 65649
1 74130 174626
1 115791 48767
1 92696 71500
1 75519 163634
1 30776 190635
1 184386 179866
1 23897 45734
1 79158 55799
1 198145 99742
1 32836 147861
1 69113 16928
1 108824 116455
1 103843 72555
1 146210 63331
1 2264 40611
1 133198 93149
1 174726 57686
1 4672 148583
1 179721 142318
1 171282 33641
1 135560 154166
1 70289 184508
1 50321 141330
1 148534 136971
1 139704 38520
1 100193 180013
1 3565 199284
1 131292 129981
1 70812 58908
1 137038 106364
1 157450 154640
1 71549 89256
1 27821 49973
1 102153 33757
1 128332 28210
1 96933 188396
1 24792 156204
1 162391 2425
1 64394 130622
1 187123 50138
1 5054 106939
1 47892 12462
1 57358 185319
1 1052 103483
1 13043 190579
1 198444 70284
1 129880 5369
1 74470 139593
1 107840 96121
1 78242 134488
1 145306 54674
1 51695 121587
1 60258 178307
1 187660 22090
1 33019 111522
1 66854 28700
1 118219 184861
1 198035 141265
1 67862 12337
1 4495 120410
1 153758 162152
1 55606 67019
1 184506 173208
1 75137 166713
1 100982 173208
1 29189 129232
1 137962 199364
1 23657 130743
1 131358 139124
1 96936 39782
1 127069 78392
1 75719 12487
1 99031 120407
1 194519 108428
1 189501 27146
1 76654 13649
1 25495 136691
1 42978 176114
1 107497 150115
1 118022 124718
1 38855 20235
1 27433 67965
1 102197 72001
1 84235 20783
1 153474 52854
1 161826 126854
1 171558 52918
1 62158 178197
1 163419 155169
1 118744 44825
1 108729 87017
1 144113 19608
1 186646 101836
1 183273 93240
1 136604 39570
1 58221 182498
1 84075 53450
1 30405 182552
1 148209 120193
1 184269 163667
1 25928 168515
1 138868 67489
1 13136 25622
1 134770 37629
1 199246 80691
1 70030 170736
1 184964 79047
1 136272 33703
1 48977 123882
1 123842 32342
1 122635 140767
1 199021 110285
1 135451 38797
1 145682 28312
1 27992 80187
1 64679 140380
1 71016 60753
1 108820 12655
1 62035 112334
1 23981 138616
1 159208 177669
1 168497 70600
1 128021 139868
1 166658 63223
1 183170 59527
1 139047 91331
1 7471 87489
1 22784 67109
1 141262 96331
1 185800 24565
1 33442 171241
1 154641 20801
1 1816 27930
1 23483 195816
1 28326 165911
1 160501 171900
1 127778 194126
1 39800 50073
1 139493 164832
1 175681 172543
1 81248 176409
1 86798 37623
1 13566 169583
1 159900 51172
1 19516 144957
1 40095 173288
1 74885 81921
1 67458 40890
1 192146 194068
1 85088 185477
1 164161 90856
1 82115 77572
1 120179 41864
1 56924 184795
1 51307 50251
1 146947 169784
1 146212 191449
1 114480 33578
1 28403 33058
1 196858 143298
1 133086 149980
1 16590 136872
1 111483 126012
1 159923 6400
1 105997 75768
1 151741 64893
1 179356 184187
1 65359 123525
1 723 159849
1 185045 70279
1 183071 123220
1 3009 120537
1 70085 89215
1 170245 117077
1 3651 141970
1 116625 85173
1 116523 193246
1 29583 106029
1 55804 137618
1 68252 118666
1 16514 156221
1 166216 155401
1 169967 62662
1 159440 48761
1 156667 40873
1 51291 8916
1 60281 31924
1 9267 51290
1 26555 171330
1 108293 60079
1 116584 137143
1 112027 196215
1 18587 42875
1 73368 40304
1 122558 157499
1 116021 24464
1 173672 91229
1 11898 183199
1 116595 40194
1 23872 189655
1 121826 58818
1 126629 172794
1 92914 15012
1 109456 19635
1 21374 21276
1 186535 188528
1 21465 126024
1 160206 169279
1 55782 145581
1 58914 186024
1 22203 166062
1 129397 189834
1 31607 163790
1 57099 88761
1 80544 178407
1 175573 23767
1 47616 134571
1 64813 153841
1 40961 151065
1 111698 51613
1 92103 30275
1 80293 83793
1 48206 181823
1 159587 29190
1 82245 25578
1 179685 165517
1 41002 115236
1 123926 11633
1 61159 4105
1 64179 61391
1 2092 22189
1 130952 31090
1 43470 127003
1 103721 43762
1 141854 98190
1 160111 49103
1 73805 105072
1 132277 4873
1 180992 140370
1 152210 22659
1 180016 30059
1 105688 116760
1 45956 89750
1 10254 181308
1 147185 40006
1 168298 17751
1 106961 167500
1 164625 77535
1 73410 41163
1 151186 165108
1 186306 100218
1 79520 131073
1 118985 99291
1 178896 122704
1 52262 196410
1 9107 99182
1 131293 43497
1 172853 82752
1 128192 186746
1 40982 142052
1 191884 72957
1 24743 21003
1 87686 99131
1 157672 86166
1 19735 4851
1 55520 184880
1 115748 87188
1 172317 111788
1 144306 162299
1 199982 122527
1 51960 126703
1 27294 31103
1 134342 5017
1 11890 87037
1 45846 60040
1 7141 120480
1 111984 136229
1 121955 119138
1 16836 182771
1 45124 170384
1 75970 2699
1 76747 167453
1 96892 84629
1 30110 24775
1 73536 13386
1 28230 44269
1 124015 141544
1 106666 124271
1 110434 65846
1 141768 64775
1 37567 103034
1 62453 45608
1 150422 117432
1 130582 128917
1 180290 172972
1 172447 180932
1 20029 138
1 43338 60595
1 35139 34677
1 93018 80202
1 120939 115326
1 177490 176178
1 134978 145439
1 9200 74805
1 122665 151542
1 146479 109911
1 84273 72710
1 115261 89268
1 158645 168492
1 39032 69723
1 35576 196062
1 85295 70826
1 23807 117546
1 87894 47850
1 123888 155308
1 46859 120493
1 41708 78928
1 170312 158183
1 66537 13770
1 104680 78921
1 28948 190803
1 19807 147940
1 154790 126757
1 130292 148797
1 1925 8506
1 102209 30956
1 153566 188609
1 137325 70138
1 174336 24289
1 19559 89275
1 158011 120626
1 83815 43241
1 6778 65784
1 99809 185538
1 181917 175202
1 8330 61796
1 139290 116099
1 66191 95143
1 146774 65999
1 171923 140218
1 178559 105241
1 177448 136641
1 140845 135244
1 39248 150509
1 124217 159720
1 189557 80285
1 70749 5438
1 77351 30325
1 73293 107118
1 47893 159806
1 58325 87007
1 124686 5949
1 169268 55871
1 6649 99926
1 188664 1532
1 199506 160739
1 40154 21827
1 16038 63184
1 14236 128952
1 67858 153018
1 51553 150263
1 86840 31561
1 179789 167817
1 16515 146122
1 31774 45417
1 7964 181392
1 153161 131640
1 57835 182284
1 119704 14078
1 179155 62123
1 118404 140964
1 92072 119025
1 40398 113966
1 70068 41108
1 92259 18813
1 149225 61018
1 18672 112389
1 127272 121141
1 164483 9035
1 49522 131615
1 59491 81122
1 199277 114098
1 190578 185447
1 139803 35274
1 27392 97018
1 130838 112478
1 169842 120318
1 147791 130203
1 26836 163028
1 178503 176130
1 142203 128595
1 6222 134212
1 148703 143820
1 29948 54171
1 121272 155964
1 111469 19756
1 190103 10833
1 191681 189019
1 21830 158882
1 68948 49582
1 44708 59497
1 158714 161189
1 174523 122180
1 178749 53913
1 90979 163051
1 67098 169748
1 87003 2290
1 103609 162928
1 185637 131330
1 149485 67955
1 182562 100820
1 167085 195817
1 193839 130606
1 31633 113155
1 120000 127778
1 162575 89200
1 161658 191812
1 91382 154490
1 17238 194668
1 50091 125860
1 34099 47084
1 160932 148289
1 176635 159890
1 63202 185558
1 127034 171616
1 147059 8179
1 105852 187978
1 138472 107215
1 9637 30769
1 159122 90659
2 172426
3
