200000
1 68241 171341
1 123447 34775
1 40797 186095
1 146124 53287
1 16896 18194
2 153965
1 3226 180587
1 50272 174124
1 38095 56717
1 152539 27229
1 82737 55792
1 112731 88407
1 168805 95254
1 9665 120045
1 106592 171540
1 51574 23342
2 124901
1 71276 188294
1 197601 81665
1 3188 115452
2 46137
1 13340 130610
1 97782 1940
1 46241 14087
1 37135 137777
1 23067 52901
1 142690 14100
1 133792 126730
1 98944 170724
1 72283 53951
1 188630 194187
1 64810 6929
1 66093 185736
1 44797 161614
1 104415 51096
1 120492 118722
2 38812
2 67001
2 197043
1 72029 166606
1 45894 148763
2 154343
1 106550 195576
1 30382 22979
1 160928 107726
1 185492 53435
1 100332 29852
1 154226 30297
1 76035 36044
1 43332 102172
1 156508 135478
1 14507 187067
1 132471 132221
1 11909 151838
2 84186
1 83277 120270
1 113051 21706
1 166511 23927
1 191235 25100
1 116124 104261
1 155927 87517
1 94601 65004
1 93459 69040
1 19825 127084
1 164657 140903
2 156630
1 97268 29066
1 169233 189306
1 155174 118569
1 43424 7645
2 164903
1 99806 9297
1 172354 104611
1 128602 164862
1 2407 83412
1 143236 173757
1 126895 73143
1 31251 150977
1 70070 139915
1 121363 29683
1 22471 68299
1 105634 174033
1 131251 86636
2 73131
1 142452 108524
1 170869 70049
1 195801 85352
1 67712 23806
1 43628 69427
1 152075 190973
1 19125 98068
1 49786 21846
1 108815 100004
1 66107 94458
1 197407 46379
1 36318 84174
1 181847 30140
1 116402 85996
1 150314 168787
1 61664 149718
1 1233 193836
1 37964 5501
1 102783 107238
1 121066 135986
1 36192 44761
1 183070 42987
1 41752 115509
1 50904 136506
1 96890 125852
1 46766 60617
1 170567 23554
2 44283
1 166748 110953
1 85829 19447
1 120164 22190
1 113504 115992
1 168929 43529
1 69432 44712
1 91487 85894
1 161306 24296
1 53649 184590
1 172677 113188
1 89581 77723
1 186269 92503
1 35911 109245
1 152880 172481
2 50033
1 40435 185704
1 23468 154067
1 34770 162576
1 59723 43142
1 57915 20428
1 136400 24629
1 124098 466
1 47131 174519
1 13399 53678
1 81526 22759
1 140390 1782
2 9672
1 160502 42868
1 61551 175511
1 7950 164023
1 191149 198787
2 118056
1 50604 76474
1 116118 164899
1 2630 168869
1 57667 180610
1 62200 74230
1 95620 40425
1 74837 164877
1 82680 40347
1 75681 145340
1 101989 170867
1 72717 197862
1 65622 158368
1 146547 131545
1 883 148902
1 56275 116136
1 132514 192913
1 65356 64653
1 190365 42363
1 38109 107198
1 178004 99777
2 4252
1 76032 118150
1 118037 65719
1 82317 92635
2 196736
1 166468 49577
1 157211 69928
1 89171 74480
2 146835
2 147474
1 139931 172259
1 174912 154354
1 83327 181914
1 153492 13182
1 33923 175201
1 168488 99086
1 142818 133040
1 150023 185970
2 163745
1 73621 190113
1 157091 198353
1 118231 63015
1 91070 169544
1 55707 103201
1 189010 88028
1 186693 7251
1 121344 111712
1 4810 104401
1 135985 50275
1 144301 105823
1 78320 152421
1 181754 168844
1 61642 6876
2 98755
1 83952 135844
1 7551 92571
1 96059 90012
1 135203 25552
1 194979 60004
1 14338 4077
1 175718 38491
1 55618 50991
1 181324 107885
2 56972
1 146101 148836
2 140863
1 188560 172699
1 29489 151143
1 152337 33106
1 54061 147758
1 51062 189754
1 68883 187596
1 28235 66776
1 134058 37576
1 75323 51438
2 18029
1 160465 20679
1 133764 27303
1 44576 13128
1 4441 83852
1 172727 175849
1 84903 105754
1 83106 43168
1 38197 45105
1 158278 148909
1 181611 50671
1 195321 11477
1 21768 131728
1 77346 197535
1 26271 1412
2 82322
1 43071 66454
1 87196 151969
1 153420 55969
1 161697 173389
1 120729 75707
2 74778
1 81707 136984
1 28207 156418
1 76374 174476
1 108648 35371
2 100549
1 199028 81607
1 151730 73431
1 80657 59601
1 72102 46349
2 35944
1 83442 175075
1 186575 198874
1 35611 165929
1 59114 94387
1 137032 67713
1 51048 158377
1 21558 172750
1 30790 164887
1 18969 103794
1 14575 179259
1 121180 59236
1 159068 45742
1 52186 165775
1 152363 136098
1 176029 183406
2 25981
1 89405 36630
1 165717 185813
1 72333 49309
2 195066
1 105011 81032
1 149684 44325
1 74908 89985
1 172076 195692
1 190518 118579
1 24754 171284
1 100854 21340
2 29290
1 86487 163730
1 15415 129287
1 114310 143925
1 30505 58159
1 159645 171523
1 38735 47441
1 52937 192910
1 181211 93763
1 188175 163289
1 184255 183903
1 126701 182860
1 60843 78815
2 89141
2 16465
1 160055 70476
1 146188 33930
1 139508 49835
2 130391
1 129026 5075
1 129369 100864
1 166762 138211
1 19269 153603
1 71381 12062
2 102243
1 197013 86861
1 195062 91269
1 113516 108607
1 112254 31122
1 75186 94197
2 88711
1 163925 167352
2 45690
1 125416 18485
1 121487 66298
1 64434 28087
1 109620 182761
1 47389 144892
1 155802 71489
1 6956 18844
2 43999
1 80848 101340
2 93002
1 97501 73949
2 5686
1 109729 171130
1 60867 191746
1 178152 118121
1 84528 150279
1 190364 124338
1 96997 85800
2 41167
1 195895 25409
1 44022 188229
1 197349 95178
1 175314 5423
1 192367 159626
1 154211 90215
1 149879 115883
1 195627 70636
1 51413 42641
1 127385 83999
1 109527 107192
1 109289 41277
1 40190 70351
1 154686 8991
1 108726 84564
1 72829 39600
1 174037 180273
1 145196 109997
1 32790 14806
1 129932 132962
1 179351 58072
1 73716 97955
1 8912 74824
1 48495 137353
1 148118 117591
1 186199 32815
1 40528 170282
1 164658 192044
1 66872 46394
1 185613 19218
1 86741 185582
1 112407 58216
1 9527 192251
1 52032 132772
1 174963 176379
1 197139 75627
1 189281 28812
1 102032 33804
1 125715 53420
2 88398
1 38059 27095
1 58869 169999
2 9882
1 55504 117748
1 96877 184664
1 2919 25219
1 55151 58378
1 95210 48692
1 185328 18446
1 123030 48855
1 8097 170005
1 159728 79541
1 185794 169408
1 44257 188941
2 80282
1 6328 136078
1 38144 40055
1 74065 161660
1 73594 84456
1 50544 28770
1 143161 58232
1 141183 58192
1 149085 28140
1 17212 62016
1 112426 56383
1 47337 5370
1 199652 162077
1 23057 57454
1 140009 67550
1 158205 194316
1 51214 122757
2 40630
1 112399 4286
1 141809 43389
1 94116 911
1 34999 24391
1 20770 106470
1 183257 88958
1 44624 30605
2 89745
2 131753
1 168466 117391
2 173930
1 156242 131107
1 168863 122113
1 49574 49320
1 22318 107712
1 133732 74528
1 173821 170374
1 182127 43007
1 176948 187793
1 23896 106887
1 175996 65583
1 114137 49445
1 33439 24706
1 28496 115278
1 9569 158011
1 189568 68634
1 43038 102863
1 7302 12193
1 116261 158398
1 195608 8148
1 16468 17029
1 153668 160862
1 52916 155744
1 44518 13499
1 27607 118981
1 77034 167128
1 52913 67806
1 132804 18285
1 46195 113350
1 59501 94423
1 85870 178439
1 39775 1145
1 15975 82065
1 48084 73172
2 156214
1 165448 49147
1 124295 30180
1 77450 72635
1 112545 113477
1 6821 61228
1 36801 65235
1 168068 20818
2 74843
1 62861 38855
2 9014
2 46926
1 34596 42205
2 131913
1 184080 6080
1 197287 35757
1 1384 108361
1 12343 30050
1 47674 5719
2 10196
1 99799 169016
1 17858 8126
1 165415 72530
1 95352 146182
1 93599 51889
1 95752 120235
1 43336 194612
1 189209 174584
2 129767
1 168510 97753
1 66419 65376
1 130658 89142
1 42732 148621
2 117092
1 110335 44320
1 88618 130502
2 83545
1 71972 93590
1 70033 3281
1 54355 141082
1 60995 109508
2 38324
1 192744 9987
1 126614 178010
1 93875 177842
1 113093 101622
1 37026 70680
2 58957
1 113598 191342
1 60946 35842
1 141301 122200
1 64934 129198
1 113606 42573
1 26090 61571
1 90582 178682
2 67760
1 132799 21067
1 81605 56606
1 16969 7424
1 34556 62662
2 79228
1 111516 126689
1 146677 194228
1 138506 181972
1 49552 76072
1 160604 61688
1 69929 150277
1 196126 176878
1 19905 127372
1 163813 73421
1 164712 43822
1 108201 182566
1 70646 192293
1 136162 126134
1 143495 154390
1 25249 107371
1 81019 60517
1 131696 126236
1 71150 137944
2 74798
1 111337 34932
2 169346
1 190654 85018
1 136259 55221
1 6405 55726
1 169310 224
1 73260 37141
1 128026 68384
2 101084
1 174055 14973
2 150860
1 17987 155463
1 17203 85305
1 52587 153739
1 41566 146218
1 158432 124585
2 141444
1 118110 130939
1 3204 4809
1 72806 127452
1 12622 14204
1 20998 162880
1 82827 40719
1 170508 96926
1 38528 27673
1 95738 85703
1 170045 9866
1 31556 104062
1 28921 93741
1 152011 128917
1 61805 16676
1 147417 126217
1 52467 30751
1 145373 165407
1 152287 33309
1 99688 94975
2 123037
1 96455 148200
1 21270 1867
1 198782 122276
1 137243 29273
2 49185
1 169096 134720
1 31762 108645
1 12981 195953
1 76105 81850
1 16473 109689
1 22386 42729
2 171579
1 168282 179065
1 123192 23882
1 130742 9464
1 132350 83704
2 110568
1 108929 58085
1 88373 60439
1 34375 69549
1 83623 32348
2 180477
1 138028 114584
2 112477
1 186734 159
1 64413 167229
1 120162 31087
1 114610 68031
2 70505
1 173140 143111
1 15020 5607
1 133547 102083
1 128174 35231
1 99454 98279
1 39846 134963
1 193075 117542
1 158648 119199
1 36442 163265
1 44688 9139
1 110380 20583
1 108535 40464
1 84362 177420
1 24497 162278
1 43571 180040
1 185305 175789
1 74630 178546
1 17216 68129
1 7227 194558
1 19907 173698
2 111516
1 197688 180651
1 112550 4040
1 172274 68426
1 140473 141226
1 78153 85075
1 96259 73077
1 148439 124537
1 92589 119140
1 71055 53644
1 112499 34736
1 157114 173264
1 56442 127826
1 198513 27551
1 67758 148987
1 66586 199297
1 43424 169297
1 44839 67402
1 42399 122795
1 39244 65524
1 39829 82000
1 49984 35773
1 11620 185387
1 165879 192194
2 140929
2 66618
2 5276
1 182801 73976
1 154135 63675
1 89090 76976
1 156406 197890
1 107947 95973
1 100412 179874
1 86311 44118
1 194067 53306
1 37103 109654
1 78346 199534
1 178743 111683
1 44818 145478
1 158538 79110
1 115641 157961
1 173289 47948
1 106661 82458
1 96160 22467
1 187284 42130
1 186795 78424
1 157586 104544
1 140360 96815
1 121148 55197
1 124573 183203
1 127604 48627
1 25165 81855
1 6116 89968
1 145301 191549
1 145463 106662
1 127724 40126
1 29524 49990
1 17563 118090
1 113821 121085
2 186138
1 187448 8873
1 111498 181869
1 32496 176317
1 126177 142014
1 185548 99281
1 124299 32251
1 121182 20353
2 111342
2 151071
2 30097
2 39205
1 134964 188007
1 99286 191236
1 133066 196114
2 160754
1 37777 99331
1 5118 68157
1 153591 146689
1 45645 122150
1 127105 118884
1 58863 183533
1 22595 26246
1 33908 57987
1 175287 73076
1 190259 155682
1 40467 3246
1 115595 156590
1 36714 183457
1 185048 182989
1 184070 139236
2 93688
1 179121 94659
1 73083 155712
1 3298 132397
1 11804 142073
1 94662 25117
1 189652 3808
1 21432 102545
1 194515 85405
1 55825 52171
1 47741 157251
1 119658 194604
1 173644 7816
1 106451 32337
1 18920 64518
1 52180 158573
1 93508 2865
1 136483 180263
1 1980 136987
1 173798 140022
1 96173 75877
1 48171 29564
2 100308
1 59912 81317
1 84608 66602
1 199729 138280
1 43332 156607
1 90006 65575
1 180728 14165
2 19437
1 152725 33277
1 179237 194097
1 17392 121821
1 4388 128123
1 59575 161927
1 75206 3102
1 72138 173195
1 38153 106248
1 143763 63961
1 123358 162902
1 75878 169334
1 24353 145016
1 18009 49344
1 101015 74822
2 180897
1 155674 127278
1 43877 14766
1 68850 130736
1 198628 184328
2 146812
1 13200 14869
1 146079 182310
1 87428 188690
1 193791 50724
1 84929 189148
1 170643 4102
1 110128 52186
1 182301 39705
1 168809 48534
1 11540 10880
1 75151 138358
1 125341 20242
2 140078
1 72788 107344
1 22878 73875
1 40236 54761
1 175319 138603
2 145145
1 190848 196207
2 154536
1 76350 38139
1 171631 189143
1 107744 10089
1 153549 195219
1 171117 107040
1 50108 152094
1 20151 116079
1 126186 140280
1 19550 137526
1 166922 52634
1 61010 177157
1 83638 198003
1 3466 190264
1 33668 159778
2 52740
1 131741 66279
1 144818 60799
1 187252 102792
2 136930
1 26290 19050
1 13183 85628
1 135997 184809
1 66384 147637
1 125426 31911
1 74092 62783
1 99004 75035
1 98886 114537
1 87574 82625
1 2086 85369
1 160165 4881
1 132007 163976
1 188373 182780
1 139118 138142
1 148406 73511
1 45740 178510
2 95129
1 59441 159511
1 79080 77543
1 17578 1125
1 85198 107522
1 183987 72330
1 81045 144350
1 137685 29810
1 146976 191970
1 15355 121985
1 127323 182714
1 45586 61130
1 124345 198016
2 13728
1 187565 78762
1 20650 180193
1 38348 61343
1 59188 74600
1 184828 6530
2 104511
1 43989 37892
1 174230 17972
1 8713 13035
1 126164 93311
2 58584
1 193243 51935
1 146893 113596
1 143803 89649
1 144055 93700
1 110052 22155
1 189760 13771
1 94916 187663
1 127184 24949
1 164259 53666
1 41602 13867
1 191205 43267
1 154881 139160
1 22019 192038
1 47457 174499
1 149638 94933
1 36224 100142
1 73861 65863
1 4382 72975
1 63712 3522
1 52601 152077
1 15804 62382
1 83181 87071
1 182912 109243
1 89675 65121
1 35792 171829
1 175736 78295
1 161097 182565
1 14600 6821
1 22334 45290
1 98330 65806
1 130993 50073
1 107895 178029
1 69588 144146
1 24870 144625
1 2753 60067
1 21779 186781
1 130039 43298
1 169056 58752
1 95704 104709
1 150986 51569
1 15327 91077
1 68289 96718
1 169638 164148
1 8705 182709
1 66328 18843
1 176501 51651
1 91955 194712
1 157069 84044
1 187137 180470
1 192478 174684
1 122711 67918
1 190458 147628
1 122383 192350
1 62416 111335
1 153218 32551
1 42374 119838
1 81608 150860
1 66453 135881
1 74804 62504
1 15076 121280
1 127562 95152
1 123881 173754
2 90115
1 7669 173180
1 158952 53316
1 148015 20989
1 49096 153562
1 116395 195496
1 115909 17082
2 159540
1 179404 14178
1 30425 59726
1 118304 184687
1 181505 25644
1 33344 162530
1 49402 37999
1 117438 85365
1 60386 65824
1 28395 33602
1 145576 8304
1 33038 190174
1 67759 86446
1 113256 84083
1 111648 20554
1 50790 127649
1 52879 110665
1 92134 79447
1 100689 161544
1 121455 172717
1 7069 89653
1 10155 69892
1 136353 177099
1 198119 153056
1 93992 65358
1 85325 77125
1 86058 43015
1 187489 142994
1 65906 73600
1 134585 65434
1 166391 176962
1 107329 142473
1 83508 132622
1 75247 135606
1 124361 65242
1 74050 181764
1 470 44877
1 22274 100158
1 153558 53310
1 96883 183987
1 190714 75944
1 171546 180175
1 67334 118449
1 105972 52538
1 111472 83805
1 108083 47990
1 62199 137996
1 108283 3956
1 93249 84668
1 8925 59959
1 120184 142011
1 10067 2732
1 109094 41772
1 190140 196105
1 90256 71870
1 42969 12644
1 155088 50344
1 119880 177046
1 171894 129319
1 142847 115537
1 191136 572
1 147148 108030
1 165784 55521
1 11852 77274
1 39662 92427
1 145961 188435
1 58199 10405
1 68888 171166
1 143621 129866
1 156754 114972
1 77383 193860
1 61970 16429
1 176227 198788
1 66576 115604
1 169841 162594
1 155580 182156
1 72123 196502
1 39997 111018
1 150547 4150
1 23787 103860
1 116468 96882
1 127627 91457
1 62877 31950
1 151818 157458
1 30954 155551
1 154940 144367
1 98227 18248
1 47382 110982
1 167530 121077
1 186666 60864
1 126256 158872
1 159778 66277
1 197944 129379
1 138302 135986
1 120479 181702
1 188242 88185
1 156618 70251
1 80571 144953
1 184706 81519
1 164193 18046
1 118221 7586
1 141106 63227
1 169677 39361
1 184669 26789
1 130717 168691
1 110285 43155
1 89834 142146
1 154920 175251
1 58639 53595
1 85127 49551
1 93108 8840
1 187255 175585
1 65705 182764
1 50928 164276
1 196158 102463
1 144469 105180
1 113702 182028
1 44972 59895
1 84812 49065
1 119583 38020
1 189685 151349
1 125363 85955
1 88279 32663
1 30151 31695
1 150008 44917
1 182544 20664
1 148235 54451
1 158867 52773
1 199624 108462
1 88483 87081
1 61002 46520
1 124445 196771
1 116974 150101
1 13602 109851
1 129064 52022
1 90259 144026
1 72553 138997
1 55186 4618
1 100015 190353
1 181559 115472
1 100716 112619
1 56016 100902
1 52891 3584
1 59550 143484
1 55007 4329
1 26829 5328
1 81117 117008
1 27378 156683
1 45531 149045
1 163851 7712
1 7066 93281
1 91506 4960
1 96561 101993
1 77923 167904
1 136427 142694
1 70447 38926
1 80674 81843
1 12352 50767
1 174941 155815
1 91856 12702
1 132838 79124
1 51172 121505
1 170544 68416
1 15117 130637
1 18344 62115
1 188832 91964
1 67097 132834
1 115956 56397
1 125190 109706
1 78686 45371
1 151490 73167
1 176233 33089
1 57427 27782
1 161881 146285
1 39495 45152
1 15072 29699
1 125782 89065
1 41568 144661
1 193401 39936
1 3619 154336
1 152266 192089
1 24025 156458
1 122973 133425
1 169489 129433
1 83359 119632
1 172858 87893
1 129772 12356
1 191259 16226
1 119797 92956
1 159184 97784
1 40083 45603
1 61191 112612
1 193830 167006
1 48955 181987
1 55922 8904
1 94959 22205
1 75195 86093
1 176878 81887
1 45343 120261
1 64705 26556
1 170484 3954
1 78769 119526
1 104674 189949
1 124286 137256
1 68291 163692
1 85344 55910
1 97208 58407
1 38781 125624
1 24334 39788
1 85931 5508
1 30355 28624
1 192040 154394
1 133490 100280
1 98454 193365
1 190358 76887
1 187323 175791
1 113149 37162
1 179577 126436
1 141787 198129
1 184586 182859
1 105458 46896
1 150656 31409
1 34223 191717
1 76218 158776
1 13063 152203
1 31273 158767
1 117138 92559
1 195845 89713
1 93672 143954
1 162635 63811
1 49530 64735
1 135353 180265
1 147955 23150
1 30027 80585
1 131535 7513
1 95735 128388
1 158972 136990
1 133159 74321
1 172783 165589
1 11446 74011
1 59912 195379
1 92461 181724
1 133289 31679
1 186495 18298
1 131220 145811
1 97923 60705
1 76996 167893
1 195249 183715
1 33741 10807
1 8671 105293
1 48439 74478
1 18557 72330
1 194264 157679
1 143886 172220
1 30320 174511
1 37481 5337
1 14153 73755
1 32047 50115
1 93648 73878
1 5518 152491
1 53678 56690
1 71799 2728
1 196843 184945
1 150044 171283
1 78148 195965
1 42221 197478
1 196554 148454
1 130003 166037
1 52158 156635
1 48557 137580
1 150891 168555
1 21322 105514
1 150019 70972
1 165991 97885
1 38205 135052
1 50538 186942
1 13934 12264
1 164959 186383
1 131239 103723
1 81330 163571
1 72335 88760
1 117548 2190
1 97600 60217
1 144114 195166
1 77158 21081
1 111420 177304
1 40342 15936
1 75218 36295
1 152749 173263
1 190540 175585
1 10538 70747
1 170763 155947
1 166477 94253
1 64050 132367
1 3760 172282
1 83370 15547
1 71270 167583
1 163670 90684
1 143506 191073
1 19730 55516
1 83977 61283
1 70962 140025
1 19692 79079
1 134201 142631
1 70271 86474
1 52696 1543
1 47310 135034
1 166568 59752
1 578 24697
1 31210 89630
1 162175 124055
1 116862 75233
1 179329 85356
1 55649 80937
1 108023 181588
1 53163 163719
1 66719 107375
1 56521 88134
1 183010 58841
1 134199 45442
1 60210 12645
1 162625 30088
1 161058 39520
1 84410 119471
1 17798 171460
1 108029 178102
1 174923 95034
1 166052 32351
1 175385 142549
1 146118 163468
1 118119 191436
1 170293 27736
1 66334 165174
1 40695 56247
1 62002 98187
1 103427 183057
1 103165 73562
1 187328 185819
1 8349 26758
1 71417 98743
1 165071 44229
1 131300 28559
1 140045 7259
1 133077 59053
1 74277 131667
1 164477 17565
1 179482 46527
1 161703 100421
1 29504 84400
1 18869 164100
1 168851 178232
1 140503 123147
1 58520 19167
1 83724 173816
1 112055 23140
1 36253 143929
1 140631 155638
1 192407 118879
1 14139 155314
1 14152 119809
1 93 138398
1 160893 112404
1 2057 98341
1 19066 145225
1 24444 33557
1 96186 91302
1 180669 175447
1 40105 90856
1 74619 104685
1 64863 89688
1 167912 33458
1 66654 87660
1 46998 132237
1 109454 160928
1 8784 191414
1 91767 148245
1 96634 26349
1 67328 191978
1 194667 160376
1 32359 145881
1 49483 169949
1 49280 125588
1 7337 59935
1 24818 126368
1 147551 169085
1 79599 61106
1 199657 101159
1 122995 79112
1 9090 132739
1 145152 91145
1 94273 124704
1 177689 132448
1 80883 95482
1 19644 99350
1 177017 3438
1 183843 51631
1 122211 140799
1 30782 30599
1 9294 163081
1 37930 184620
1 149563 59716
1 10677 128766
1 180721 573
1 147862 42181
1 84565 190032
1 58023 165139
1 10952 147432
1 192869 73307
1 3008 101051
1 75882 143505
1 124522 148865
1 88233 14658
1 16959 145460
1 18155 49205
1 23076 22349
1 150920 4291
1 20296 131645
1 181545 64245
1 199801 130218
1 146365 69916
1 29254 36267
1 43961 90165
1 29788 124742
1 160468 68093
1 55450 151337
1 22722 177169
1 24054 3559
1 160496 19018
1 81876 105076
1 101376 93400
1 172900 141155
1 80518 97758
1 111805 124766
1 141315 143757
1 127863 36583
1 68129 114692
1 78478 103502
1 61615 25127
1 77109 130418
1 144862 195838
1 113656 101052
1 50683 79632
1 25877 74841
1 137967 64896
1 163548 66167
1 70261 30248
1 76421 50179
1 151578 135156
1 25618 149025
1 24250 29121
1 51813 186028
1 74361 167926
1 120100 98735
1 34113 174818
1 159563 51684
1 130234 99990
1 47826 21100
1 133903 183942
1 8000 24270
1 11743 40411
1 6478 172085
1 122177 83739
1 27263 126756
1 151805 179965
1 33855 11324
1 179976 84422
1 116539 159600
1 5247 616
1 35072 121799
1 146342 175068
1 74455 27731
1 120418 96254
1 67488 146416
1 55092 166633
1 128750 67392
1 150200 19988
1 103202 77157
1 132318 129067
1 9291 85695
1 42535 71281
1 38013 149992
1 125923 185878
1 144944 39469
1 165929 87124
1 93083 86734
1 5336 48591
1 187601 93560
1 54668 141869
1 155739 143041
1 48867 1459
1 10519 152421
1 171122 130273
1 116049 150208
1 117314 109264
1 15328 189644
1 174672 187849
1 52547 19996
1 139268 174568
1 102715 5977
1 173488 120818
1 126636 148795
1 113229 106099
1 122223 179851
1 139569 79708
1 186618 119319
1 138388 163355
1 50676 8246
1 78532 156796
1 63314 84670
1 47846 173888
1 48438 145923
1 102383 61244
1 195145 151122
1 81507 167604
1 19863 59565
1 34956 71352
1 116907 175560
1 166462 57279
1 185771 38788
1 181193 62017
1 93046 4458
1 1983 89626
1 33916 154347
1 37736 159133
1 12317 74839
1 165890 116533
1 172805 168540
1 145214 195395
1 54216 65408
1 147959 10291
1 46585 150881
1 153461 120992
1 125008 106155
1 17251 129067
1 188220 20954
1 36620 166167
1 9542 61618
1 148187 3815
1 172583 39612
1 167444 109114
1 188395 30467
1 16974 154534
1 103366 71822
1 149043 61332
1 142007 131615
1 86778 1052
1 60251 130476
1 123811 116450
1 197588 140317
1 141299 84079
1 184731 73287
1 12210 33683
1 61730 71591
1 83106 61114
1 37485 105249
1 144769 46029
1 77939 33465
1 184001 183308
1 21552 13715
1 66951 151401
1 77518 154599
1 120034 12200
1 131125 70344
1 157709 192372
1 88302 169878
1 84584 5764
1 1855 100801
1 109746 124783
1 20610 156032
1 121034 166604
1 53447 114961
1 115943 82061
1 89773 182515
1 19861 156126
1 197884 89441
1 136882 186
1 130693 182416
1 124072 66061
1 121405 170475
1 161196 159376
1 48022 69390
1 23352 62113
1 38752 95233
1 75141 179490
1 75103 65718
1 32140 65555
1 51821 168005
1 156605 5107
1 136401 13991
1 176320 85140
1 43489 54577
1 194091 78525
1 74645 185362
1 46916 29637
1 42605 109902
1 155129 2797
1 55813 22332
1 147676 119870
1 98998 84415
1 171363 42148
1 70448 14721
1 199072 51722
1 94101 26805
1 164093 10614
1 8216 92814
1 38075 190566
1 90007 13626
1 74732 68588
1 183797 24612
1 68334 80135
1 126076 13481
1 61289 49220
1 111474 101402
1 142284 91348
1 153210 104690
1 182852 75821
1 40685 92057
1 105085 21030
1 74809 197337
1 23069 12302
1 182137 34079
1 76030 119885
1 110934 79222
1 1899 26622
1 26910 161599
1 198045 21516
1 188131 78708
1 135543 134668
1 161685 138206
1 137280 90138
1 17507 133780
1 20896 76982
1 188879 168118
1 21661 91681
1 54096 94441
1 146902 84724
1 19821 154900
1 29696 12352
1 143703 199259
1 146337 132972
1 182919 124827
1 68043 141323
1 190168 186343
1 95706 63421
1 58407 58241
1 34799 101704
1 127977 77083
1 177134 13943
1 135885 25935
1 58678 68850
1 61266 52892
1 186080 85662
1 146027 134947
1 8635 161528
1 52881 188706
1 193798 117101
1 32360 159984
1 69294 149116
1 37461 21497
1 181321 81743
1 13279 35131
1 147858 112342
1 148229 73792
1 80871 91046
1 83359 128285
1 90753 129361
1 76664 46252
1 35059 133062
1 83819 107142
1 187109 167147
1 146428 134083
1 5585 150649
1 45369 13302
1 92159 196632
1 157970 197859
1 21245 53563
1 55285 115587
1 42402 139645
1 192558 56123
1 22851 156861
1 958 2840
1 108790 64311
1 93497 14287
1 168966 27364
1 107621 1715
1 62775 14483
1 54993 115446
1 178428 40393
1 127283 116324
1 84405 193878
1 62214 191965
1 3822 15544
1 171106 149139
1 130645 58357
1 93020 36612
1 1530 63091
1 134561 51192
1 72588 111067
1 125518 28734
1 127827 28207
1 65554 142882
1 157737 7912
1 145415 50931
1 109181 111379
1 4493 89203
1 151626 99566
1 187113 130335
1 14740 77758
1 22557 106145
1 169891 39476
1 55624 21138
1 67972 137409
1 114624 94517
1 67709 109813
1 30957 187888
1 197776 195999
1 52457 185101
1 82483 178848
1 6102 168497
1 153037 60114
1 54655 98907
1 102516 124184
1 193843 187617
1 39910 138182
1 116318 68198
1 145734 24244
1 132457 13342
1 62808 60893
1 31763 152326
1 137855 177534
1 20688 159007
1 27510 100716
1 15586 159210
1 51468 102901
1 76471 181865
1 116836 112251
1 137666 41620
1 177773 132685
1 196573 171226
1 10333 66759
1 70429 114842
1 11572 7020
1 18871 7905
1 87920 154113
1 40595 138405
1 108683 172397
1 193199 100737
1 20924 127311
1 178678 499
1 148333 157343
1 93793 7443
1 133178 93832
1 62093 73046
1 50091 109700
1 75614 153091
1 59570 174202
1 31123 53684
1 163175 146836
1 137835 113041
1 120066 45285
1 140791 158472
1 155353 112634
1 173504 112015
1 32668 31167
1 77468 32030
1 15375 164948
1 88844 30055
1 179654 115952
1 147096 78041
1 66022 43702
1 164398 155988
1 194139 151701
1 6903 22638
1 150101 150565
1 128379 36326
1 166087 95680
1 34488 114216
1 43553 100318
1 39869 54529
1 132876 146676
1 117388 183396
1 26663 90062
1 29616 63005
1 159810 33387
1 82524 161108
1 95256 2969
1 113477 157253
1 112208 149586
1 32706 90622
1 19318 42838
1 24610 177050
1 158326 125642
1 163661 151228
1 102362 118224
1 108574 80527
1 108870 166823
1 113791 119356
1 40432 37636
1 161414 145196
1 185956 37874
1 9488 32576
1 27191 87975
1 90908 185870
1 126155 87976
1 35243 154525
1 135172 29088
1 174741 170915
1 154185 91387
1 27310 178174
1 77758 154056
1 104793 18673
1 96704 44367
1 18796 114848
1 146465 14767
1 143813 15182
1 51621 83964
1 177196 162133
1 100477 195032
1 162731 4390
1 31362 191632
1 49770 169603
1 149749 179385
1 172046 40762
1 195766 111820
1 95251 129828
1 176195 74110
1 89768 63902
1 108466 66468
1 131467 8902
1 2353 122374
1 26534 118713
1 109309 90113
1 63145 8715
1 73056 159970
1 5416 115271
1 67311 9921
1 181943 66920
1 155971 165147
1 51524 139479
1 105399 179700
1 42293 153703
1 139106 133611
1 28226 33679
1 109846 57694
1 160341 36711
1 110553 58305
1 136928 24742
1 101411 54074
1 85630 88153
1 63321 131391
1 26637 191527
1 178248 307
1 51659 100611
1 139876 81470
1 197935 43698
1 11394 79019
1 164363 195775
1 14099 94470
1 177824 31804
1 38435 154038
1 68544 141691
1 155537 151640
1 164779 72332
1 158609 199070
1 125411 126777
1 124447 154023
1 118545 47871
1 59142 96543
1 180893 186510
1 108433 23448
1 21832 1795
1 61839 126442
1 4941 142500
1 119629 189576
1 21113 199261
1 75536 171491
1 83591 198394
1 100113 32900
1 122047 40357
1 122109 81317
1 191632 177505
1 88108 194896
1 104237 44294
1 113120 183355
1 153509 73279
1 199553 198243
1 81158 138241
1 147672 126823
1 184628 462
1 103946 33832
1 111813 43306
1 93462 98910
1 115999 86747
1 26705 76668
1 7125 124455
1 1056 87752
1 32254 74314
1 83510 115892
1 133207 116342
1 187792 30850
1 148700 189775
1 66670 179222
1 140194 128358
1 31123 153053
1 177911 82036
1 137920 175646
1 122556 65498
1 59565 120030
1 100802 102424
1 139848 182265
1 179172 159883
1 21874 33790
1 161188 30828
1 42294 163787
1 143114 170373
1 65548 181481
1 175545 116022
1 183886 28330
1 151058 8296
1 45690 82113
1 182414 194895
1 134312 82338
1 55703 40934
1 117644 149211
1 11815 9639
1 64559 48881
1 164772 186761
1 171882 108031
1 41595 31742
1 73636 67915
1 64699 10156
1 60941 177002
1 56628 85803
1 113818 110486
1 3920 180863
1 137027 2125
1 42610 172247
1 145914 64493
1 70221 137094
1 115693 155277
1 186886 84929
1 187710 182942
1 15502 167833
1 121282 192259
1 3130 59450
1 110072 43822
1 53860 54627
1 57867 6908
1 125062 150696
1 144522 157842
1 26004 48869
1 78119 82616
1 6041 171012
1 169710 106806
1 175574 163634
1 28038 6893
1 113368 106974
1 110253 48312
1 124057 117811
1 135792 112067
1 24985 92950
1 171370 154411
1 15100 45922
1 14270 76055
1 26661 51683
1 110166 42711
1 57108 147537
1 67613 70075
1 34942 171086
1 107387 15733
1 83819 99618
1 62352 114
1 92116 30709
1 146228 131701
1 113661 910
1 151981 103670
1 113552 130763
1 192881 123579
1 108475 114913
1 156445 179444
1 149580 29909
1 97974 184667
1 14346 156602
1 109599 171788
1 26582 51756
1 95066 27939
1 6275 78
1 101571 185172
1 124275 182976
1 134282 186319
1 121907 49443
1 49713 69909
1 101272 31121
1 162502 64468
1 100634 108503
1 16994 134538
1 20144 37302
1 57569 122648
1 34349 54745
1 74979 161254
1 126043 22872
1 19395 143095
1 25174 61101
1 150295 48268
1 115115 149621
1 9449 47358
1 141233 25834
1 16116 179862
1 196456 45600
1 101857 62832
1 165712 69309
1 104131 92945
1 131595 78909
1 89680 7622
1 153846 191142
1 50978 159742
1 18244 90696
1 61806 134825
1 115165 165048
1 2308 22993
1 144566 132685
1 105543 95160
1 55026 117211
1 50797 82611
1 13624 68591
1 6202 143623
1 154901 93708
1 113401 71490
1 95380 111460
1 22651 133596
1 96412 20377
1 177684 92558
1 45258 18933
1 34899 171505
1 192591 172135
1 91777 115163
1 113740 175488
1 182301 142007
1 35947 9518
1 3030 169124
1 199425 31928
1 197193 172688
1 165602 64825
1 39292 49556
1 87748 180257
1 39002 102994
1 171735 183721
1 153265 161549
1 64355 110806
1 78506 59400
1 4388 110130
1 82055 105507
1 160419 36742
1 198819 196978
1 137686 115226
1 22885 78944
1 31354 160881
1 7109 50371
1 189806 25279
1 99779 16255
1 79185 124589
1 15333 169696
1 38495 149840
1 123376 37619
1 76874 80485
1 10602 175270
1 129621 14992
1 80846 81440
1 154741 146198
1 105872 189282
1 64618 80345
1 134035 21343
1 30555 85651
1 89575 75352
1 160561 5781
1 66312 147452
1 19445 157952
1 12819 151039
1 37613 142660
1 121675 26489
1 148084 6616
1 87308 162497
1 13465 48955
1 135694 58058
1 107641 11242
1 74717 48062
1 45984 101921
1 38232 168857
1 115676 120917
1 164967 142792
1 42531 49842
1 129153 111170
1 158760 130194
1 11166 96678
1 189496 25854
1 66552 63254
1 112091 128105
1 118856 51859
1 7208 34985
1 15039 196442
1 37032 57144
1 323 104574
1 2030 87083
1 183211 121094
1 22582 134129
1 75837 192458
1 191869 181647
1 155495 165833
1 16289 138778
1 38844 4493
1 53305 109302
1 28976 61698
1 130678 54926
1 53014 102547
1 165690 78355
1 136856 117959
1 80953 51385
1 92920 84506
1 5583 50094
1 87814 78495
1 196320 143261
1 75553 163350
1 54902 144356
1 18546 140233
1 84760 132370
1 170598 129069
1 61799 38179
1 124651 192630
1 44349 12671
1 92589 129593
1 22536 140465
1 12754 28425
1 32356 61796
1 95924 87115
1 168056 143844
1 78751 165020
1 81491 24339
1 170186 69221
1 47879 148457
1 94169 186235
1 107717 2864
1 124691 17981
1 115130 67775
1 177440 194985
1 130601 76214
1 59975 191294
1 122825 51770
1 198438 175832
1 86433 94259
1 96753 39368
1 149667 77891
1 42991 67251
1 195590 29513
1 35634 128430
1 50151 48405
1 147414 47638
1 81376 42861
1 47997 33013
1 153450 127936
1 98441 65683
1 120817 14633
1 187802 98009
1 97718 93992
1 171913 140397
1 92393 194268
1 178341 180426
1 189191 88132
1 94766 39198
1 49 159671
1 101391 29033
1 169742 143330
1 51679 70035
1 79202 40769
1 123674 69005
1 27632 15583
1 47260 102892
1 33613 171922
1 72735 155971
1 58437 165489
1 182134 145023
1 117235 66968
1 109898 84231
1 165404 186079
1 199123 189332
1 139660 59735
1 41690 161998
1 37492 59846
1 129453 182761
1 22851 88227
1 64099 169918
1 8835 157524
1 194386 38061
1 22902 177703
1 68046 64242
1 69105 42126
1 171172 15815
1 184248 17247
1 98774 140409
1 60187 140620
1 177688 21966
1 198224 194015
1 1547 190294
1 176978 73530
1 132152 25232
1 57465 113421
1 35984 12032
1 96987 110487
1 22883 63821
1 195618 104288
1 7327 194912
1 77679 136311
1 157130 87739
1 68526 31145
1 8194 118296
1 68603 105027
1 130547 88835
1 70260 3209
1 154521 94520
1 89759 134069
1 22456 113472
1 102654 83061
1 91161 129609
1 65521 19871
1 135111 130501
1 137292 139959
1 24137 163461
1 52409 173412
1 69473 45845
1 9359 149358
1 80005 164506
1 161460 82427
1 43037 59883
1 188016 79819
1 129661 12653
1 195987 125233
1 94564 176306
1 77961 35924
1 137526 131859
1 159931 165990
1 56629 49292
1 70249 6691
1 15621 198999
1 45958 64460
1 2145 51277
1 2323 58021
1 120601 158265
1 52926 155693
1 35598 88574
1 68733 116958
1 174256 173996
1 57511 128741
1 51254 22685
1 161299 198306
1 136990 148757
1 4852 114658
1 28326 93658
1 183027 85595
1 114507 39120
1 34382 49193
1 184898 191321
1 66097 132488
1 189428 103917
1 141202 118353
1 189694 12789
1 169746 87225
1 112104 163245
1 50002 198216
1 868 95545
1 16915 145366
1 35082 153415
1 117521 104524
1 111187 146727
1 76641 26520
1 97363 164648
1 132426 158769
1 175803 182899
1 189537 70029
1 22287 137516
1 30440 143583
1 123428 70343
1 2791 94806
1 9757 109800
1 64716 141523
1 119399 102271
1 56001 13034
1 125682 182498
1 87372 54107
1 134514 100268
1 3116 137554
1 193109 164117
1 106097 196125
1 104134 184019
1 94683 124076
1 135714 29168
1 70710 106255
1 85946 5100
1 9653 104939
1 64777 5718
1 3342 125886
1 90423 137830
1 8213 159572
1 123598 185757
1 187228 43017
1 135995 189408
1 24650 55297
1 69321 151249
1 32507 31269
1 114009 83951
1 97431 49759
1 83493 184944
1 156150 8856
1 145718 117725
1 151603 72049
1 83427 115950
1 92367 98944
1 161099 52518
1 63816 197581
1 56598 164145
1 131066 51020
1 72808 198395
1 56694 92188
1 199014 82195
1 149024 5696
1 40045 119745
1 64846 39389
1 29071 190245
1 100319 108852
1 189905 32017
1 122073 170080
1 68642 125032
1 57927 96659
1 148061 98360
1 193873 109453
1 83969 75988
1 136221 161118
1 58991 161526
1 66085 192989
1 71717 133972
1 7129 121896
1 64314 162241
1 17016 189277
1 187290 112326
1 26474 21145
1 71106 159936
1 138272 110128
1 12031 107581
1 98030 121069
1 53923 185043
1 115689 65804
1 97864 141184
1 103613 44661
1 124297 166792
1 106385 199674
1 155326 145803
1 127581 67091
1 194743 50085
1 123659 66968
1 128508 98315
1 64141 43584
1 175747 61411
1 59263 158169
1 141682 143588
1 91773 139079
1 78998 82671
1 177350 78209
1 32291 136557
1 140562 85897
1 131310 159657
1 8497 99948
1 139753 155440
1 59237 174650
1 61470 136359
1 10689 115398
1 101614 4588
1 133570 11232
1 169162 21745
1 162030 93266
1 132786 194965
1 144939 100441
1 89966 100804
1 28194 162854
1 3658 138705
1 41749 154516
1 199062 199826
1 182013 44139
1 2909 13371
1 56616 142037
1 65445 47742
1 111633 118943
1 35816 59298
1 118913 55155
1 170833 47842
1 167013 175636
1 35705 165961
1 57073 138779
1 73187 189963
1 109621 17137
1 84085 19110
1 174909 27852
1 114233 141946
1 198638 44526
1 64404 124709
1 17694 76955
1 72261 124067
1 93236 113946
1 144929 125604
1 171840 41199
1 56206 126959
1 45917 102103
1 197501 61943
1 23750 117892
1 88236 137147
1 67765 11291
1 123868 12643
1 114690 162603
1 105742 139673
1 70331 179951
1 191812 112229
1 74559 15174
1 76662 182924
1 137120 58865
1 195475 132267
1 110266 63565
1 120250 168399
1 36173 27027
1 121079 128599
1 32418 165838
1 4738 36941
1 114588 33691
1 131830 10113
1 117725 90663
1 139087 29927
1 136732 161316
1 185382 39795
1 3716 166156
1 93296 9268
1 87504 52506
1 165364 155437
1 191396 111045
1 68556 136122
1 43758 83392
1 178719 83106
1 160509 144815
1 11293 91448
1 184801 6507
1 66300 177591
1 54917 59193
1 95410 62109
1 20810 128390
1 119090 19336
1 101540 37222
1 180074 120912
1 22585 6926
1 37885 174052
1 45303 37135
1 49534 149480
1 169142 71893
1 74157 93966
1 105104 142496
1 164597 73140
1 109693 13825
1 129126 132605
1 22386 196312
1 48175 100338
1 123515 85837
1 73760 68763
1 162136 38540
1 138462 179098
1 178837 83397
1 85478 776
1 39468 76195
1 144774 70354
1 153888 16139
1 129753 5142
1 139282 9561
1 100802 158457
1 99879 184663
1 8300 182668
1 139485 16126
1 80384 192159
1 87210 38768
1 136935 109541
1 197718 164854
1 3650 128393
1 136539 6262
1 143655 105679
1 89211 134392
1 59165 160175
1 159841 73562
1 78554 12463
1 77499 22993
1 188412 157248
1 177175 83107
1 133317 71194
1 145725 118177
1 162332 122011
1 197132 185833
1 67008 197468
1 160216 188059
1 48143 34069
1 165955 46107
1 112695 5235
1 170458 128903
1 188411 33272
1 112243 99194
1 199401 5715
1 29508 104514
1 148698 119040
1 126278 166814
1 149035 58465
1 29002 102202
1 168186 135902
1 71131 157038
1 149219 80826
1 15254 165428
1 119293 84343
1 5126 134314
1 151375 107564
1 50051 159432
1 179096 28004
1 8909 162723
1 78846 59193
1 49828 183266
1 163989 147761
1 11946 177919
1 150100 186201
1 1085 96065
1 23251 179360
1 22414 26296
1 173064 87158
1 191814 196922
1 111747 147942
1 23579 54108
1 2663 79728
1 101997 67059
1 93995 113707
1 11303 37325
1 173393 143513
1 137619 40682
1 124709 88396
1 122622 33536
1 44281 105145
1 21837 134126
1 28255 195098
1 105822 87231
1 36711 75081
1 68066 10595
1 87322 123162
1 134138 102697
1 126711 24953
1 85457 121472
1 94126 33157
1 58746 50031
1 179098 93676
1 906 159890
1 170754 100744
1 117367 14999
1 151634 2489
1 79218 177336
1 197462 160579
1 187969 154747
1 183928 130026
1 58145 164775
1 50363 173068
1 159452 181129
1 154871 46334
1 40998 91750
1 32407 119851
1 60156 91842
1 45136 183017
1 11072 116306
1 28132 189981
1 2639 141565
1 154454 61201
1 38564 178329
1 167983 123667
1 23986 95843
1 92466 102865
1 63868 117824
1 130652 156595
1 166072 43507
1 8863 177784
1 103972 18655
1 147295 33940
1 7848 17342
1 126892 98825
1 56685 28897
1 127234 117700
1 186685 64618
1 135807 148410
1 31836 138247
1 178468 180099
1 40550 105649
1 21966 169847
1 83370 7332
1 131253 127751
1 177286 65632
1 86886 76318
1 63043 42337
1 68413 14200
1 117939 34459
1 180326 123266
1 458 91384
1 107157 136116
1 95289 170518
1 156227 187307
1 145041 13179
1 39787 198730
1 122455 70363
1 29956 59922
1 176291 32205
1 5824 28672
1 30974 131017
1 173125 39016
1 157884 69541
1 167467 199312
1 152791 3216
1 102326 156814
1 84301 110608
1 73301 98405
1 163900 3960
1 29147 19036
1 140668 48237
1 131453 109024
1 34620 41562
1 30348 137437
1 192608 82801
1 103540 147223
1 31577 179427
1 191668 187022
1 70662 5282
1 172063 151955
1 116555 43927
1 170196 18212
1 104817 120670
1 33978 142095
1 185021 192009
1 101823 54470
1 194067 137365
1 171666 92286
1 40077 870
1 6238 100813
1 100631 100744
1 160648 106755
1 95630 101161
1 57963 76873
1 103578 4562
1 170515 149369
1 93576 25446
1 154679 125565
1 55403 194461
1 190716 125739
1 106612 10242
1 68455 13536
1 31888 67946
1 137121 199963
1 123139 45750
1 163313 12188
1 142018 174348
1 28853 114429
1 115606 37906
1 181474 192272
1 69806 50411
1 33853 44410
1 40133 153590
1 80921 109904
1 10421 132612
1 47826 5936
1 148570 35929
1 99914 175778
1 28523 83941
1 16356 131247
1 109077 137156
1 123774 94657
1 119833 108147
1 170163 175484
1 191080 120981
1 171536 163356
1 171836 116903
1 13845 35407
1 123130 169855
1 164848 75605
1 145414 168906
1 154870 111831
1 125606 66182
1 119714 71044
1 130522 76158
1 20241 199795
1 87355 188934
1 75197 47604
1 197843 111735
1 52090 57016
1 116732 107499
1 125230 33379
1 72252 64251
1 196053 191216
1 89823 135416
1 11125 153093
1 93462 177000
1 101086 94422
1 35408 121091
1 169701 179903
1 5143 113901
1 148321 5661
1 30574 105781
1 92070 102638
1 48808 137806
1 125953 10153
1 102538 145228
1 83316 120351
1 69092 15650
1 96180 152915
1 81901 156955
1 47904 15575
1 144222 64278
1 41219 143080
1 45329 147910
1 56972 90955
1 5210 60330
1 63692 24872
1 95204 90057
1 98481 70182
1 81296 15473
1 196993 44552
1 129995 140976
1 139802 165960
1 124718 137427
1 168361 8690
1 7387 89630
1 68392 155907
1 116757 3276
1 24156 160770
1 67744 6857
1 132687 17630
1 72985 46380
1 57034 29769
1 104664 46074
1 3477 105300
1 102788 163991
1 88818 117644
1 162806 107087
1 188376 191188
1 10770 169029
1 1197 177092
1 109857 15546
1 137351 197633
1 96179 19650
1 194531 9758
1 4085 156610
1 39013 131826
1 177934 4909
1 47890 87098
1 47807 143807
1 99083 150961
1 51707 88122
1 53452 53677
1 189699 106336
1 145957 197629
1 75654 76337
1 71032 190529
1 99256 50023
1 110067 11146
1 40305 82735
1 56910 11827
1 70216 41833
1 32648 51518
1 100912 162147
1 148061 136370
1 150867 17105
1 124620 48756
1 107117 60368
1 126791 17444
1 65899 94556
1 117051 29371
1 128132 105872
1 146562 86178
1 74519 120925
1 21797 114133
1 118982 50764
1 26326 10297
1 152018 60792
1 155054 17402
1 85496 66823
1 80995 156201
1 21707 156712
1 139213 107733
1 7443 73106
1 48027 127976
1 119973 5947
1 99280 6660
1 103875 169111
1 35330 39838
1 109366 43795
1 6997 157851
1 98218 145
1 162419 22825
1 182666 115814
1 106512 148319
1 189789 32400
1 6172 175384
1 117472 95228
1 26185 35981
1 169316 58296
1 153151 75313
1 37289 168437
1 162269 139794
1 11708 77825
1 79665 197998
1 13582 24899
1 120634 139986
1 100886 197110
1 49053 71354
1 188265 21802
1 164070 84388
1 171735 80504
1 167168 43190
1 177864 71749
1 25719 140563
1 139096 182970
1 129836 123576
1 186288 159426
1 6489 110812
1 132326 58437
1 42568 169224
1 40854 90723
1 42254 31028
1 88961 178163
1 66828 40996
1 19622 34237
1 55079 132866
1 1375 118005
1 47559 81659
1 83390 18171
1 84430 73887
1 29224 163152
1 1946 96692
1 27057 192538
1 55486 114459
1 85753 152794
1 45245 192806
1 10310 137580
1 175239 123577
1 89251 175039
1 76855 105119
1 32377 71703
1 180685 137327
1 147435 182465
1 116840 43232
1 29111 98837
1 84999 186089
1 23882 167729
1 35713 193693
1 12836 179188
1 86146 79430
1 137325 15161
1 108232 66560
1 68695 191445
1 101278 3287
1 165813 61460
1 188695 54052
1 153818 108976
1 130062 100581
1 106933 56594
1 55836 45084
1 187437 40332
1 51162 166186
1 42873 23894
1 142681 144364
1 97218 45513
1 43423 128597
1 66491 1818
1 104291 1932
1 42304 186392
1 103371 57736
1 106349 117352
1 147364 162731
1 163842 196543
1 129699 52636
1 71285 97888
1 34523 679
1 110295 78296
1 118207 150297
1 68330 4663
1 90521 150936
1 36417 100305
1 57867 150592
1 47514 77941
1 85572 52292
1 194169 81003
1 169734 109508
1 143430 70132
1 83286 24938
1 87912 120829
1 24580 16842
1 55138 129573
1 38685 59962
1 72429 139377
1 92206 3503
1 122711 172556
1 100923 20825
1 53340 18052
1 193790 163072
1 110019 142145
1 95525 43936
1 178170 146568
1 96518 148673
1 181877 168496
1 49573 19867
1 63172 163107
1 10153 195177
1 100788 63000
1 165082 97804
1 146600 35470
1 69470 60834
1 33975 197965
1 62773 106215
1 141320 76377
1 154866 37068
1 67372 195959
1 18044 34326
1 54588 160869
1 112772 120697
1 59316 128211
1 144392 88757
1 131855 115111
1 111497 166832
1 25315 132528
1 71881 199765
1 139519 124713
1 162184 40621
1 189635 105393
1 55487 80763
1 198143 842
1 188573 144797
1 110735 116240
1 87873 91424
1 51510 183610
1 171384 198371
1 150330 123286
1 82041 134961
1 42432 77505
1 180189 155096
1 139496 177766
1 79971 39758
1 97130 6264
1 8036 163781
1 77681 162930
1 38227 179916
1 4216 144461
1 42425 34473
1 25956 26882
1 69294 172981
1 45537 115521
1 123482 79544
1 119615 58354
1 184494 130309
1 138191 22059
1 108318 74456
1 57850 53810
1 49632 142958
1 112226 149684
1 193194 149092
1 12347 86598
1 103016 56595
1 184939 65755
1 144572 88746
1 147041 150853
1 125946 84046
1 80755 83312
1 24610 62255
1 187772 48669
1 50976 122987
1 43701 165915
1 121602 167528
1 153809 112267
1 176312 24877
1 10077 139285
1 180498 89281
1 74969 43494
1 5621 175878
1 23441 69804
1 109150 193496
1 102784 19923
1 31644 24994
1 197415 141953
1 25480 45824
1 76904 4751
1 168966 174171
1 126248 76939
1 68545 151169
1 42662 132011
1 67619 26307
1 134358 122963
1 112211 34836
1 81217 161289
1 150515 64799
1 66977 175095
1 133081 18217
1 106168 64866
1 56909 173865
1 68210 122666
1 49731 177444
1 108732 47874
1 18906 161420
1 105059 77297
1 194901 132889
1 32176 97864
1 167768 4969
1 175682 147237
1 17446 93782
1 83117 47721
1 91802 44246
1 195028 31094
1 7268 106391
1 187458 52652
1 160709 65691
1 79246 170660
1 127500 70801
1 89134 129644
1 23186 177590
1 6555 139973
1 109620 109674
1 69927 59611
1 135825 46038
1 168155 100804
1 108484 25406
1 79317 131324
1 60002 195298
1 11488 87839
1 127542 39450
1 82517 120487
1 153019 54513
1 183090 358
1 182363 165889
1 96824 37831
1 27432 163153
1 8458 192577
1 113240 180332
1 159107 86044
1 161796 184066
1 43096 8745
1 157411 157892
1 55343 53371
1 73858 52539
1 10303 172843
1 127176 17896
1 122089 26827
1 183017 135906
1 142038 56298
1 176744 167852
1 47633 33865
1 43026 186838
1 190375 80987
1 116663 199062
1 86717 115011
1 142186 161510
1 58098 142025
1 33851 81696
1 170549 147806
1 118260 128409
1 2217 101266
1 56402 81275
1 24311 97362
1 43077 97190
1 83187 190182
1 132779 110153
1 138610 59179
1 87176 126587
1 14827 55821
1 25929 180768
1 190924 63304
1 99387 73913
1 111647 82783
1 81798 30987
1 13599 148189
1 149486 148596
1 136724 24203
1 133644 150730
1 20726 152563
1 177609 95990
1 50495 190483
1 539 28944
1 199634 164772
1 44740 39099
1 71500 93197
1 145736 74370
1 58217 8802
1 69678 29940
1 40474 182754
1 18042 52733
1 170595 115888
1 47913 169157
1 102714 34832
1 63917 63758
1 122014 129509
1 45674 192969
1 140533 169961
1 178993 90105
1 66985 76846
1 97084 14155
1 125636 110356
1 115690 124597
1 30411 113866
1 42237 21709
1 69528 119881
1 90128 148460
1 85371 27982
1 177949 26820
1 79314 57111
1 158255 88062
1 41575 83553
1 141795 18583
1 15498 199136
1 126118 30333
1 123632 11583
1 127402 177125
1 185419 60185
1 121833 97200
1 4970 194360
1 167454 189182
1 160211 12685
1 2560 131346
1 44190 155056
1 20225 108199
1 179605 100633
1 85000 197330
1 151114 26399
1 94891 54681
1 147064 96944
1 86575 40659
1 41054 8272
1 75268 84352
1 178775 104342
1 8571 106283
1 122878 9892
1 94602 31871
1 16898 27302
1 43970 59366
1 45189 186958
1 68495 93096
1 123194 21646
1 22833 73794
1 34878 89431
1 66617 77702
1 135350 26448
1 64519 10739
1 167531 131353
1 39490 55381
1 91747 56001
1 44121 119391
1 117120 62982
1 122616 185926
1 139165 130060
1 96334 124576
1 148967 182496
1 111229 161086
1 107321 50478
1 135266 140167
1 9403 148736
1 32966 72534
1 893 30969
1 166117 89494
1 102287 197266
1 72542 128731
1 116260 2387
1 134778 1603
1 62503 73173
1 59426 99533
1 8669 122487
1 189915 9017
1 67580 95070
1 154500 195426
1 106442 146801
1 155218 4568
1 95738 91859
1 156746 49154
1 106436 14179
1 96640 36146
1 93251 185202
1 40847 67082
1 128979 54916
1 40344 163855
1 194987 19018
1 76671 5835
1 66553 73630
1 131426 48744
1 77244 129407
1 80412 49931
1 83174 86542
1 70267 167534
1 12402 151369
1 188477 6465
1 10947 168582
1 39057 13378
1 84734 101491
1 74444 135066
1 196649 136972
1 43817 131899
1 111173 97181
1 127174 12921
1 175401 88698
1 62939 2086
1 181344 113020
1 110717 157553
1 109444 133374
1 46099 134847
1 39899 144920
1 115863 1035
1 108978 21082
1 4496 6587
1 40889 176907
1 19470 156868
1 113630 96291
1 174822 178304
1 99308 69254
1 5488 147598
1 13094 158403
1 17662 145321
1 27935 118221
1 118814 71500
1 18781 23097
1 143315 19077
1 74606 139128
1 61519 47512
1 178186 29782
1 191861 141207
1 197738 84915
1 182925 180223
1 139048 70272
1 134023 155990
1 46104 125309
1 67573 75266
1 11558 160689
1 51459 131371
1 18801 109802
1 185337 70357
1 130663 180983
1 82995 98168
1 154210 166563
1 15263 13537
1 141826 13235
1 77751 190989
1 8395 139875
1 40705 99140
1 114369 184412
1 134148 81971
1 180930 161081
1 196364 131405
1 123812 32124
1 190305 187428
1 25551 183563
1 106820 142083
1 74268 55088
1 141546 36494
1 71343 196431
1 52477 135773
1 177874 30442
1 172560 48790
1 98644 195218
1 79521 91657
1 50720 88367
1 96149 99729
1 56865 190964
1 184175 49576
1 124693 122587
1 106834 134602
1 99312 117096
1 157432 19726
1 59828 94427
1 118514 56897
1 130318 163510
1 159458 13573
1 26803 120816
1 199926 61865
1 39995 111354
1 187751 176072
1 112702 42481
1 55665 124135
1 72365 150052
1 107092 88202
1 171187 44744
1 79884 13591
1 176908 39544
1 181645 122799
1 180837 46257
1 191105 12233
1 156982 20494
1 180933 160079
1 22748 163456
1 47842 85054
1 58554 83345
1 130761 68025
1 119954 29338
1 86481 130989
1 179679 8578
1 58740 103724
1 54197 57401
1 174856 137859
1 166300 133492
1 7482 171805
1 86889 173738
1 60048 138140
1 124511 165071
1 181728 117750
1 124101 128913
1 154828 148749
1 28489 185680
1 138752 131282
1 128020 2529
1 29165 183324
1 186030 131910
1 122695 49028
1 36372 169831
1 170749 14468
1 72087 67156
1 192377 110480
1 153144 187006
1 26775 183988
1 95106 91123
1 8297 86831
1 172391 18522
1 63595 169743
1 145374 171375
1 25732 84813
1 175356 74560
1 111165 126187
1 109650 54439
1 138565 166476
1 116230 172553
1 157733 1108
1 162741 45328
1 71488 132545
1 43528 10469
1 26766 154504
1 188501 189745
1 193177 19636
1 97081 21524
1 39481 35387
1 117939 113702
1 148044 130338
1 104515 78381
1 159097 61075
1 89795 113055
1 187942 89340
1 13638 157337
1 7862 146666
1 159727 88095
1 93064 148327
1 32339 134998
1 55085 2001
1 99731 123328
1 175144 20028
1 183091 131063
1 83948 184009
1 121407 100524
1 175890 62471
1 21344 176481
1 74264 174090
1 37434 186148
1 122017 194570
1 22793 196749
1 117289 121279
1 65660 138939
1 180617 73850
1 14865 96331
1 50731 88070
1 83953 33945
1 145102 12799
1 182350 159611
1 48573 71474
1 49147 127034
1 153740 120182
1 87692 84819
1 175636 8074
1 60718 96943
1 156591 108976
1 7753 83614
1 154870 181002
1 105364 190618
1 189562 107251
1 135416 190522
1 2113 195487
1 161385 166644
1 93507 80694
1 133761 118551
1 175524 144941
1 65630 15176
1 180915 3558
1 43069 57405
1 45923 87819
1 88024 153400
1 72968 68390
1 179837 17732
1 179029 126659
1 24815 152629
1 45269 59400
1 46850 42652
1 138535 199572
1 164402 141129
1 170814 194776
1 112324 39749
1 38681 142898
1 22944 138894
1 41727 144976
1 159981 13461
1 170494 188931
1 22126 189238
1 110436 50722
1 180509 78967
1 117054 113570
1 134 114244
1 10960 157684
1 188710 162856
1 181397 12446
1 180292 119695
1 29304 119005
1 118031 173563
1 135059 108922
1 195961 37828
1 168871 98539
1 157908 39636
1 2396 64684
1 32746 16803
1 37051 174238
1 39522 91119
1 96488 122592
1 180112 64958
1 175716 92076
1 28189 120856
1 31299 130420
1 177816 141120
1 174313 126909
1 179163 100082
1 21707 23676
1 55202 165602
1 153317 24495
1 84072 192818
1 122103 118397
1 67012 170485
1 59844 35345
1 63299 185699
1 155276 9204
1 3270 28637
1 166345 20586
1 188125 190946
1 85160 6031
1 197093 35666
1 101705 18929
1 140383 169762
1 31034 21488
1 75538 129951
1 75375 103124
1 78691 114471
1 55365 195823
1 171634 112805
1 167928 104436
1 163256 73356
1 75234 139862
1 31007 31511
1 138679 32293
1 16161 36288
1 142973 175077
1 10211 18750
1 400 199472
1 53076 58242
1 8214 62735
1 10178 78004
1 130814 46419
1 163196 48811
1 98239 149305
1 13166 94571
1 27343 77246
1 124538 184803
1 182370 21119
1 179091 136357
1 89125 44053
1 11358 124584
1 158522 82928
1 135563 45051
1 136565 20275
1 13296 2316
1 53655 176719
1 59496 136601
1 80842 67235
1 165676 50357
1 31197 100819
1 82928 102847
1 97281 162599
1 188607 188317
1 69444 71014
1 13722 144575
1 74252 51571
1 134158 193362
1 128919 97576
1 106260 5443
1 31794 120113
1 131438 136694
1 4727 152555
1 95870 108870
1 154955 45437
1 79658 180030
1 120215 30069
1 148398 157144
1 176454 159847
1 190274 52981
1 153919 102147
1 146605 183581
1 65509 110198
1 144552 952
1 8780 191555
1 45558 146316
1 123325 99618
1 13571 5305
1 3308 132824
1 49148 70451
1 168376 178775
1 114990 72126
1 142117 63896
1 11042 158063
1 99221 130167
1 13624 116834
1 156109 186895
1 180995 165814
1 30501 104855
1 160548 162448
1 51728 135739
1 122282 119248
1 26767 90238
1 103273 40845
1 28463 90896
1 50008 89111
1 88651 181035
1 121137 196589
1 56766 164339
1 67076 50492
1 96296 99150
1 86939 31579
1 182692 166465
1 4820 139524
1 133191 196556
1 191995 48980
1 142493 155784
1 81895 195077
1 6175 107006
1 80663 4906
1 139512 159306
1 71948 109035
1 156218 24817
1 95785 162307
1 164443 114559
1 110474 147063
1 81717 70821
1 196130 74009
1 172349 1425
1 97881 148989
1 81026 190223
1 29668 105466
1 189033 146144
1 115173 146084
1 149287 157849
1 171269 196359
1 164607 179070
1 34384 63207
1 126654 112351
1 65489 166775
1 169396 184883
1 92718 140952
1 103861 186738
1 36358 65556
1 80015 172536
1 144137 154522
1 98573 108568
1 143127 22459
1 167277 160765
1 84252 81444
1 32541 139400
1 9260 127262
1 182844 89509
1 66010 116291
1 51919 30575
1 175646 125699
1 197377 51015
1 187751 40791
1 155807 67055
1 3773 140996
1 32404 104301
1 30876 82003
1 113121 87645
1 46541 40014
1 114144 128662
1 144261 72703
1 114682 72641
1 191042 101669
1 169446 167670
1 51172 29687
1 193828 25048
1 130378 170717
1 170810 17651
1 101230 82091
1 13421 49236
1 1410 13152
1 116226 92328
1 97034 64671
1 189430 21208
1 182717 147821
1 45052 54820
1 45975 170347
1 3894 190142
1 4034 76885
1 16375 80553
1 24997 125946
1 119863 64723
1 33228 58046
1 107286 91824
1 115001 33485
1 124117 174807
1 75018 167521
1 182290 157986
1 187852 1592
1 84996 159424
1 95519 23822
1 57847 14622
1 181899 62177
1 82441 84471
1 109857 54245
1 120165 88567
1 103702 109190
1 187326 72215
1 33948 137501
1 122190 144245
1 23555 35701
1 116177 45682
1 107983 86848
1 118076 28369
1 21402 111060
1 70147 146382
1 68331 177194
1 101322 129276
1 98776 26393
1 156459 174882
1 19737 122703
1 98473 68247
1 124334 87313
1 34418 136668
1 127091 10548
1 159770 19258
1 132097 134939
1 40535 184285
1 26952 164659
1 190392 63983
1 185898 7468
1 83754 27257
1 82650 142841
1 138285 18294
1 140534 112459
1 85715 35257
1 136225 131721
1 187642 77313
1 113637 85972
1 39243 100763
1 158024 111609
1 103602 96312
1 90733 9655
1 117279 100046
1 78829 4146
1 24766 180212
1 117110 27704
1 29619 51385
1 90723 59507
1 112536 122565
1 68765 98158
1 45370 42355
1 82226 141389
1 79058 107630
1 5491 111174
1 181568 25995
1 195731 157669
1 73486 89254
1 165438 156224
1 139619 62783
1 49463 180791
1 191237 174103
1 153205 122479
1 156436 132486
1 170175 157007
1 83907 21344
1 137286 1148
1 133656 39945
1 18819 165521
1 85223 186709
1 156689 184801
1 92363 176164
1 122253 192944
1 109862 144572
1 106220 108271
1 18393 34215
1 105309 176056
1 44614 34384
1 172383 198283
1 143302 172313
1 34597 65479
1 160997 78784
1 59752 110827
1 172965 149554
1 100108 2381
1 134066 185646
1 159414 99035
1 46754 168862
1 135789 154386
1 130545 30258
1 93680 18108
1 60667 54207
1 157719 36783
1 93433 94231
1 41581 126146
1 120256 60521
1 64909 105425
1 88567 67355
1 171771 44916
1 48409 116326
1 28997 137979
1 115115 55602
1 76891 110638
1 134526 74738
1 195051 83331
1 132200 139073
1 186689 130783
1 44799 115006
1 138462 111314
1 84694 18085
1 48534 27533
1 127932 5423
1 2735 74342
1 89842 185515
1 51896 110286
1 45611 90398
1 12327 110354
1 151370 49880
1 170615 19344
1 97111 105879
1 35648 39226
1 2115 5664
1 177239 114960
1 139614 171292
1 155304 121178
1 26517 61873
1 77587 162724
1 70320 110626
1 110660 17854
1 171275 196072
1 57494 2035
1 108181 188368
1 128681 17673
1 195718 117272
1 37506 31289
1 115109 64261
1 131747 151216
1 167610 6024
1 122923 141255
1 7055 179282
1 82736 165054
1 46189 138931
1 13722 112639
1 87573 164666
1 22083 82832
1 52349 150280
1 10061 5017
1 17741 34103
1 156227 37593
1 118041 197098
1 134324 142883
1 194208 10357
1 58060 88605
1 50948 138416
1 111412 36475
1 57356 97494
1 24363 199352
1 20824 5796
1 196325 196565
1 154787 129711
1 196004 158742
1 80703 126661
1 24726 162298
1 186764 123528
1 186606 39994
1 172025 114247
1 92678 3780
1 110527 85918
1 96947 41593
1 162843 24848
1 173802 118565
1 9675 142498
1 115347 90558
1 39372 173179
1 101932 5088
1 42578 174074
1 102944 134534
1 143752 47895
1 34728 55116
1 28041 178365
1 1825 145187
1 20767 33126
1 154415 14742
1 18683 168248
1 88401 43580
1 73141 126880
1 141061 182717
1 187141 194414
1 193375 174601
1 45762 62576
1 7397 28630
1 19161 43282
1 61742 56921
1 57297 128756
1 78075 81224
1 138686 57357
1 70868 76046
1 133955 104704
1 189479 113807
1 76876 142012
1 72733 81053
1 24779 41561
1 79294 156283
1 13106 93489
1 70088 12433
1 107569 147708
1 60042 57008
1 26930 125615
1 8262 175687
1 154642 58070
1 138503 95333
1 14817 42800
1 88192 71281
1 35484 57291
1 49830 43688
1 69674 124449
1 31952 192086
1 36501 60466
1 123277 96342
1 83082 191715
1 114948 46542
1 16787 2518
1 20498 143397
1 53395 105930
1 24993 21576
1 79875 66868
1 145221 93149
1 140139 95903
1 117660 33157
1 103588 139393
1 157605 136792
1 50508 85407
1 181665 77789
1 144650 117540
1 139624 156232
1 75332 5372
1 22158 89783
1 140958 10742
1 189302 102959
1 112949 193945
1 55286 144339
1 179227 77703
1 79532 43494
1 114644 182737
1 58592 138946
1 84369 109914
1 116892 35289
1 80300 53359
1 64520 114283
1 174564 77733
1 146313 173767
1 147866 73269
1 157851 80390
1 101835 136660
1 159277 184644
1 118288 32599
1 156157 175650
1 194708 169222
1 185781 165369
1 105428 7934
1 84165 193440
1 112604 179468
1 98113 18081
1 99648 72712
1 189053 91959
1 183577 64175
1 36455 172876
1 110402 162565
1 148261 143921
1 75474 154025
1 30319 109022
1 71132 125561
1 90607 93931
1 64868 147049
1 141334 80910
1 34019 35295
1 166530 72087
1 29565 177489
1 152270 169065
1 705 174690
1 70457 32955
1 165154 46394
1 55290 48143
1 104885 134052
1 803 39601
1 194731 114412
1 86069 43891
1 98192 134969
1 199298 46759
1 138244 59240
1 21450 196573
1 132152 99435
1 136143 118558
1 97708 146849
1 177914 115945
1 44903 176502
1 193907 143341
1 166071 192508
1 147131 145351
1 41835 110154
1 53517 125246
1 6286 84566
1 112565 84539
1 36133 95630
1 32177 2765
1 119468 112764
1 155718 47069
1 144460 182426
1 144612 127278
1 28768 194866
1 93630 143833
1 53738 132218
1 135523 174470
1 69072 157039
1 109985 11950
1 16539 19568
1 165404 184143
1 23986 67357
1 147434 110320
1 74771 79281
1 90801 9175
1 53587 9180
1 188996 142536
1 57047 1189
1 112250 25791
1 143955 199806
1 184784 67120
1 4737 139369
1 144514 66494
1 58468 81610
1 175781 53114
1 170303 78926
1 110279 26846
1 190800 93628
1 180105 97481
1 92626 98713
1 59388 13755
1 66611 75905
1 62843 916
1 118929 149634
1 140936 74761
1 165115 110076
1 181290 161000
1 103717 130872
1 137543 48717
1 111021 96838
1 3837 159076
1 48717 153114
1 46342 24417
1 28960 158184
1 97868 142525
1 48026 140606
1 163593 90354
1 132994 90209
1 195619 112186
1 129074 57772
1 71815 76100
1 65745 49765
1 62212 15159
1 69007 130273
1 64298 166315
1 97505 174234
1 50467 147108
1 60606 174542
1 141074 11025
1 160730 71259
1 74282 97605
1 150818 95512
1 58960 192756
1 100857 169078
1 73781 103474
1 111729 66648
1 28141 185191
1 80780 49008
1 15573 140118
1 85172 154331
1 46755 60111
1 137529 120254
1 10063 146418
1 3914 71329
1 128161 177446
1 119414 176588
1 175835 112281
1 21476 137504
1 46026 48377
1 145232 171512
1 111976 97011
1 23560 114816
1 45301 69739
1 40934 190869
1 135957 26557
1 70607 142174
1 107755 79346
1 81517 67818
1 196919 25349
1 136297 146700
1 18414 88791
1 104363 17907
1 123032 68784
1 93846 16909
1 73326 142137
1 102142 23581
1 62004 158647
1 105005 167963
1 35540 189769
1 40597 176524
1 79612 19683
1 1943 156643
1 57210 69644
1 139316 42519
1 100437 12630
1 117394 51397
1 137838 156254
1 18099 110025
1 176728 4740
1 49585 95831
1 164917 186667
1 155453 88799
1 54802 144500
1 122392 70498
1 186500 197750
1 23507 198734
1 141251 70402
1 151363 108577
1 120966 114133
1 88136 4540
1 141984 116574
1 114175 179719
1 157275 167665
1 187460 193477
1 194579 136011
1 183789 26871
1 43605 23113
1 162627 175798
1 158584 152099
1 9923 179275
1 33660 133805
1 88982 89042
1 21217 132880
1 190988 197328
1 10441 138117
1 161311 125010
1 111505 38866
1 73766 5063
1 155820 69641
1 31575 178463
1 96514 161726
1 108289 34532
1 38984 67849
1 166665 143896
1 142433 176124
1 6885 110160
1 26292 66021
1 153814 25105
1 131470 4166
1 29802 189353
1 28282 93139
1 90162 107792
1 68767 111853
1 35328 125695
1 185114 69214
1 90211 124687
1 101404 180373
1 108839 158166
1 165638 6819
1 191559 59391
1 43202 195126
1 134453 197929
1 81829 80981
1 158861 4098
1 49283 106972
1 115733 160483
1 153426 108920
1 65209 172590
1 135298 18662
1 82244 53030
1 132571 19752
1 124642 93710
1 150873 15112
1 24533 171142
1 87493 105681
1 7925 22114
1 123285 131787
1 123692 155596
1 178821 85238
1 38769 43805
1 52150 185033
1 98501 163958
1 35463 13037
1 51819 45668
1 136626 54388
1 51308 32436
1 1962 99486
1 196298 150419
1 70642 31247
1 25476 147371
1 140991 118474
1 51659 18554
1 2385 141169
1 8258 104563
1 42255 128064
1 81788 14618
1 160162 155591
1 80625 26459
1 83923 23911
1 146178 56875
1 3048 76048
1 124526 3938
1 34684 181754
1 135124 29783
1 10654 118689
1 130092 117117
1 167659 26437
1 198976 23102
1 37679 174241
1 43567 55382
1 166264 138923
1 22692 25074
1 75260 125900
1 30546 60041
1 110766 737
1 116340 101178
1 118427 59698
1 114435 108455
1 54859 27698
1 178552 198737
1 162709 134455
1 44484 134965
1 111170 162683
1 108109 92966
1 39909 144723
1 101227 140267
1 62138 128942
1 92066 94492
1 158206 187665
1 99424 178040
1 398 170194
1 125370 53385
1 67076 69010
1 15395 150971
1 44878 145151
1 135150 125817
1 46223 186889
1 90630 15946
1 77307 16164
1 187690 35050
1 176109 131967
1 88429 157484
1 59276 52099
1 156077 112400
1 89375 101902
1 171283 19552
1 57197 133489
1 125388 84433
1 128025 149544
1 57286 36247
1 81789 16473
1 32302 58631
1 104197 114127
1 190632 130292
1 178830 81080
1 34447 146627
1 102015 44444
1 59246 107729
1 178215 94304
1 77759 174663
1 2072 60859
1 36707 64634
1 31363 156983
1 68834 186633
1 114133 24299
1 24420 82673
1 142225 96759
1 55855 155956
1 148654 99009
1 10275 116267
1 38131 166446
1 162227 73192
1 188434 24868
1 122342 121424
1 128322 85886
1 100558 52727
1 110240 43920
1 150535 47293
1 93126 40924
1 62515 73065
1 165165 121365
1 67380 98820
1 136705 151123
1 6890 169975
1 104131 61590
1 105775 186984
1 137187 85120
1 5840 193170
1 152030 77
1 158733 44131
1 161109 34645
1 19731 36891
1 120047 86084
1 168121 69602
1 124144 15576
1 110905 161513
1 86299 41756
1 7344 59077
1 188293 165731
1 116824 136521
1 124282 155976
1 59268 79650
1 168021 60132
1 26780 100407
1 153563 69008
1 8923 44865
1 15640 12316
1 42758 49576
1 48701 151248
1 73711 46688
1 101369 77091
1 185898 166658
1 178966 146744
1 193230 67374
1 91542 72800
1 34222 60192
1 62349 43789
1 93337 1490
1 33858 7955
1 27984 123281
1 89602 64677
1 87495 89699
1 47236 34189
1 80159 174232
1 183875 125228
1 160738 100847
1 133335 9396
1 150911 77675
1 90070 53795
1 70790 122038
1 191914 171074
1 40487 144758
1 125428 161950
1 175207 65518
1 120352 150661
1 63524 143896
1 24266 68419
1 54410 36928
1 107216 113182
1 21462 84258
1 72824 24912
1 20873 64071
1 187972 109892
1 13487 31261
1 163027 8468
1 4370 39254
1 16956 159873
1 92665 50755
1 116902 14002
1 132839 28848
1 145897 196657
1 93584 181698
1 198763 99876
1 153629 51984
1 61876 131016
1 149218 100799
1 152916 180852
1 30942 21345
1 119095 119691
1 143220 68943
1 35142 118850
1 69545 1861
1 113217 69972
1 46878 47677
1 132571 72899
1 65103 166992
1 86485 67729
1 160459 162761
1 105693 86270
1 107317 11595
1 125481 105603
1 136828 4070
1 70224 183631
1 134935 191284
1 10025 33857
1 84740 9849
1 33575 4326
1 113410 25147
1 33587 55476
1 194700 187166
1 74251 6407
1 90647 192644
1 28826 100891
1 73742 8741
1 143833 140298
1 74573 152042
1 76134 73479
1 3100 9487
1 192099 39386
1 102957 123576
1 60817 180254
1 198361 199635
1 170604 159032
1 8214 105648
1 102793 47001
1 36348 125214
1 137327 165431
1 97081 8966
1 63666 142088
1 95186 198796
1 42966 152832
1 178716 26916
1 152419 184843
1 154234 41138
1 16325 175309
1 137816 160166
1 126247 118681
1 117161 178262
1 100047 89392
1 138973 197917
1 133308 142587
1 151845 190131
1 124989 158219
1 40811 40974
1 130517 23056
1 43149 49144
1 71629 10007
1 53785 191793
1 81305 176457
1 189710 21128
1 147375 127264
1 176272 98357
1 170083 165483
1 173548 113529
1 72583 108101
1 158991 57657
1 52290 152914
1 36417 163991
1 52912 25723
1 1574 153618
1 61625 59115
1 189303 26016
1 20981 49801
1 120061 121034
1 63167 64695
1 98831 16776
1 63256 33355
1 64269 78877
1 76094 174797
1 144476 13429
1 40333 84465
1 33891 57980
1 86742 22870
1 127238 29121
1 138429 109055
1 112610 54028
1 28952 133904
1 128842 27709
1 18630 50764
1 173888 75366
1 106445 1102
1 151606 76586
1 11960 86341
1 195590 167191
1 130735 76788
1 73712 27264
1 41432 36202
1 185939 36895
1 42413 10558
1 142254 170410
1 30 72718
1 21335 63027
1 195690 51384
1 141436 91526
1 113144 79577
1 159642 253
1 47548 83333
1 113915 71591
1 122759 70664
1 93876 24410
1 34606 187099
1 70815 170580
1 89248 110313
1 123093 21529
1 18497 23043
1 45487 24137
1 24330 173665
1 69309 159872
1 112933 180060
1 58566 51443
1 45572 197160
1 154114 97352
1 98883 114006
1 62294 65334
1 179582 187786
1 132752 102238
1 101108 148153
1 140066 106409
1 142557 167270
1 141474 25122
1 80905 183453
1 180225 179222
1 85114 172272
1 16331 126506
1 131843 106225
1 123872 178364
1 29089 184497
1 79922 72702
1 19162 145911
1 94335 160463
1 50836 165188
1 146191 25883
1 93880 86661
1 139057 128309
1 184136 21336
1 177266 110579
1 172605 114308
1 115998 108937
1 46885 154227
1 76987 102633
1 52859 178354
1 185026 162586
1 73864 198507
1 159456 60439
1 39417 109026
1 3309 68139
1 194562 171501
1 135020 112650
1 59699 143416
1 171779 192434
1 26392 141497
1 193020 191811
1 161814 50416
1 181948 14363
1 83843 7330
1 23299 67190
1 184326 183894
1 14564 129668
1 194543 129424
1 58245 183756
1 115481 2125
1 86554 116225
1 110719 60607
1 15646 133346
1 25947 99274
1 72402 53015
1 173125 25535
1 103226 169482
1 119435 147864
1 46549 46531
1 16780 55156
1 129308 74823
1 187738 89620
1 27389 167155
1 180368 160086
1 139673 16148
1 82097 189616
1 156924 175561
1 142019 109808
1 183836 150044
1 180842 194611
1 174036 58461
1 156296 55523
1 69282 139776
1 165972 196917
1 46431 41273
1 25529 33186
1 179069 37142
1 142961 22373
1 172486 173213
1 155619 30518
1 96276 12199
1 129722 194949
1 173196 109179
1 23942 85625
1 126175 95855
1 16343 129770
1 53058 10235
1 50264 61213
1 176045 171678
1 167146 162367
1 110738 97206
1 75393 149924
1 87904 172763
1 177923 131073
1 4279 79932
1 157150 92136
1 76333 143229
1 168938 51971
1 37058 161680
1 117889 61522
1 66655 199315
1 14107 8233
1 45588 199657
1 171309 77541
1 35219 51291
1 95747 92078
1 38376 61297
1 120220 78962
1 196283 24973
1 117575 49248
1 137416 68360
1 24955 189923
1 93 41807
1 162235 128673
1 48597 108416
1 75947 115251
1 189076 65344
1 104365 52966
1 134402 176607
1 191808 70130
1 55436 78448
1 31642 29370
1 172824 21090
1 192451 48516
1 118023 21412
1 27189 47738
1 35889 173495
1 51186 118881
1 173916 176020
1 144101 144024
1 154238 151297
1 159868 48020
1 70389 1775
1 26245 12954
1 108932 33110
1 150472 114430
1 165263 190932
1 112484 126426
1 76185 102850
1 70189 190098
1 128956 193560
1 102661 122118
1 80617 184963
1 104057 184728
1 179298 9605
1 151199 84064
1 17462 121229
1 68973 26092
1 139579 126807
1 108444 162749
1 94609 63813
1 116029 52927
1 29141 15167
1 79323 125320
1 17828 176136
1 33682 102547
1 183442 95522
1 185264 59901
1 55530 18404
1 67274 21761
1 160999 166297
1 92321 11632
1 12403 158043
1 157237 155061
1 187359 164016
1 190120 6791
1 143714 105893
1 181720 60206
1 150678 139625
1 76854 33978
1 21041 182252
1 147627 10432
1 11073 53561
1 91629 115415
1 155370 25808
1 83804 138068
1 169187 129928
1 25187 93890
1 12653 164131
1 56652 88933
1 171927 165747
1 100132 11887
1 190511 134957
1 103759 151106
1 175498 163787
1 179374 148009
1 181176 190887
1 133807 165777
1 150272 97109
1 199156 34060
1 122786 33089
1 25256 159496
1 18701 57098
1 148829 4940
1 162270 172062
1 14571 182452
1 173659 148247
1 113349 198126
1 57264 189013
1 144797 116021
1 5801 44700
1 194873 139916
1 66160 171568
1 26070 81918
1 125064 57007
1 85438 97620
1 12042 121134
1 120933 114391
1 58462 122904
1 8648 147207
1 50109 198019
1 144265 66652
1 1957 143828
1 135621 139836
1 33437 71125
1 55415 94973
1 198635 66196
1 126738 74845
1 115602 198719
1 10201 8062
1 192913 136958
1 51458 147879
1 96601 132240
1 63947 38263
1 186126 152617
1 167580 197611
1 17281 174410
1 18782 156756
1 3435 7331
1 3099 58065
1 115629 160422
1 161559 142483
1 11015 4140
1 6574 193554
1 176087 168972
1 91823 189899
1 111571 167098
1 138680 23036
1 173832 59486
1 31058 41697
1 10389 105333
1 116559 53616
1 136867 111788
1 49890 183635
1 118887 156794
1 164799 108133
1 148826 157439
1 182708 45423
1 140278 51611
1 170695 128164
1 83445 141648
1 167184 28507
1 22918 146459
1 116696 196748
1 133776 113104
1 11507 128845
1 8746 175477
1 18395 168526
1 57179 30880
1 93454 107346
1 161359 191124
1 18858 160048
1 90394 196760
1 131526 40009
1 171632 197401
1 21140 25547
1 79012 112066
1 188148 70311
1 73377 18074
1 114075 126351
1 72167 15582
1 88165 62131
1 84743 173152
1 173367 149756
1 29280 139614
1 102297 111881
1 155932 193574
1 62291 85737
1 87142 10218
1 168838 116121
1 138285 39071
1 6541 156287
1 133470 162331
1 131348 44903
1 104861 27438
1 156088 194749
1 14149 170689
1 58657 165258
1 60002 166958
1 47708 127155
1 125356 93087
1 139324 146096
1 73733 12394
1 177970 148361
1 92469 158572
1 4011 30230
1 70245 53348
1 118891 73208
1 82585 108050
1 194855 156370
1 13618 164688
1 23912 60429
1 46564 82032
1 156637 12684
1 116340 49687
1 189057 16747
1 56501 83418
1 164590 135038
1 166596 31703
1 188608 28936
1 169217 163094
1 129454 194554
1 34191 72864
1 82341 43181
1 149199 1183
1 162150 15714
1 80024 165559
1 189090 24249
1 169978 166180
1 11539 9967
1 195829 57044
1 159006 126556
1 1844 6151
1 189095 21613
1 170639 137958
1 2804 134558
1 85888 119008
1 148741 117115
1 33252 43723
1 112435 79959
1 70646 66810
1 166344 149773
1 194247 76187
1 84062 74871
1 164033 179155
1 32827 88556
1 72605 114525
1 118827 54462
1 17697 91295
1 171487 45555
1 149983 20941
1 193286 42818
1 84395 168579
1 156842 104402
1 25436 32670
1 66894 73134
1 184838 42908
1 122309 115404
1 175158 47220
1 199956 127488
1 199151 118263
1 91339 97275
1 30627 134312
1 169313 88264
1 167732 130521
1 100943 141001
1 107500 26694
1 135279 11054
1 154234 148726
1 87637 166006
1 5039 44945
1 93164 11114
1 118009 69564
1 143573 115287
1 160927 160571
1 38717 109132
1 173309 70152
1 91901 17555
1 19328 66031
1 143415 197940
1 79525 175725
1 67246 128103
1 24174 16201
1 92198 172760
1 18789 55730
1 33788 35745
1 187733 126746
1 111560 122371
1 119750 13138
1 166961 96614
1 12856 115751
1 154384 100690
1 82338 174460
1 167369 160238
1 25132 57257
1 114853 126712
1 44587 69587
1 29492 108100
1 114460 126285
1 88675 110585
1 15844 131118
1 29977 144265
1 59973 84595
1 108567 4080
1 55524 118487
1 142160 45808
1 4410 40304
1 99909 86284
1 137176 116941
1 195685 160578
1 45855 70158
1 82916 186060
1 102591 23684
1 64602 127322
1 154288 166922
1 197086 107977
1 172014 65826
1 67427 167463
1 173305 82131
1 15315 174315
1 92172 190850
1 80490 68015
1 114717 75535
1 80853 86128
1 107093 153203
1 154315 188872
1 29201 132631
1 190827 141738
1 162329 177399
1 18455 156127
1 61536 194680
1 76432 193088
1 144764 196614
1 194643 29299
1 50023 162482
1 16371 16362
1 189110 29067
1 160632 34969
1 65496 179707
1 119991 17015
1 79058 25124
1 84978 128632
1 133754 27067
1 22962 142345
1 126705 157093
1 36835 131340
1 118373 54096
1 38896 3349
1 174406 19027
1 179936 197925
1 109384 104265
1 64752 107110
1 104282 20203
1 196017 47335
1 167589 62316
1 190179 172377
1 54663 190490
1 159443 193865
1 22161 107379
1 120114 89184
1 115455 144836
1 174199 137049
1 12791 146633
1 99575 107841
1 68 4352
1 86018 27380
1 127636 154511
1 26624 195158
1 80815 140505
1 19277 162833
1 28090 93851
1 163794 127117
1 177836 164748
1 164773 21621
1 181135 140021
1 84962 4776
1 92538 95950
1 117450 130365
1 25549 53787
1 12124 12924
1 42222 173382
1 15281 187482
1 194242 151036
1 188254 187444
1 82478 40461
1 25541 141582
1 56528 176319
1 80571 61325
1 32120 6643
1 150048 24050
1 192172 67451
1 199354 123993
1 39643 72955
1 162964 144306
1 28449 104958
1 10967 115646
1 166907 51099
1 86054 108621
1 103436 47433
1 29439 60982
1 50512 4991
1 118991 158424
1 94367 164688
1 10646 74639
1 55333 67910
1 48508 127481
1 46112 5181
1 95475 181547
1 157210 152129
1 184590 170414
1 191273 79211
1 150624 103935
1 42212 88953
1 75928 114054
1 96552 177197
1 5533 15446
1 121291 100584
1 143014 128677
1 184222 173831
1 176028 136588
1 171945 143421
1 179378 138306
1 191778 108721
1 59460 162773
1 56559 100698
1 103662 103594
1 69662 77018
1 62000 79415
1 197089 102488
1 118592 34941
1 136719 184416
1 111471 193802
1 165783 165631
1 5887 43182
1 107783 2971
1 175235 5436
1 128893 50000
1 188921 20613
1 119020 93265
1 195685 109713
1 16978 50110
1 164591 32798
1 177848 76481
1 122174 17565
1 3242 181230
1 192085 67881
1 51897 147803
1 30509 36938
1 13870 47613
1 148052 193387
1 12944 152964
1 24454 132887
1 60057 195704
1 159689 144697
1 93940 68564
1 130126 187093
1 47546 91555
1 156102 46338
1 139630 188314
1 152194 2666
1 83703 97525
1 135823 8196
1 42013 136917
1 179792 44560
1 177350 192536
1 78300 194515
1 66930 181882
1 167002 167957
1 32436 158444
1 22363 39192
1 172979 151155
1 185720 27098
1 6113 130307
1 143341 128590
1 171514 7580
1 76917 184790
1 170944 16548
1 66598 127428
1 79221 92166
1 141327 133970
1 103385 39307
1 195983 158368
1 10917 6390
1 29753 164269
1 134216 21669
1 106214 12184
1 199841 43749
1 49370 107864
1 8509 34325
1 145627 145401
1 130450 21631
1 35534 24601
1 118012 194484
1 131475 161186
1 179639 154727
1 72226 65994
1 98077 104331
1 9318 76488
1 142945 65775
1 66074 131672
1 23179 113881
1 37411 103538
1 44149 159458
1 143661 67910
1 195079 133010
1 62344 94652
1 151407 194812
1 111045 4074
1 89380 47452
1 70605 82582
1 117148 89646
1 166145 136046
1 162379 14866
1 138776 43268
1 93405 40670
1 155701 183950
1 42550 197634
1 83656 78622
1 91049 188835
1 9831 116702
1 146231 189425
1 174509 171599
1 1737 179082
1 86226 102339
1 4656 84564
1 143820 3032
1 14364 164566
1 121573 17462
1 154394 192023
1 196958 191948
1 183442 42937
1 12291 144263
1 193153 142360
1 108303 170259
1 152499 147422
1 67330 25110
1 170820 59306
1 94465 8042
1 112664 8034
1 97198 92442
1 137816 154132
1 58633 22943
1 53742 115156
1 80646 132316
1 40452 113874
1 45166 7192
1 118329 131898
1 116347 104507
1 187428 78033
1 120367 5899
1 48204 193166
1 103926 130215
1 156968 50805
1 175036 128004
1 156883 23994
1 143889 134440
1 160787 118229
1 116219 129957
1 66572 87906
1 191002 122711
1 42303 151228
1 64322 19359
1 149704 51417
1 123542 11041
1 166934 50087
1 12961 123516
1 99564 60264
1 21370 173129
1 141081 128075
1 126679 4823
1 98420 70796
1 132145 137957
1 126491 76878
1 56218 140128
1 58412 128823
1 62939 6302
1 95556 99660
1 151506 32475
1 183223 4300
1 161290 129650
1 95248 41682
1 39644 13151
1 59211 14502
1 132806 17652
1 95824 5027
1 102857 57049
1 97393 174800
1 116808 171976
1 82022 89080
1 7774 18185
1 124487 168395
1 18880 134506
1 112203 150330
1 193236 122306
1 175296 25101
1 73361 45990
1 148235 32456
1 198104 78956
1 142240 141631
1 8018 16927
1 62213 196726
2 64990
3
