200000
1 38086 168706
1 98271 60950
1 20376 112470
1 195808 13917
1 12490 119538
1 21962 31929
1 103243 139193
2 110312
1 23747 44086
1 120186 44130
1 114360 2890
1 59099 134878
1 87951 80168
1 82301 117270
1 141828 77774
2 25503
1 71089 167610
1 93954 30382
1 103574 95831
1 127351 131648
1 3010 181855
1 56097 69904
1 38025 183956
1 45966 124796
1 43894 59853
1 186260 107197
2 67141
1 29009 94321
2 44926
1 159623 5954
1 101791 79042
1 14056 188455
1 182178 6718
1 33156 188368
1 117110 183068
1 90059 89733
1 55340 150670
1 121006 191804
1 54295 134704
1 51253 23707
1 199568 120094
1 113508 35247
1 30762 194903
1 44303 69612
1 10289 100243
1 76922 69031
1 36265 10786
1 38196 116370
1 141445 164998
1 164085 196215
1 126949 52626
1 53943 55159
1 95509 169731
1 88850 126147
2 103426
1 93419 668
1 67366 165439
1 171618 172223
1 163077 175288
1 166431 105563
1 141698 31605
1 142717 40926
1 117299 143443
1 68996 196322
1 130188 175294
1 13918 112775
1 111039 160242
1 121496 48978
1 124819 55602
1 74076 105861
1 131267 190025
1 180525 74175
1 142554 91137
1 72292 32470
1 126476 114913
1 68266 46707
1 112215 57899
2 159797
1 184562 172443
1 1951 153415
1 151485 188918
1 13695 137252
1 71774 67684
2 104453
2 86228
2 133653
1 121217 29784
2 79367
1 130340 195214
1 112984 157670
2 115725
1 33037 70050
1 38908 124443
1 149780 47374
1 57556 68617
1 144788 22687
1 73786 161510
1 70216 177346
1 118 80085
1 72591 141228
1 33933 34116
1 81002 164022
1 136604 88812
1 1590 75830
1 128368 185738
1 35308 149918
1 95016 154012
1 46743 79001
2 126350
1 63661 175892
1 114111 55346
1 41630 149392
1 176584 101384
1 158541 172925
1 179087 126916
1 16165 174229
1 35465 161845
1 27553 48723
1 56573 180254
2 2597
1 132516 71045
1 30196 6687
1 37898 124808
1 174567 1950
1 161654 115062
1 125861 38258
2 191790
1 17192 6623
1 173538 136200
1 15806 98136
1 114719 132871
1 60441 134375
2 72431
1 92419 148561
1 163274 191623
1 45510 170261
1 155128 148920
1 19191 27337
2 189031
2 51155
1 152671 127012
1 98921 173806
1 140021 198309
1 42106 10915
2 68910
1 162739 32961
1 80360 57683
1 100076 134886
1 165833 72044
2 91833
1 197998 130743
1 4568 59814
1 122567 68527
1 158599 67565
1 1410 6847
1 16244 178833
2 71729
1 6887 122251
1 82274 12539
2 158266
1 2744 194832
1 198389 174077
2 42462
1 184155 197433
1 162154 186203
1 13681 136464
1 14645 136887
1 137882 92955
1 33007 106348
1 17494 146160
1 92794 177020
1 146083 176854
1 115386 135570
1 98332 135683
1 86550 118428
1 139476 62741
1 70898 79336
1 125422 113550
1 127914 2174
1 163968 71701
1 80147 154557
1 50345 81257
1 170862 87673
1 49135 141736
1 149740 117908
2 74332
1 36452 116073
1 118064 189658
1 22745 169699
2 198867
1 192082 49508
1 18533 52363
1 118323 110593
2 16407
1 130421 106420
1 196821 90443
1 66135 146675
1 8859 72652
1 9473 5708
1 117309 76407
1 13219 67030
2 115080
2 174051
1 196888 124637
1 162372 33265
1 73937 188293
1 46462 104892
1 96679 75594
1 163653 38059
1 192878 115506
2 137147
1 58439 58141
1 24561 195582
1 28313 78092
1 133627 100863
2 109555
1 12679 74396
1 79555 197744
1 53095 149048
2 128661
1 94448 43809
1 155438 193884
1 100004 182284
1 13016 138918
1 39738 134890
1 172212 3699
1 30014 2701
1 50383 182329
1 116354 57450
1 187022 98775
1 98712 128251
1 85583 168600
1 194448 16922
1 77251 143852
1 190259 138907
1 65099 115554
1 48576 71146
2 1682
1 182133 14439
1 199911 40491
1 19567 5379
1 74428 105323
1 105427 17947
1 159393 93192
2 149038
1 13546 39515
1 120545 114811
1 122660 141219
1 128212 1282
1 17467 170342
2 13808
2 85588
1 23420 62189
2 2174
2 156463
1 3367 83215
1 42256 21004
1 101805 197467
1 113145 110394
1 75105 31643
2 105725
1 168662 172128
1 58610 49951
1 93913 55141
1 3659 185576
2 53083
1 53564 171600
1 50530 199489
1 110921 72281
1 111732 60158
1 118060 88481
1 127209 25679
1 187976 50724
1 80373 71412
1 82647 105017
1 18586 183728
1 151082 10157
1 160069 1604
1 197475 30817
1 104043 163368
1 176944 47782
1 44068 194058
2 45962
1 21815 5064
1 62155 143341
1 33614 143112
1 154519 41881
1 146863 86287
1 50500 144714
1 55798 111449
2 174244
1 14946 135439
2 654
1 72897 68348
1 69493 25124
2 122703
2 47116
1 137599 106130
1 185667 181092
1 93481 134472
1 70863 180397
1 152059 51652
1 122437 81241
1 161692 179599
1 117364 114062
1 25404 40125
1 164716 90916
1 160912 194312
1 196504 927
1 125456 182254
1 155736 191342
1 127150 15949
1 5154 63524
1 153816 78461
2 42203
1 105921 82032
1 31347 21425
1 34478 183947
1 130810 127548
1 131800 182952
1 75868 128149
1 191231 131890
1 147659 81782
1 15092 32440
1 198128 106707
1 31797 87339
1 58535 180984
1 104976 92889
1 13634 143140
1 184183 124457
1 110974 170021
1 74399 172183
1 28223 99508
1 11742 46193
1 17297 182099
1 149124 149585
1 70562 198757
1 180090 39261
1 158395 72590
1 11610 131516
1 183807 151756
1 169166 137306
1 168934 145876
2 161516
1 128197 50491
1 46960 28177
1 65553 194899
1 191514 150780
1 12596 164175
1 28890 145453
1 62179 22613
1 76878 168126
2 2215
1 31580 157547
1 140404 143087
1 59756 37878
1 119764 438
1 91961 61186
1 74196 125910
1 119653 150699
2 53046
1 167890 98176
1 193043 7446
1 92238 144751
1 186128 130148
1 130077 152062
2 37778
2 112954
2 17666
1 15421 80478
1 28366 127731
1 36173 151408
1 157008 5320
1 100464 43383
1 2008 14293
1 170278 104080
2 195539
2 15375
1 153495 150711
1 32588 188907
2 121634
2 106983
1 35466 137236
1 4908 25503
1 83686 173189
1 85556 34048
1 127763 65081
1 143309 132836
1 46455 197460
1 82557 73636
1 89486 118289
1 113040 128913
1 52830 104790
1 160823 150065
1 110903 131287
1 127329 194172
2 86318
1 42439 30552
1 119075 153370
2 27473
1 149646 117997
1 117887 118798
1 173463 167314
1 157418 101506
1 33285 122590
1 114832 127800
1 57547 126556
2 93364
1 157278 19764
1 138441 158056
1 36351 38687
1 159452 154985
1 100514 167359
1 8597 107260
1 139483 1747
1 166981 163081
2 193685
1 72799 54106
1 158126 85617
1 12627 74778
1 142280 190620
1 186915 53027
1 116018 108079
1 99972 46306
1 11224 89292
1 10086 136465
1 52614 109750
1 59026 153397
1 41765 149681
1 96961 99096
1 172602 63258
2 30527
1 174378 95260
1 102867 168833
2 40869
1 35813 189152
1 8779 12813
1 110983 138888
1 39521 156421
1 82643 115310
1 39974 229
2 60690
1 199591 1392
1 151933 166420
1 99312 132348
1 182238 30790
1 62890 89198
1 72569 178575
1 3721 50379
1 167938 113008
1 119118 308
1 128540 173980
1 126685 39269
1 31447 48020
1 150434 20206
1 138030 145095
1 55846 69233
1 113729 90729
1 109101 135388
1 30352 61970
1 188754 135015
1 116536 105113
2 199462
1 140975 186161
2 109708
1 55894 42707
1 96388 153002
1 8501 195141
1 37262 87321
1 161760 61221
1 147452 107221
1 107588 186732
1 110981 1593
1 55035 129283
1 121480 171318
1 180174 5350
1 29223 107541
1 70575 41210
1 75747 142321
1 9719 72299
1 190009 61936
2 31772
2 74724
2 65025
1 57782 93990
1 37236 137627
2 172084
1 36573 81782
1 173982 162393
1 16830 52804
1 72193 123387
1 104985 147047
2 59624
1 60140 9893
1 22682 22980
1 92714 29874
1 16415 103288
1 116240 8427
1 23545 37045
1 80121 131857
1 141269 9114
1 157342 566
1 135617 109003
1 23410 35001
1 181486 56080
2 188227
1 38461 77418
1 152362 186575
1 72639 22556
1 114659 147619
1 89655 108799
1 40502 93883
1 94394 31587
1 22703 42517
1 94936 61025
1 68409 172247
1 64953 110814
1 82464 40932
2 183673
1 162869 157573
1 69082 46401
2 30488
1 70221 74912
1 45358 44821
1 13353 135521
1 98300 90201
1 156229 18309
1 7292 66087
1 154469 189651
1 182 4279
2 152627
1 144928 141662
1 97664 198108
1 13103 28500
1 167415 109936
1 2953 21081
1 157107 137525
1 27714 92371
1 113223 87756
1 49786 177347
1 69814 80455
1 84215 72197
1 89008 107658
1 97796 3976
1 53840 20640
1 121162 148176
1 99862 64864
1 196972 181098
1 115297 28737
1 130280 164846
1 162288 84090
1 104811 49466
1 179162 70686
1 14837 12333
1 46667 38263
1 81262 43170
1 152705 176481
2 3848
1 77887 142343
1 197169 193430
1 12475 140656
1 116187 146603
1 77411 138903
1 40425 110070
1 144528 173717
1 96387 135134
1 31367 25219
1 99812 112090
1 94935 93362
2 134034
1 21890 13101
2 51910
1 192700 111107
1 1372 35757
1 20593 187633
2 136180
1 79711 19854
1 51100 162813
1 86402 93523
1 84422 76588
1 151630 158198
1 88972 78420
1 92616 32392
1 64766 54120
1 97057 100683
1 26898 113970
1 192890 28050
1 107587 99412
1 122591 142043
1 96042 46909
1 27646 178346
1 155994 100015
1 129832 167079
1 46721 86703
1 74762 73529
2 78588
1 74299 52973
1 53582 173115
1 34587 134315
1 69770 128534
1 137024 11892
1 120789 21486
1 84826 178625
2 46525
1 126727 4913
1 78468 198698
1 180766 50753
1 159467 194465
1 142063 3346
2 119062
1 111202 114110
1 198317 34837
1 85694 102386
1 165820 80565
1 43924 33427
1 98919 165529
1 53639 84423
2 9238
1 52374 37475
1 45608 51933
1 189650 155957
1 148669 186619
1 144480 85482
1 169655 15955
1 153790 124907
1 62730 129642
1 73820 39800
1 197430 43745
1 77152 121155
1 106017 117748
1 96153 152079
1 189814 691
2 183170
1 31025 40190
1 72612 32890
1 79704 116412
1 40656 160323
1 164518 127054
1 136400 198969
1 66810 126145
2 74727
1 120731 83169
1 82515 22235
1 4729 134674
2 107679
1 45754 24963
1 2505 186125
1 161871 7525
1 23343 74566
1 53329 29078
1 172502 82599
1 157691 19060
1 98445 180599
1 5446 18467
2 103322
2 79717
1 57699 117351
1 89496 169746
2 188273
1 124361 135543
1 118395 114976
1 199750 80287
1 95396 124663
1 32905 13630
1 125467 6989
1 10063 4121
1 153997 55971
1 62709 106373
1 53839 141186
1 159892 130149
1 53652 50069
1 93851 146150
1 36142 166857
1 181295 103608
1 71369 35
1 136832 98446
1 143654 80994
2 150828
1 110342 135956
1 144011 86489
1 145682 176436
1 48369 64142
2 62926
1 167721 188603
2 87250
2 102575
1 118926 903
1 132130 176997
1 123623 117641
1 41473 33276
1 169045 3651
1 75800 123162
1 134321 145937
1 196617 59992
2 119519
1 86084 64633
1 82392 38666
2 15244
1 17620 67892
1 191716 108127
1 57132 62113
1 152805 34887
1 196242 116797
1 148768 85594
1 78384 31496
2 80474
2 26041
1 132224 103814
1 130955 189027
1 191873 46828
1 8565 195421
1 85596 192307
1 181594 156340
2 146806
1 10186 121880
1 189425 138531
1 141322 92673
1 175806 93122
1 12327 49177
1 114674 49244
1 3607 118418
1 66415 81528
1 104072 116420
1 151445 192577
1 181500 123375
1 16125 197212
1 25122 121140
1 8245 27715
1 112887 51793
1 84350 39911
1 37083 59229
1 49092 142660
1 38455 187652
1 3293 100037
2 152911
1 31798 172549
1 29499 5667
2 87793
1 174808 98751
1 49986 139862
1 113809 174772
1 168558 7075
1 58804 171652
1 92678 89433
1 97511 154177
1 169314 194971
1 136035 185697
1 56018 84676
1 170255 79613
1 182430 157321
1 122081 116236
1 51196 122512
1 29553 107739
1 45394 42832
1 187999 61137
1 195181 17322
1 2023 35554
1 35585 190279
1 189569 42897
1 54499 197362
2 73023
1 136215 59205
1 2708 123746
1 189063 36273
1 86060 178429
1 3847 193544
1 26018 173326
1 166769 167355
1 198119 192088
1 15642 65930
1 146763 174021
1 188588 186173
1 827 22715
1 121799 56096
1 99263 134908
1 5594 153859
1 88372 161987
1 61180 107377
1 13190 109021
1 1297 148528
1 131121 73733
1 15514 191546
1 91896 160004
1 78556 48313
1 139750 166088
1 135029 133961
2 42692
1 9813 198843
1 63863 73948
1 183938 56535
1 198384 60780
1 196228 193313
1 158643 36013
1 134813 164988
1 186461 118086
1 74129 92723
1 104362 85131
1 42983 32149
1 49163 124411
1 91619 77198
1 109764 19513
1 29570 51014
1 86987 115209
1 144118 147199
1 65631 81358
1 106211 159146
1 39590 55426
1 150362 56010
1 77770 135927
1 194133 151436
1 78613 72845
1 117043 103590
1 152524 45427
1 52854 126638
1 121865 131874
1 83513 93949
1 124508 136663
1 22902 78021
1 198691 187088
1 92280 64815
1 7464 83530
1 62748 144248
1 42939 101433
1 91215 64142
1 157137 115528
1 4355 128486
1 84060 10578
1 22514 46177
1 100395 128673
1 108311 175839
1 65988 151142
1 82345 183395
1 56511 192889
1 161946 74472
1 15014 60370
1 178833 82947
1 176715 4168
1 28452 8058
1 65513 163977
1 122840 112804
1 100351 104793
1 177245 25409
1 143016 52623
1 85316 175772
1 57343 64717
1 13059 127840
1 47219 46527
1 183979 173623
1 127142 106007
1 195560 156777
1 113099 156039
1 35514 9971
1 191039 101248
1 172850 171431
1 106663 185321
1 135664 62404
1 156236 95586
1 49627 25942
1 189300 123706
1 155106 44944
1 195201 16175
1 162481 35943
1 65550 146469
1 107191 60785
1 50824 157929
1 179862 97791
1 83594 164839
1 130923 78456
1 117884 84329
1 66815 10487
1 38254 130002
1 102926 75111
1 151536 76635
1 51959 90972
1 167669 192204
1 28931 198452
1 75240 178622
1 167835 90414
1 174862 137552
1 88644 27018
1 175261 99879
1 134941 78563
1 181851 173866
1 46427 104265
1 117499 33468
1 161283 39075
1 52789 146812
1 69801 136963
1 71332 55227
1 163112 149387
1 148068 100669
1 79905 198720
1 114156 67187
1 27192 31660
1 160490 136311
1 167243 32057
1 17373 130888
1 188917 96588
1 119415 121863
1 28868 70879
1 165107 184562
1 193270 194338
1 79604 160543
1 23482 12115
1 38239 58876
1 52453 37083
1 19386 126725
1 166770 185900
1 190406 51846
1 186815 124698
1 101018 59219
1 173060 117815
1 191169 56005
1 104150 45298
1 194773 186807
1 13852 37488
1 79580 192897
1 99792 196012
1 150691 56179
1 33081 18572
1 123418 195348
1 110439 114309
1 25327 146524
1 5551 7409
1 66861 88175
1 128489 197103
1 186327 193372
1 6759 65850
1 22016 75606
1 102071 20749
1 182382 176498
1 154460 105398
1 116015 62177
1 135624 8057
1 159739 65839
1 101854 163496
1 198603 170364
1 61222 20992
1 9849 157497
1 178448 146759
1 21273 12646
1 132142 78883
1 116631 6346
1 93804 56444
1 195410 25523
1 186066 165910
1 121784 14000
1 38972 52969
1 44515 159884
1 157592 173698
1 30131 111820
1 44640 91742
1 43500 72556
1 132698 64069
1 124562 108949
1 57677 20132
1 39235 93346
1 168453 3566
1 4501 102293
1 111114 160565
1 71344 51092
1 145821 93188
1 30637 125161
1 88563 22079
1 54768 135544
1 149558 134974
1 23683 55235
1 171961 149095
1 58101 150299
1 101818 167946
1 26609 73256
1 65310 61442
1 105250 76061
1 112616 131465
1 134790 138804
1 153211 80859
1 135441 184433
1 132433 112975
1 194757 178260
1 67259 5298
1 42959 163295
1 77787 31398
1 55588 136521
1 59615 83898
1 46300 71491
1 175040 155465
1 58703 126570
1 102266 197144
1 152366 170637
1 127629 192683
1 100516 96801
1 79861 85288
1 16813 73537
1 149990 183536
1 184886 362
1 170122 99450
1 116983 187063
1 82366 59312
1 110285 20377
1 60299 35791
1 105691 180314
1 182946 198202
1 9315 19859
1 8026 80350
1 70048 65579
1 54573 48781
1 115558 65618
1 51441 148564
1 48189 194557
1 83155 156894
1 56186 191971
1 66265 39885
1 120096 79160
1 81177 193879
1 161270 4586
1 105077 48670
1 129706 169817
1 41625 2963
1 152485 100890
1 75318 169165
1 45231 44783
1 141760 121061
1 111813 30464
1 23270 7573
1 16952 98589
1 20178 119441
1 130377 31799
1 41440 80741
1 47491 128604
1 154530 110160
1 59288 132147
1 41748 171680
1 25791 15224
1 29085 29646
1 179149 190393
1 195910 181340
1 56723 71824
1 56510 154285
1 97655 56162
1 45070 130149
1 134038 112089
1 82841 60994
1 88409 123486
1 125719 77241
1 44502 151898
1 35026 176661
1 99690 192621
1 23586 142284
1 3540 188079
1 195237 124067
1 24788 36966
1 137346 159108
1 88068 45896
1 142431 90525
1 695 124722
1 46815 35387
1 171664 54760
1 195873 9512
1 142756 192399
1 97654 24962
1 155348 131433
1 84065 171229
1 106596 135120
1 42133 12762
1 35040 173429
1 98987 18504
1 22705 134682
1 109025 125307
1 14715 175245
1 111642 171819
1 91450 47590
1 69202 110864
1 87709 45380
1 109794 20347
1 70306 76868
1 55412 77879
1 96050 117634
1 177607 116064
1 8895 93908
1 187686 169347
1 179100 110403
1 11749 31287
1 47261 151756
1 11229 43771
1 151791 75224
1 61544 136337
1 57530 70519
1 70879 144027
1 140853 132387
1 70803 48308
1 144201 37427
1 171018 93904
1 134634 90397
1 162492 130967
1 90482 64432
1 132877 4478
1 70143 95953
1 153420 56231
1 150414 101878
1 684 181820
1 73753 120801
1 188545 85511
1 4654 196765
1 171006 7316
1 136784 163262
1 10990 182089
1 26451 5653
1 94128 34629
1 3379 131954
1 131639 103993
1 174517 114654
1 175298 148355
1 88385 193623
1 127256 14097
1 26750 76494
1 20551 628
1 146415 71199
1 167709 169411
1 62414 147344
1 71655 56755
1 12071 86861
1 178409 161269
1 43383 96545
1 42718 46223
1 41285 86456
1 152625 10750
1 80960 85332
1 196604 47243
1 51738 87757
1 171520 153388
1 63717 15437
1 112741 56797
1 46379 121420
1 48116 27967
1 146579 152072
1 42705 119793
1 118449 62535
1 117757 135789
1 139310 5905
1 55436 183013
1 15641 50601
1 63906 4830
1 174476 148171
1 126452 177421
1 162755 141163
1 177726 4336
1 165881 101995
1 181440 96622
1 158789 113502
1 54717 21746
1 128564 125884
1 168629 96389
1 45543 198438
1 65378 60843
1 89774 110171
1 41969 62912
1 179622 33787
1 115138 24530
1 105232 121851
1 20387 180353
1 160819 39656
1 177416 8085
1 133428 136608
1 193550 114848
1 98035 133006
1 192369 76181
1 33897 182181
1 153291 7271
1 144576 182816
1 157584 151398
1 184114 112889
1 70342 142422
1 18148 108519
1 23753 92817
1 142597 181851
1 169279 43360
1 163043 183165
1 172695 164308
1 88909 19876
1 155720 4074
1 17583 97300
1 67848 22367
1 151211 87932
1 100555 24400
1 94836 32046
1 168126 186070
1 159087 72673
1 178307 47137
1 103052 164132
1 106990 122644
1 45537 78309
1 175040 81248
1 38217 73890
1 181795 117924
1 176445 5678
1 16166 149572
1 89393 7144
1 121210 9544
1 35248 102390
1 164269 76151
1 153403 156936
1 96741 162932
1 2207 73227
1 54368 143577
1 156757 114668
1 31147 166738
1 10399 143055
1 2336 52348
1 136927 146127
1 35940 19966
1 39035 113335
1 146848 190886
1 171759 193729
1 71615 143624
1 166195 171278
1 48936 162004
1 180494 97958
1 160190 15287
1 130745 141617
1 59925 126772
1 147959 185333
1 14518 187459
1 187764 196050
1 122645 29865
1 35805 46268
1 32081 90904
1 115519 134455
1 70702 36233
1 187171 27416
1 170894 135384
1 76521 88187
1 3766 77088
1 25764 46271
1 93950 119192
1 159093 21257
1 183769 170028
1 197483 6393
1 167816 120479
1 139034 148710
1 187992 102049
1 16825 130656
1 125028 107308
1 193602 92774
1 159367 192484
1 18053 124069
1 34785 157359
1 11084 142260
1 38669 195154
1 24821 144781
1 114976 150221
1 18956 171597
1 6182 56761
1 107304 136686
1 78424 52127
1 133960 160131
1 98209 79067
1 116461 170292
1 102867 154610
1 152250 134204
1 116644 19568
1 52491 183776
1 100590 46662
1 30931 154610
1 2982 191522
1 106426 107142
1 52763 53328
1 148277 7603
1 68914 177745
1 53414 134861
1 178080 60474
1 139254 27488
1 165480 181391
1 49201 23344
1 136535 95648
1 115554 119600
1 159229 181540
1 90863 92161
1 123182 135571
1 63991 8813
1 12280 185289
1 83818 151011
1 119590 21849
1 47656 122996
1 197622 79406
1 43229 160781
1 84246 103721
1 165597 162743
1 128997 82038
1 177915 178572
1 122920 51120
1 114095 178172
1 142986 154232
1 55400 168128
1 148888 65552
1 128558 3549
1 120125 183678
1 48765 116764
1 74362 16862
1 151518 110983
1 103401 91527
1 171270 80040
1 47219 56482
1 40691 142846
1 195023 66951
1 87813 178624
1 138365 167577
1 127899 174230
1 65475 183076
1 59951 45972
1 150182 146933
1 33523 117689
1 160747 2233
1 199467 51048
1 123727 17049
1 174094 113318
1 95173 112085
1 146008 189204
1 71727 172191
1 149939 113774
1 123296 163578
1 80070 82563
1 64592 158804
1 170397 52471
1 85471 17121
1 130042 58230
1 190414 79160
1 114747 125882
1 65979 102451
1 57389 64705
1 126109 113793
1 97200 160263
1 161152 12623
1 179596 100106
1 139266 87320
1 173138 76350
1 5966 183496
1 53367 48847
1 113815 171224
1 78317 135766
1 83607 1574
1 34436 74398
1 7434 175507
1 99968 123929
1 152421 190818
1 69179 12253
1 60188 38671
1 43452 6563
1 57939 177197
1 66585 140930
1 72100 90883
1 66506 25896
1 70354 53800
1 44175 43354
1 25355 62173
1 77572 33645
1 75299 164523
1 91714 95236
1 6608 105086
1 75641 31116
1 171809 51456
1 91275 89717
1 2371 28858
1 2155 90226
1 172086 78887
1 76343 117044
1 76236 184154
1 10066 68770
1 40419 76882
1 20998 149981
1 3428 69340
1 109529 83570
1 173947 69097
1 39214 107680
1 121496 80687
1 168286 147339
1 177959 126149
1 42199 193025
1 29388 45498
1 70580 6636
1 197473 135734
1 86238 137815
1 109427 98644
1 98467 51686
1 147195 110015
1 64148 31887
1 119577 83212
1 52900 100702
1 46999 174231
1 1407 182249
1 140124 129888
1 58280 36368
1 45422 79336
1 34134 175992
1 81645 112391
1 7248 190728
1 140492 158929
1 59015 44773
1 14929 178602
1 98356 89130
1 112272 172390
1 123122 21482
1 10596 153253
1 48414 10665
1 42927 105325
1 64429 18456
1 25298 195592
1 142478 132433
1 78767 42337
1 84096 168724
1 187487 21466
1 188470 92352
1 189806 178545
1 40297 116308
1 165534 13267
1 11901 199206
1 126043 37119
1 137047 132132
1 47291 150751
1 107902 154379
1 70970 19235
1 37233 88421
1 117940 107296
1 74312 179848
1 124258 80296
1 462 100875
1 93529 135146
1 59550 129290
1 39296 187212
1 57724 91293
1 190546 27975
1 84726 41684
1 65492 37699
1 59132 15159
1 91735 82419
1 63612 17276
1 145009 22898
1 20610 91848
1 171192 53279
1 44047 50923
1 82559 195638
1 143543 111574
1 86933 119728
1 97920 180895
1 82363 146588
1 12473 178551
1 35172 73791
1 110232 50923
1 78771 2537
1 93208 167961
1 624 70104
1 139217 13555
1 46156 174929
1 189080 74617
1 89751 133373
1 98265 163827
1 171262 155970
1 53428 152941
1 56073 150371
1 107029 123831
1 139156 95705
1 157847 175388
1 142734 67633
1 137818 196130
1 65519 188969
1 73187 139586
1 98046 178438
1 150388 168745
1 140419 67513
1 116588 74416
1 80200 152115
1 95201 64023
1 107926 125572
1 172667 129352
1 194926 158971
1 39572 78985
1 184326 4537
1 95374 197250
1 120902 12120
1 38004 158962
1 74946 62203
1 13013 95852
1 136825 169270
1 191773 159190
1 45901 189345
1 3317 89316
1 134149 118967
1 145244 191441
1 84929 159541
1 54342 185310
1 164028 141936
1 82293 151695
1 48904 197686
1 116375 4259
1 101445 35369
1 158623 92755
1 25186 68632
1 17895 159309
1 183576 127263
1 42756 30770
1 113060 148481
1 6443 10126
1 36868 90819
1 196740 91223
1 180661 130444
1 39693 168617
1 28203 71739
1 28913 52479
1 184657 39368
1 105321 189301
1 28994 78238
1 140114 119100
1 150664 57463
1 16848 79839
1 159636 55801
1 152034 129717
1 192574 85137
1 13062 28006
1 148542 135887
1 19408 67810
1 9835 2113
1 78726 28127
1 108530 70419
1 100991 2834
1 77658 87717
1 39100 9073
1 36151 85294
1 21957 165799
1 65772 29649
1 2312 157144
1 145573 169341
1 19630 157654
1 48724 55498
1 158591 140452
1 93739 187026
1 119673 177002
1 64730 5517
1 15339 137081
1 138891 182704
1 71895 164224
1 176347 120647
1 174152 75982
1 92762 29713
1 188913 178634
1 4229 91804
1 43399 188849
1 108867 110370
1 142049 57487
1 54174 192483
1 81486 20095
1 129731 115652
1 140917 192487
1 48508 64615
1 112755 87342
1 93420 25483
1 68722 40001
1 190476 198885
1 101382 186566
1 91108 55808
1 189645 60190
1 68685 129298
1 71622 64417
1 199909 64864
1 67698 168278
1 186195 145237
1 116841 53105
1 195453 121309
1 136703 70864
1 100423 58887
1 48343 183288
1 95694 71258
1 189063 14412
1 87204 165944
1 147885 79759
1 88397 24434
1 66065 24795
1 93434 197419
1 14013 80098
1 63045 123696
1 130201 6244
1 88621 48150
1 38602 174448
1 49171 16406
1 123404 125343
1 33652 89509
1 149390 61453
1 12841 107416
1 163982 62939
1 45405 60151
1 43062 3874
1 38669 80735
1 173430 191865
1 186565 44317
1 56162 116970
1 72985 155081
1 19790 88496
1 163618 38176
1 180904 105461
1 153275 48102
1 113366 74122
1 32571 155962
1 72336 8103
1 175349 157818
1 16512 144164
1 161709 105370
1 143447 165623
1 157276 104768
1 1459 105776
1 142118 187810
1 93487 10290
1 169882 142755
1 83018 174004
1 165419 193323
1 127099 159352
1 150638 63749
1 94228 74762
1 78868 169533
1 197974 51708
1 18537 190394
1 17427 186080
1 111629 113241
1 6091 58182
1 103281 174220
1 14976 80887
1 15445 44914
1 88603 13298
1 180608 36919
1 22020 72422
1 146432 34029
1 8188 191728
1 163748 137515
1 11070 102039
1 85495 70247
1 31574 77956
1 172414 74447
1 196290 31366
1 6773 71661
1 116615 127430
1 188229 120635
1 140565 13383
1 128457 156995
1 65311 190562
1 18435 117243
1 184116 164095
1 128537 70304
1 87842 164055
1 151508 165713
1 134989 174568
1 22427 59182
1 82891 172537
1 90924 134514
1 66370 151440
1 87132 146829
1 155845 136305
1 20944 9798
1 185195 54168
1 157948 135759
1 103025 137529
1 34010 180714
1 34643 5175
1 77997 64059
1 77222 125091
1 33272 172783
1 37496 105399
1 80505 101261
1 104362 162898
1 158891 139354
1 129997 139316
1 101884 181810
1 1084 178493
1 73418 87651
1 66105 176738
1 14308 57165
1 101451 173425
1 111806 79353
1 198616 70150
1 130294 193399
1 31294 76365
1 165638 112699
1 190903 195770
1 164681 140281
1 169709 192262
1 128755 17215
1 137498 68011
1 183115 83090
1 52324 54179
1 3947 145485
1 167160 108381
1 91194 169398
1 74085 6144
1 114472 26274
1 86971 117476
1 42602 907
1 146404 70349
1 196279 19183
1 33475 159210
1 171843 107436
1 31691 93966
1 149883 128921
1 11425 180333
1 197506 180583
1 184054 42715
1 198250 135673
1 30878 96064
1 110709 49729
1 6838 80351
1 56013 196380
1 194612 28552
1 48770 172015
1 194192 82651
1 177923 27522
1 167186 25855
1 95839 147741
1 52412 113186
1 96317 194017
1 54811 149874
1 85401 152617
1 160361 61916
1 104193 5601
1 6566 34884
1 53711 102054
1 199926 176134
1 84136 89567
1 111420 163179
1 24118 107995
1 141944 145454
1 95842 170349
1 53343 89072
1 128724 19780
1 147769 91705
1 55727 154574
1 154943 7986
1 105287 14670
1 194165 99168
1 188262 196476
1 105989 30626
1 128510 67229
1 172061 28908
1 102192 180452
1 24139 63621
1 83389 15816
1 70614 105087
1 130379 27046
1 68383 145079
1 36124 100442
1 195705 7885
1 196554 158552
1 187270 109412
1 70918 5648
1 1107 119133
1 120401 182851
1 63925 93135
1 103420 9247
1 136548 139787
1 153948 65890
1 157527 85710
1 65297 9005
1 103457 15303
1 16504 68328
1 23756 24266
1 101613 107798
1 187764 44820
1 94470 78392
1 8742 37122
1 159500 7079
1 150905 112076
1 56252 151276
1 134957 55302
1 39231 191331
1 171842 102041
1 71077 111185
1 121306 98942
1 181160 120323
1 33042 190779
1 16095 95400
1 142493 172578
1 30784 37488
1 134051 98439
1 128346 140645
1 106137 165250
1 153106 88393
1 185570 71333
1 88158 81137
1 61157 100542
1 183103 166818
1 169839 94799
1 157507 103530
1 188235 49036
1 67579 97089
1 49120 82390
1 46841 154144
1 72907 193783
1 139724 130656
1 72317 95262
1 123264 174359
1 190871 74396
1 171792 155248
1 189123 98719
1 160750 39306
1 112278 177518
1 106678 107795
1 117796 40677
1 195694 18468
1 174051 108529
1 85058 72927
1 59331 99215
1 66173 58375
1 193356 96641
1 109387 117791
1 42042 193745
1 153326 143175
1 115926 36874
1 14014 88787
1 85654 193396
1 82853 187309
1 187766 13903
1 196442 93102
1 26775 11154
1 1502 44279
1 4248 110246
1 115316 57941
1 99443 169181
1 12773 55637
1 41435 125431
1 4275 162916
1 17811 96792
1 127133 28780
1 126992 191491
1 14292 32555
1 81874 10010
1 165755 19028
1 69376 185625
1 154917 113707
1 81027 56592
1 129674 13148
1 22436 69600
1 138827 58588
1 163689 87673
1 27687 33475
1 158509 157779
1 145213 167208
1 161727 180010
1 171205 33470
1 33020 18302
1 151113 112495
1 35696 75338
1 96808 1207
1 21033 38660
1 147085 184323
1 91037 52373
1 57067 105546
1 86335 194650
1 182269 61355
1 79388 143835
1 131132 68360
1 89404 76939
1 75105 71714
1 111734 86912
1 97565 50934
1 61907 108276
1 25110 53399
1 38374 3196
1 41444 123532
1 23211 73479
1 30219 100909
1 9823 139674
1 101369 47993
1 88863 78923
1 84611 45754
1 39109 28475
1 149596 156956
1 86335 100824
1 104471 123594
1 169264 141522
1 70047 112395
1 9676 192797
1 137843 74523
1 116974 106152
1 191078 194637
1 63869 92444
1 84182 30369
1 49664 32471
1 98796 140001
1 110142 157482
1 79957 180034
1 112346 198865
1 83327 136312
1 78382 151602
1 83863 55640
1 196006 98456
1 70849 177589
1 173983 148785
1 16664 184884
1 153408 141829
1 101287 162802
1 81624 19705
1 42472 183704
1 148537 48964
1 71036 102907
1 135636 96752
1 4331 49978
1 112214 532
1 46045 192978
1 9282 177936
1 186456 195909
1 98959 20810
1 11516 141356
1 75140 124967
1 174140 143001
1 80531 102349
1 42783 33393
1 88179 35991
1 83703 392
1 158081 112153
1 91040 118014
1 63447 11093
1 124348 26778
1 53934 132734
1 64493 49957
1 187250 90540
1 105811 145800
1 110116 173215
1 116040 193193
1 37428 150137
1 80153 137667
1 40351 98806
1 45638 153732
1 150406 24494
1 106812 57068
1 176016 105805
1 80530 58659
1 78465 69329
1 163330 80986
1 81436 64517
1 19241 138022
1 94454 180220
1 125249 97306
1 185243 54609
1 192029 16995
1 118758 181085
1 198821 164520
1 4572 45625
1 95892 82082
1 24009 158133
1 184431 13497
1 97630 165529
1 114952 119137
1 39690 152924
1 81459 139571
1 186455 23713
1 163463 148623
1 16647 140985
1 41879 111921
1 180974 161302
1 10098 76627
1 137747 81548
1 25561 166210
1 114691 90062
1 83392 183556
1 193973 148518
1 198728 47145
1 25508 183861
1 170299 50416
1 69800 81645
1 23688 181084
1 110167 106892
1 116607 16727
1 90267 28507
1 156432 144967
1 62037 103143
1 23744 116783
1 103345 137342
1 147053 123913
1 127371 79724
1 192003 157985
1 49729 79607
1 129087 16307
1 169433 51417
1 112546 48648
1 176341 135485
1 144760 136654
1 183572 140477
1 72523 199671
1 96749 176986
1 51362 149140
1 46279 41723
1 192448 29425
1 51898 51690
1 128921 70515
1 98604 176589
1 177942 186033
1 100197 2529
1 37387 38160
1 5045 170045
1 93623 181666
1 162376 95300
1 103485 82304
1 182023 131243
1 117090 72998
1 193202 190317
1 132103 145998
1 117116 177100
1 31336 55121
1 162406 14026
1 51860 100474
1 103646 69543
1 172270 83244
1 12058 55132
1 4581 102519
1 40113 142552
1 144240 24245
1 68538 27514
1 47757 137386
1 110376 164815
1 187707 14620
1 145700 175181
1 152245 30127
1 134444 47504
1 108272 57605
1 190315 103188
1 32919 103062
1 94554 69683
1 41734 120715
1 42647 119840
1 182981 125280
1 75652 152163
1 189318 54585
1 83170 38231
1 55202 105412
1 52717 37921
1 149071 2001
1 19514 1778
1 115493 41071
1 118416 138624
1 77906 2375
1 40451 7745
1 66139 195517
1 129431 38569
1 126229 7045
1 123348 148388
1 169827 109443
1 66534 85846
1 124721 85095
1 27384 198994
1 52274 6279
1 66768 167001
1 16342 142974
1 84077 148820
1 112782 80068
1 46110 59156
1 145028 150479
1 14566 145033
1 38678 84649
1 87502 185600
1 19730 193426
1 149130 155298
1 114295 179993
1 116816 101673
1 30249 93878
1 138228 110180
1 87861 61034
1 5000 183534
1 124040 34970
1 105715 89387
1 7402 39336
1 51857 114820
1 82623 36883
1 194634 68388
1 23808 180561
1 156214 194418
1 166774 173803
1 41264 153872
1 147128 109913
1 155641 37908
1 109478 34398
1 106191 88070
1 149989 13670
1 88014 119130
1 103196 110173
1 183239 20783
1 167023 4114
1 15646 75272
1 43515 143245
1 9705 63241
1 110227 131438
1 57351 146549
1 62137 177607
1 183870 79207
1 9503 178683
1 89881 72206
1 151519 189528
1 126272 146029
1 39289 139825
1 20313 150675
1 180108 56000
1 13854 10519
1 73047 56315
1 119743 77463
1 167536 198900
1 169979 110065
1 22981 96823
1 125881 98114
1 78355 124062
1 105453 197086
1 49124 139320
1 193448 117265
1 143437 19995
1 73599 45332
1 189352 60357
1 104673 170962
1 144334 43642
1 169074 1564
1 187800 16730
1 45291 34986
1 121622 46401
1 114166 35221
1 115535 174884
1 38917 139601
1 46715 195945
1 132596 182447
1 95295 56199
1 189407 60499
1 53353 11103
1 141317 172402
1 173739 155290
1 96222 108815
1 193307 119235
1 91258 51318
1 163690 56295
1 56603 86457
1 136356 6187
1 194068 38122
1 18793 129965
1 188578 4122
1 23787 80735
1 196363 186192
1 14312 52448
1 189429 161549
1 158376 109148
1 28937 21054
1 67962 177126
1 73481 30081
1 12779 109332
1 60270 23453
1 153543 88858
1 138758 140668
1 107220 36778
1 36236 111979
1 130507 29515
1 133513 89236
1 14553 141240
1 143978 92219
1 114902 2748
1 112163 192694
1 8005 36235
1 35524 47281
1 95692 46563
1 164249 19106
1 131189 82212
1 144135 138377
1 179109 113708
1 26340 124459
1 182812 33975
1 173015 40847
1 152749 165621
1 95408 151609
1 50366 114925
1 197514 49702
1 112003 176914
1 22304 66568
1 67575 157347
1 28780 191043
1 87387 160264
1 143046 48616
1 119731 143915
1 154556 54129
1 189438 159060
1 14893 179901
1 14005 78920
1 63211 109325
1 197510 39588
1 162769 144703
1 150290 113525
1 145058 127753
1 55397 185626
1 61668 185593
1 44213 36637
1 32699 67372
1 5405 190094
1 128969 180620
1 101083 171745
1 191557 158990
1 160776 42442
1 119066 106219
1 92758 130071
1 173378 117342
1 97487 37582
1 77988 123871
1 98893 70472
1 10731 19806
1 116853 134540
1 44775 18818
1 103416 151792
1 40360 17315
1 153739 108588
1 96537 119942
1 23142 113151
1 93531 12248
1 122427 7623
1 140258 145261
1 106617 60636
1 110356 78650
1 66880 7853
1 139871 75729
1 26726 75038
1 185051 27100
1 149291 81185
1 119010 141147
1 77816 151508
1 99180 135202
1 88029 1562
1 144558 106702
1 62796 99388
1 142772 194503
1 168977 78658
1 172925 17467
1 144340 93966
1 150360 99033
1 52945 152825
1 63932 118156
1 148630 82416
1 168620 17594
1 178750 108113
1 169676 111228
1 79021 91073
1 122110 145503
1 4043 114832
1 125825 128603
1 173317 171985
1 44107 183955
1 82561 182131
1 65316 184909
1 48032 195941
1 7430 19955
1 190522 186344
1 101555 33482
1 115925 151733
1 88278 2353
1 160295 82450
1 12317 92509
1 88014 199152
1 135510 101011
1 49229 187207
1 188169 180583
1 43848 176565
1 28181 52403
1 124866 73683
1 159502 73499
1 69909 37401
1 190870 194239
1 50546 46004
1 191866 121793
1 196699 85542
1 191888 140473
1 111455 85918
1 27022 155509
1 150356 170904
1 13485 124790
1 181594 22070
1 163838 40168
1 37646 131488
1 166796 17185
1 65101 8921
1 41651 54428
1 131115 16483
1 189889 20406
1 131571 11285
1 147659 81194
1 55264 175098
1 67474 111753
1 79580 39916
1 26966 1278
1 73208 21937
1 188217 32768
1 36139 130134
1 45849 196823
1 169679 94410
1 165607 46227
1 159514 14589
1 8396 50569
1 76122 151098
1 182078 191632
1 160627 153345
1 183325 189117
1 122268 26537
1 74068 105307
1 148374 155060
1 178925 174958
1 169840 25332
1 74357 29032
1 47672 16670
1 100944 97707
1 3971 182956
1 95583 102018
1 22881 141816
1 50128 138586
1 140121 163606
1 79109 66885
1 76587 121778
1 136169 114929
1 86278 193963
1 120462 159205
1 52807 61679
1 102412 37821
1 110708 138264
1 192086 155687
1 4665 57798
1 160862 60510
1 133794 117245
1 133354 40421
1 199705 77441
1 176247 31175
1 152673 97968
1 51407 7181
1 138707 84063
1 187174 137920
1 63575 2873
1 139705 79968
1 42086 152148
1 23850 177957
1 162302 95381
1 180054 21621
1 101030 197318
1 122360 134438
1 33764 69109
1 3843 1142
1 194683 122448
1 35194 124999
1 145834 180799
1 133395 40416
1 36642 11969
1 145932 74272
1 124167 38730
1 86093 162116
1 21866 38235
1 35455 162781
1 4932 127716
1 143084 117450
1 53750 120279
1 6680 10492
1 136960 133005
1 66591 196523
1 176640 122653
1 12048 117396
1 23276 169659
1 175177 21173
1 135441 17039
1 22099 56714
1 38158 51414
1 134144 4489
1 169356 12477
1 57539 153308
1 30528 163323
1 127568 155870
1 52643 87536
1 42165 172952
1 74479 30396
1 174840 70397
1 10526 118113
1 817 45668
1 157535 114588
1 152873 80965
1 43353 136257
1 63668 167350
1 104291 179030
1 95436 158247
1 111172 129137
1 24431 126363
1 22440 124309
1 53947 6441
1 163 85257
1 46343 52466
1 161769 22842
1 5573 55524
1 22605 24531
1 155797 156784
1 8378 100891
1 121772 83080
1 140528 104079
1 18278 161948
1 110336 53953
1 166248 144597
1 167625 85807
1 41274 173906
1 31861 32039
1 162276 76834
1 169711 21787
1 15111 114690
1 38886 121280
1 180414 139992
1 84423 177836
1 128245 44656
1 173622 82479
1 76361 164214
1 182734 191410
1 122018 91059
1 27803 6543
1 39949 121228
1 8789 7728
1 138205 7225
1 28318 65643
1 81091 38786
1 19070 163101
1 192684 107263
1 126878 148293
1 34268 197777
1 149890 195619
1 17288 30107
1 9867 102289
1 111417 160006
1 22829 130017
1 68702 68149
1 62573 33464
1 126642 191044
1 73758 28971
1 60815 34311
1 105949 84504
1 107473 9729
1 60490 63047
1 16111 15459
1 115464 43777
1 159510 46470
1 113912 186224
1 95495 56427
1 116081 133112
1 161203 198194
1 187395 88597
1 71892 5336
1 43758 6773
1 35983 19893
1 133597 33304
1 31112 83318
1 18856 85671
1 147973 28695
1 124425 116113
1 158534 194532
1 120285 74284
1 149860 61360
1 75743 147915
1 25513 72982
1 140064 159260
1 65647 109168
1 159242 50500
1 17404 172245
1 180630 199998
1 137372 32919
1 85578 105648
1 147456 112188
1 60344 124302
1 105751 8315
1 65268 106164
1 156843 119419
1 174677 21503
1 192063 183431
1 134127 168941
1 64934 71317
1 31695 70453
1 148453 23225
1 42488 17448
1 122892 176548
1 13340 132873
1 118162 95329
1 83933 22634
1 100144 46098
1 136645 19719
1 113280 551
1 60675 50983
1 70550 95839
1 103528 116914
1 178205 35715
1 93410 145677
1 193974 108128
1 60408 114876
1 139982 127365
1 91910 152313
1 116542 109052
1 13881 61968
1 59816 175565
1 135694 159038
1 126351 105008
1 192647 159626
1 106295 162705
1 686 170211
1 172733 173066
1 177550 30843
1 153017 114268
1 119535 142307
1 189458 155951
1 6737 175272
1 67233 126603
1 77419 80749
1 23690 181719
1 85669 51978
1 111382 1937
1 61972 60580
1 19669 135373
1 43445 89230
1 139764 2034
1 194733 45535
1 170714 153010
1 190270 122644
1 113544 13577
1 58637 176168
1 116657 174649
1 103507 6257
1 40214 177989
1 145121 167294
1 84134 86187
1 47704 126191
1 31189 103973
1 168232 213
1 163707 146019
1 19529 181835
1 64175 45378
1 72695 64339
1 190308 146448
1 180146 110068
1 28292 4292
1 66997 160851
1 30795 150392
1 80950 136272
1 77286 129769
1 102942 10980
1 159820 194545
1 101834 25016
1 28444 81411
1 165954 55624
1 79224 11816
1 198329 104953
1 123041 33721
1 143941 155831
1 17236 68188
1 66656 74067
1 22372 59011
1 31711 115228
1 78425 17122
1 117425 30908
1 88264 10160
1 95835 84757
1 24179 128289
1 142131 16668
1 152355 128994
1 95578 123574
1 50180 165461
1 184382 180753
1 198657 67854
1 55951 193604
1 149793 175438
1 125825 155050
1 138465 187455
1 13123 192124
1 17938 67440
1 189182 68397
1 97844 139794
1 32016 30219
1 35476 21298
1 182666 76756
1 46307 70777
1 169640 49301
1 132504 20258
1 129680 37834
1 134408 40762
1 57165 40561
1 36803 37789
1 179981 78256
1 40689 164143
1 87832 109290
1 86446 89242
1 179539 8156
1 8675 78086
1 138101 110077
1 30566 173470
1 167112 175638
1 42387 81217
1 150435 160927
1 57067 52550
1 184358 65308
1 49453 64053
1 46967 180535
1 16434 125187
1 196283 169501
1 136847 1933
1 110231 37150
1 97126 148887
1 117609 64704
1 6220 72326
1 127617 148644
1 56097 72347
1 175397 142044
1 13803 191026
1 152836 122636
1 108597 7675
1 5690 153087
1 63912 148791
1 4612 68620
1 171495 54774
1 86789 59754
1 132784 168335
1 61369 14544
1 88624 24481
1 113080 11921
1 1959 165960
1 157678 98935
1 50621 994
1 161113 143902
1 179556 192644
1 88579 34450
1 93679 98807
1 93634 100652
1 21169 40824
1 158701 104682
1 62361 166127
1 133217 109006
1 94158 98927
1 4852 116665
1 126279 115950
1 158135 69192
1 174701 186373
1 53938 140974
1 88883 141867
1 177307 108370
1 126325 86830
1 16472 163883
1 77519 144243
1 189815 12763
1 48897 30384
1 114090 98569
1 141377 133222
1 163528 25601
1 123552 153379
1 141568 193232
1 108896 155895
1 98080 174236
1 30228 72245
1 49094 177857
1 197050 154286
1 111845 91826
1 75286 144554
1 98299 171919
1 167248 25767
1 186193 172930
1 11663 113558
1 31091 14815
1 66646 78162
1 21042 130940
1 85726 183459
1 43479 78798
1 61557 193460
1 151849 21189
1 173399 128528
1 63202 136553
1 30730 81890
1 132333 8501
1 144959 186350
1 168995 138804
1 41127 121547
1 120647 88155
1 22675 183203
1 125376 93158
1 53648 137709
1 112406 105846
1 116545 80553
1 135407 136489
1 197885 67228
1 80267 62139
1 141675 192334
1 154813 60957
1 74140 21633
1 12652 62164
1 63849 88179
1 136714 37844
1 100110 36887
1 6995 180381
1 39942 1615
1 192457 82965
1 196519 108077
1 41326 25575
1 28416 148779
1 165890 41180
1 142256 90473
1 194174 128503
1 154506 124710
1 14481 91926
1 155815 84929
1 22874 20806
1 158411 127217
1 186918 88742
1 151676 155586
1 99755 63232
1 78303 135314
1 109509 124005
1 20948 53195
1 5616 17544
1 120531 28067
1 194438 85852
1 142983 175377
1 41274 42352
1 101675 62097
1 111124 71498
1 120036 149275
1 80046 45571
1 148958 26143
1 40240 162019
1 42089 55749
1 78216 50749
1 192406 110371
1 103213 170765
1 199950 98943
1 193813 182159
1 172466 176967
1 191348 40867
1 33785 99405
1 65398 146079
1 14406 105415
1 87615 64755
1 96457 158343
1 53090 43076
1 73688 90743
1 162912 159362
1 129294 61656
1 52962 34123
1 125667 48380
1 117817 32133
1 86285 35841
1 183317 189111
1 183702 134799
1 90947 159976
1 76927 79125
1 184363 105530
1 33428 60480
1 29002 184649
1 40976 95548
1 12460 179455
1 65971 73327
1 63661 159227
1 29922 91123
1 96817 150819
1 176511 141459
1 59361 122885
1 48970 169352
1 170407 91573
1 157815 163253
1 36589 66915
1 133839 188065
1 91858 130555
1 113548 103604
1 110061 62850
1 87792 89460
1 155525 199919
1 188903 178496
1 79121 72966
1 167773 70285
1 91628 113723
1 28322 135905
1 61020 159046
1 74108 15118
1 155461 62787
1 90443 114032
1 137320 15373
1 185507 161384
1 96993 24794
1 115879 48794
1 160479 183704
1 17954 72421
1 12581 30985
1 172459 82978
1 159874 172444
1 197432 136864
1 110989 192013
1 194370 172830
1 23972 166399
1 40667 156937
1 58533 94360
1 74252 190071
1 133869 68061
1 79923 56548
1 158416 47373
1 17115 181355
1 111961 179075
1 141533 182600
1 124996 132039
1 41719 15373
1 126265 23668
1 97514 185954
1 86858 71377
1 186585 17025
1 43439 32489
1 67167 65906
1 25536 154604
1 192625 115075
1 119412 68875
1 128373 199243
1 178777 38286
1 1186 76063
1 100244 164793
1 179417 136597
1 121049 164256
1 168323 154552
1 54958 81287
1 157419 136908
1 156188 196349
1 191198 145284
1 58742 184443
1 44929 73088
1 146958 181176
1 91187 179980
1 31285 157007
1 135971 183254
1 24178 19733
1 86067 193646
1 174021 86388
1 35727 198980
1 175006 53196
1 75207 10973
1 158104 142604
1 85172 87830
1 136763 160651
1 26057 99677
1 38001 13677
1 17400 23917
1 183815 99315
1 129544 21002
1 53415 94946
1 53429 47612
1 116820 133720
1 35271 68688
1 69095 187499
1 176629 68556
1 96009 185796
1 192508 39730
1 114609 187835
1 130428 48760
1 58526 187763
1 191571 1797
1 164695 60087
1 136573 7471
1 55715 35862
1 192746 165300
1 73476 81147
1 104289 163895
1 76663 49809
1 134357 43452
1 165873 6487
1 136262 127846
1 77395 161151
1 163930 96240
1 193455 13836
1 141115 3689
1 55487 82731
1 76467 114612
1 133602 194322
1 96391 68672
1 56153 108567
1 75921 59140
1 64706 1171
1 39073 123261
1 6035 9656
1 178197 31916
1 199002 147887
1 196727 101962
1 151604 96117
1 190487 46543
1 4555 130680
1 89834 173411
1 163156 30573
1 138338 178850
1 133832 43317
1 6670 114582
1 96290 4208
1 178932 191792
1 180122 113377
1 193580 25672
1 98656 129411
1 184896 22358
1 102939 45035
1 199554 944
1 8675 7391
1 46061 184518
1 195709 53046
1 66048 13020
1 82710 126576
1 194710 159558
1 184514 74200
1 173322 189673
1 193526 93592
1 28107 139377
1 80323 122653
1 153915 99342
1 94293 197548
1 189645 105779
1 173932 29443
1 72990 82768
1 124762 7732
1 123731 152654
1 3005 86910
1 22133 178893
1 122621 137517
1 88521 144730
1 56648 6324
1 4212 5491
1 38669 10632
1 192846 185918
1 14263 4927
1 38917 180935
1 125292 25578
1 108340 32314
1 130821 56048
1 66947 71522
1 110159 134636
1 770 156896
1 36546 36040
1 79745 57901
1 38785 190619
1 136755 136148
1 74450 169216
1 22403 8618
1 183327 134263
1 37430 52049
1 87340 100416
1 112322 134893
1 41435 154166
1 130861 56805
1 199134 46313
1 134058 117213
1 193211 20416
1 36337 48562
1 175173 118925
1 171165 85814
1 92057 71090
1 106378 39725
1 133847 89204
1 16943 181768
1 13603 53341
1 17978 68065
1 40476 120855
1 165674 142007
1 119899 83206
1 91825 168106
1 112494 64359
1 93002 5626
1 86934 101095
1 119192 154941
1 66878 159557
1 38272 67934
1 111230 192426
1 91400 25373
1 54929 121032
1 124145 39043
1 62226 57651
1 66066 87653
1 107837 116157
1 130038 56604
1 146531 172757
1 42487 164675
1 68142 193376
1 171035 59377
1 41943 145369
1 53615 112184
1 131749 37030
1 164834 46238
1 100840 40700
1 163557 184475
1 161782 147061
1 80960 107284
1 84452 78768
1 192118 101206
1 82312 84136
1 197917 50005
1 196013 108824
1 22264 59046
1 116950 132366
1 176470 151738
1 102904 127502
1 187951 124509
1 151154 119018
1 31996 59694
1 163855 139423
1 187799 187937
1 80511 110898
1 98644 166834
1 14545 35532
1 18015 56556
1 66804 128402
1 131671 177434
1 176559 173257
1 45482 178315
1 121182 9257
1 141618 85580
1 9519 11775
1 142415 17954
1 180253 193608
1 148293 53894
1 24619 23564
1 160984 178085
1 87588 60792
1 100774 48279
1 21969 81151
1 195269 152030
1 27835 79475
1 180253 190690
1 35298 173535
1 62727 148908
1 184574 106215
1 158631 25761
1 4981 125475
1 184263 17472
1 162973 107641
1 176246 181598
1 84788 177785
1 190367 11424
1 22492 89214
1 81005 134393
1 60059 62082
1 161246 150950
1 105427 151233
1 12454 121959
1 21950 37970
1 47559 25343
1 173165 34050
1 76206 20399
1 10562 102771
1 106960 69551
1 8555 146740
1 38725 106093
1 112993 93536
1 162213 57226
1 141601 188
1 76961 77009
1 82665 183116
1 190500 171450
1 13621 93686
1 106154 113375
1 138171 40539
1 113376 100286
1 127205 77746
1 117310 112495
1 27662 197349
1 66145 139623
1 127039 16177
1 77484 31404
1 55403 106745
1 41377 40282
1 22185 24810
1 20347 168663
1 23921 31830
1 4302 73939
1 102169 17162
1 117986 133571
1 136849 159537
1 29836 111327
1 83676 100781
1 154383 54233
1 15632 153971
1 72882 21919
1 189841 163752
1 59939 160211
1 91722 119226
1 24843 96458
1 20525 197761
1 85490 36867
1 155308 77334
1 190037 173609
1 157239 40243
1 38789 13579
1 40695 79884
1 51971 43227
1 2891 116013
1 69081 144869
1 40386 166741
1 15420 95184
1 52121 108690
1 127840 26138
1 196406 61213
1 189979 22288
1 82789 118520
1 92734 75213
1 180881 136902
1 145391 188724
1 141382 173739
1 171723 30703
1 30118 82917
1 165499 182825
1 195689 195881
1 166101 97226
1 183258 100866
1 195830 85554
1 157518 146534
1 85725 190009
1 34535 169114
1 124874 61733
1 8840 28552
1 63127 12460
1 8410 23262
1 144982 174315
1 48896 130537
1 114285 18215
1 126742 160371
1 93230 83459
1 46448 44442
1 45626 28737
1 111761 41970
1 146776 95869
1 9961 155868
1 155665 106280
1 57620 139239
1 145679 77761
1 24080 179815
1 4982 123097
1 198269 82324
1 110146 163848
1 120283 144614
1 55586 198826
1 191743 43822
1 29779 50207
1 82390 187767
1 35521 12994
1 44063 15645
1 13275 150889
1 181347 178285
1 181557 101918
1 22710 100286
1 33058 44444
1 84339 135887
1 155090 188428
1 57588 171298
1 152682 55233
1 80 152409
1 84386 149809
1 38361 18446
1 80099 138102
1 153045 32952
1 98465 132997
1 19579 50492
1 164086 133294
1 165489 63056
1 168768 141844
1 107653 191894
1 135804 117037
1 74218 85048
1 193188 16701
1 164853 183744
1 44294 9615
1 126935 150266
1 124837 58100
1 116763 156172
1 140821 75904
1 173667 144533
1 93074 173954
1 182047 95877
1 76833 129923
1 13902 36285
1 163690 191682
1 173305 38888
1 59732 29038
1 185389 167768
1 123618 189732
1 167992 77028
1 72846 184426
1 39847 55681
1 148004 106091
1 12990 135840
1 87777 148149
1 20728 21127
1 27788 111857
1 74689 49523
1 29268 170529
1 115377 20653
1 10731 97184
1 53642 98475
1 178915 133013
1 10868 65897
1 154182 60280
1 182263 57672
1 161339 9
1 101370 151015
1 163478 116366
1 109690 131136
1 25152 26636
1 38798 71109
1 48712 192137
1 195546 16955
1 151432 75968
1 191761 118871
1 168764 147877
1 154607 33239
1 60959 14683
1 56438 51874
1 56776 3122
1 95656 47203
1 17988 41702
1 169606 20195
1 196404 52500
1 126599 127846
1 42728 134271
1 143003 157704
1 37949 15043
1 88930 135959
1 100020 35800
1 38183 123955
1 84756 146442
1 104738 129828
1 87746 68408
1 58605 99708
1 36958 23498
1 178821 112110
1 142881 37559
1 7812 54189
1 105268 98103
1 135005 149385
1 24979 53060
1 86937 17030
1 194147 63255
1 6416 166782
1 172305 66017
1 120427 3833
1 20396 157960
1 78745 26251
1 70595 88803
1 76815 135662
1 15874 80312
1 161476 18912
1 174730 34741
1 90860 166014
1 169809 85229
1 161651 51297
1 131129 123796
1 28030 17593
1 194739 124733
1 30686 190185
1 187797 154386
1 186901 137826
1 159226 5333
1 42061 98115
1 128347 194454
1 30357 126128
1 191084 93748
1 39646 76977
1 147448 131288
1 17077 102861
1 150272 183151
1 164355 67367
1 118417 9767
1 128515 143385
1 92260 157164
1 184578 49359
1 152186 76901
1 103004 12581
1 108856 95081
1 23989 89156
1 162305 124871
1 126006 148602
1 195026 10741
1 66954 7385
1 151459 137367
1 83545 112082
1 120635 150836
1 68675 74962
1 60499 16052
1 199391 190620
1 1198 60958
1 309 197800
1 154808 84944
1 117818 6203
1 110942 10430
1 24971 93959
1 125549 158767
1 153964 16965
1 151982 71093
1 116226 141713
1 135873 53932
1 38222 114438
1 136633 82486
1 60076 75291
1 13239 175285
1 58636 6460
1 21578 41993
1 11183 150764
1 123654 148684
1 175333 96603
1 1250 21770
1 108229 122371
1 98328 4230
1 163373 179784
1 68088 44138
1 71484 197136
1 191756 198029
1 132749 74848
1 53938 190699
1 120118 113912
1 160118 143072
1 10496 38897
1 105263 93862
1 125224 135124
1 112732 164176
1 168406 98173
1 50622 87111
1 197980 121009
1 98232 42755
1 171379 65724
1 98470 159821
1 31473 66319
1 17083 149683
1 55694 197848
1 13535 24460
1 58008 198755
1 181767 100526
1 171508 183409
1 84117 37805
1 169431 168343
1 150578 172630
1 27013 75225
1 103146 101419
1 150664 120903
1 64392 131552
1 38900 168600
1 184626 72662
1 173977 62660
1 176967 154902
1 51337 124711
1 198135 65425
1 146316 170132
1 167714 57559
1 112160 41974
1 95348 98518
1 135670 27885
1 46272 142292
1 114473 185256
1 129180 142959
1 31937 58303
1 14589 102803
1 100136 79828
1 156883 86716
1 35308 97513
1 141798 101486
1 4725 143684
1 111410 31986
1 179464 155713
1 63040 143827
1 8380 188279
1 84933 172248
1 162427 152975
1 183231 162243
1 94460 57377
1 140302 106762
1 86015 36368
1 83409 107413
1 96457 46184
1 2754 82617
1 168865 122614
1 59026 53363
1 22668 156199
1 142856 20583
1 76421 34660
1 132247 109337
1 102079 15213
1 188607 164268
1 94879 134900
1 21415 112859
1 60980 51068
1 183159 122934
1 73721 138803
1 154107 125854
1 2382 27533
1 179893 115779
1 148018 97441
1 161091 170460
1 160580 79432
1 35378 136679
1 128699 181812
1 58466 14755
1 152035 53391
1 127195 147146
1 187290 160084
1 169262 31700
1 51594 107954
1 29840 163049
1 147112 34911
1 1139 112294
1 157614 136186
1 132455 19347
1 176981 94244
1 56880 181410
1 182870 53792
1 186727 159979
1 141345 113386
1 103510 110951
1 145054 120981
1 138896 119210
1 178275 182504
1 106446 181989
1 121014 100282
1 164176 138396
1 146692 83468
1 27058 76196
1 37346 39527
1 119501 10081
1 23875 69751
1 184465 121917
1 132922 91302
1 26080 25707
1 9137 122429
1 160557 147998
1 19241 22199
1 180310 74756
1 196980 128871
1 147262 145608
1 162544 194252
1 87023 100103
1 121733 118323
1 131567 172626
1 15522 28429
1 8609 183460
1 51764 10064
1 45726 174373
1 167975 83539
1 150164 38879
1 180577 66853
1 65246 189055
1 94012 158958
1 74661 14864
1 20995 124105
1 10167 11507
1 33007 92961
1 100517 131106
1 168547 175370
1 128994 184230
1 62053 11875
1 25242 1558
1 50527 197673
1 10512 30801
1 58775 57630
1 86139 19519
1 30378 146586
1 44706 151428
1 41550 93873
1 108726 162245
1 108297 21895
1 106992 152927
1 14572 182512
1 179883 77988
1 39445 124748
1 78724 121625
1 86885 126497
1 175216 22445
1 151422 68409
1 131614 26235
1 5568 199615
1 106061 173698
1 836 84757
1 69680 193187
1 166105 40377
1 28352 182492
1 24190 164696
1 195425 100356
1 187232 44529
1 120824 83015
1 178325 40750
1 29900 193315
1 70488 26047
1 109532 66978
1 56583 122361
1 192640 45465
1 87515 125230
1 21059 96865
1 39079 54349
1 6912 99925
1 174291 11196
1 34299 184525
1 91993 190196
1 126914 143258
1 57473 95773
1 7557 87937
1 20953 189994
1 174834 199291
1 30903 12022
1 136597 142893
1 37107 19936
1 193326 126948
1 15904 193700
1 30484 125844
1 24330 169723
1 44618 164114
1 11637 59892
1 185184 99728
1 132500 127891
1 80204 125400
1 102663 27883
1 57928 156939
1 74202 171575
1 150511 92123
1 88698 114365
1 119315 75909
1 175546 80486
1 109921 185620
1 90374 152344
1 160633 136915
1 154406 180501
1 129159 99986
1 192567 151705
1 180710 72029
1 174629 26990
1 161142 181239
1 67372 25235
1 44027 176989
1 84175 191821
1 5434 46585
1 105113 22605
1 20175 95012
1 130260 196355
1 120017 100321
1 86215 191618
1 146280 172950
1 119924 31894
1 109550 192397
1 52817 136097
1 6789 128299
1 5125 178620
1 34616 91695
1 112742 10317
1 155990 117230
1 103538 27173
1 28299 25870
1 14988 31325
1 170688 179200
1 94136 108976
1 173556 152130
1 66713 127067
1 60443 64213
1 113578 32435
1 195703 35642
1 100730 196614
1 63478 136179
1 57132 44214
1 134731 55352
1 151854 61010
1 3152 162232
1 148281 80118
1 105434 30482
1 116554 149669
1 192222 74386
1 182496 75492
1 79492 133296
1 25653 61018
1 104906 15495
1 107648 164518
1 185499 72083
1 22187 184960
1 117103 61421
1 170130 197267
1 69222 143754
1 27580 29465
1 196000 121201
1 80734 33400
1 95456 164284
1 194380 173021
1 92641 118354
1 13314 39192
1 38072 116772
1 94419 76727
1 80491 193701
1 190768 84454
1 69329 125582
1 6556 97285
1 81579 48593
1 191982 115339
1 153793 42652
1 83592 104347
1 78145 192402
1 156311 47588
1 160532 7814
1 134026 95102
1 166658 196152
1 99223 21442
1 117705 182547
1 69547 158763
1 130104 4455
1 149680 110635
1 144849 116644
1 155909 136463
1 131999 7383
1 9786 124182
1 1685 31016
1 13962 18574
1 40040 107155
1 46940 146737
1 158895 96294
1 170940 85439
1 69560 27324
1 32214 64157
1 77997 186552
1 29876 174892
1 3944 153861
1 59193 150957
1 151764 160076
1 164830 156117
1 183365 11062
1 48748 21037
1 100313 49380
1 77945 47788
1 36943 81516
1 74407 151895
1 97511 101461
1 165274 176216
1 36796 125205
1 174457 79582
1 92766 183434
1 190760 80693
1 165620 5686
1 37764 14949
1 49105 76096
1 140383 182992
1 142420 67687
1 137085 19015
1 118533 71753
1 96015 148717
1 140078 11284
1 20142 123919
1 161527 154251
1 29851 144066
1 195461 145340
1 13430 164415
1 154772 47616
1 52221 19451
1 104339 141108
1 29958 133003
1 22976 63158
1 110783 104695
1 90949 168483
1 25380 19100
1 154642 9423
1 152066 148551
1 47035 51076
1 153835 108176
1 91412 28736
1 34169 195700
1 160971 179625
1 96006 18935
1 85702 93395
1 194412 42744
1 140157 9141
1 90874 145045
1 103514 160039
1 19639 140098
1 31246 162463
1 126171 111525
1 29047 70637
1 46475 69108
1 78512 189813
1 178196 36946
1 192056 131947
1 188586 32806
1 35078 125652
1 79713 63038
1 85548 80699
1 131629 43491
1 184107 194226
1 30294 8189
1 186389 96523
1 130239 42985
1 66986 196886
1 108952 8537
1 187948 115549
1 167585 150764
1 83588 150940
1 47713 55310
1 65754 173318
1 79719 140817
1 129903 9333
1 64127 163340
1 10110 18160
1 92279 17397
1 149203 158179
1 163924 57914
1 61100 44442
1 37711 187237
1 48782 160703
1 13909 22064
1 44521 172309
1 95550 74149
1 47984 75444
1 58956 125050
1 156338 183239
1 134887 33516
1 139645 150723
1 125272 186010
1 109621 179818
1 122820 73444
1 83632 55871
1 77866 54277
1 116756 129739
1 27167 80685
1 23860 83985
1 131080 8483
1 151527 103438
1 81112 76889
1 160426 102004
1 119052 131728
1 160313 133415
1 31844 162351
1 76840 175799
1 16099 179296
1 134984 181152
1 166794 131882
1 67511 149248
1 127377 140565
1 145607 187992
1 54054 196858
1 54291 166277
1 10922 131624
1 81949 110080
1 156712 61631
1 123756 181715
1 105560 82760
1 64806 10653
1 23380 94035
1 85609 35913
1 66458 148116
1 18223 23755
1 125314 191103
1 105506 45020
1 77056 90786
1 126652 121783
1 132125 157826
1 53667 186067
1 26290 83450
1 171076 5858
1 31462 178960
1 107822 153866
1 49833 108121
1 198321 113251
1 103280 147407
1 58231 143473
1 108467 5552
1 21474 19747
1 110756 153498
1 20840 103436
1 142385 45412
1 99115 134625
1 158972 168447
1 154525 39731
1 22554 654
1 86866 150126
1 181962 137283
1 148711 49105
1 155127 16123
1 71186 40303
1 187696 30107
1 141706 22311
1 48806 1899
1 33882 35488
1 126183 118323
1 112705 148424
1 123610 12692
1 188749 60110
1 193147 30633
1 136760 44957
1 184536 18526
1 197697 154586
1 118603 28432
1 16783 101664
1 163322 169382
1 129026 191547
1 84748 150831
1 185307 88483
1 102765 15102
1 107407 60986
1 12613 96642
1 130662 61896
1 102900 189993
1 26265 48309
1 21266 184566
1 163692 198408
1 190245 65505
1 94793 125919
1 33251 40751
1 71070 140015
1 142761 38803
1 20537 106237
1 116604 196164
1 129505 38172
1 119551 175647
1 146359 7656
1 31860 109376
1 103054 116227
1 127479 138011
1 100487 189008
1 140600 4512
1 130993 25517
1 40057 101839
1 6433 160181
1 9864 27225
1 108813 73525
1 156862 18873
1 9005 4974
1 104631 161873
1 176148 164299
1 108371 148488
1 126796 148964
1 96813 127267
1 88817 170163
1 167771 108515
1 128144 176341
1 2087 53087
1 11264 192388
1 160012 145441
1 127681 188180
1 193075 80325
1 30419 875
1 136815 185680
1 19800 17861
1 196470 150287
1 52973 46824
1 21346 44721
1 178693 63012
1 194344 186406
1 113544 97550
1 92248 130232
1 27627 125885
1 185557 195241
1 15505 45381
1 93397 17806
1 37729 66163
1 64348 193324
1 8488 175305
1 31669 45713
1 22641 136572
1 112305 150261
1 5859 134315
1 117476 82321
1 81755 42913
1 124125 54718
1 133514 53645
1 97509 149202
1 58896 47552
1 72955 184504
1 170650 147240
1 138318 90767
1 152441 38283
1 65274 141188
1 190212 139079
1 46983 44403
1 880 166921
1 64224 81019
1 132462 83851
1 114193 40544
1 38340 49938
1 166723 103333
1 175407 33192
1 113467 103658
1 124792 183638
1 142032 23107
1 92949 39012
1 65197 103578
1 38210 50453
1 77063 119176
1 33312 17437
1 157471 28014
1 120270 55077
1 89531 32537
1 89926 27970
1 111520 20118
1 35834 136561
1 6932 2450
1 42416 84438
1 15378 97399
1 5082 3382
1 120462 146947
1 29497 138931
1 125099 145705
1 102452 34630
1 46393 147885
1 47924 132610
1 72116 118395
1 72770 157000
1 26489 35208
1 141924 16966
1 177035 174572
1 30581 141364
1 97158 12990
1 53507 132497
1 12066 44977
1 80046 128473
1 109739 100655
1 142975 154251
1 37759 156020
1 23429 104217
1 113801 94253
1 53366 31216
1 24125 92689
1 180741 11370
1 165459 25087
1 199167 111632
1 120840 163033
1 199660 165588
1 17042 170080
1 50723 122703
1 22883 127441
1 162605 181432
1 145312 120319
1 127901 176933
1 81059 100401
1 102511 19909
1 106543 146559
1 16800 40541
1 85363 69288
1 175245 179778
1 192769 109366
1 150928 64600
1 74768 67221
1 30551 134537
1 95664 27312
1 138373 171273
1 73420 84877
1 181454 193288
1 64101 121067
1 161421 23480
1 170381 175770
1 114921 179329
1 86947 126491
1 166505 198018
1 199950 107256
1 66644 192073
1 12411 56486
1 148045 78997
1 12507 7385
1 153262 83019
1 193495 171878
1 55843 120439
1 124694 183136
1 164937 85380
1 190898 46892
1 29575 78654
1 53047 65063
1 182700 95238
1 117020 148985
1 85962 16918
1 169221 139578
1 119954 79608
1 158969 75142
1 15856 186113
1 78432 188379
1 75754 35666
1 33857 136571
1 191732 52496
1 136633 134271
1 25494 84899
1 149887 86265
1 198977 1453
1 100183 32142
1 143151 199436
1 21652 184786
1 172281 4435
1 120466 111205
1 94525 160133
1 97843 80334
1 195761 148370
1 3161 102230
1 194754 153749
1 26660 156582
1 32561 27790
1 64621 92516
1 138222 23068
1 110339 88523
1 42166 168702
1 111013 185545
1 67882 36555
1 2497 132702
1 143153 170671
1 66731 13106
1 1487 196968
1 159008 173046
1 33351 184385
1 24572 105727
1 99246 181133
1 140729 163424
1 191184 7143
1 122346 196806
1 155720 13416
1 186424 123736
1 125595 134889
1 137499 76303
1 176533 183163
1 154012 157395
1 62183 108452
1 89353 162328
1 121408 190747
1 33721 38199
1 120298 50310
1 102722 13008
1 113254 136242
1 193528 159199
1 98699 27156
1 178984 94493
1 117277 14719
1 6100 177562
1 78890 79718
1 173872 133657
1 171625 190419
1 59484 91883
1 46805 73192
1 108708 133455
1 141382 145428
1 169782 62984
1 16850 68377
1 58595 150464
1 38307 22460
1 144472 148957
1 42010 93197
1 26270 45282
1 163683 39833
1 66831 48201
1 35417 129453
1 181915 100958
1 96477 177549
1 70139 191517
1 32562 111283
1 46708 56655
1 188827 130957
1 185295 7522
1 27703 159025
1 74583 131912
1 28189 139555
1 102419 100498
1 43763 132810
1 186565 80012
1 146004 173806
1 189539 169819
1 38115 6709
1 134229 84694
1 5481 37535
1 140207 128738
1 149814 20607
1 93936 101393
1 48438 97340
1 44731 153596
1 5906 195655
1 160021 99742
1 125386 169887
1 177247 186804
1 112464 160066
1 37845 62612
1 26024 34229
1 23047 146762
1 175741 71287
1 109078 9017
1 32006 7810
1 18994 47984
1 137370 3458
1 67794 73932
1 170512 131865
1 2036 13966
1 140251 197524
1 186966 7805
1 140388 56167
1 22133 186557
1 177897 147375
1 35846 169456
1 86869 76263
1 21234 187982
1 198561 151083
1 177942 125376
1 29483 84141
1 109690 40002
1 147733 194550
1 173392 23608
1 56032 82462
1 140080 77456
1 145480 104077
1 159826 63130
1 35618 77812
1 15181 71845
1 127540 52807
1 27791 15322
1 1685 65596
1 3229 94557
1 84166 48521
1 91532 36322
1 70416 144346
1 186687 84429
1 156959 68497
1 106467 112206
1 25566 38402
1 196072 27067
1 191059 11629
1 72641 2607
1 124413 101118
1 197407 183202
1 156267 113539
1 55146 89418
1 2464 159020
1 128064 104753
1 36389 67721
1 155825 148887
1 35822 173439
1 73979 132043
1 153841 183692
1 133571 190213
1 4802 53884
1 46036 142086
1 20083 11691
1 109275 112563
1 11499 1149
1 76450 26670
1 90950 150362
1 184269 179062
1 93676 174319
1 110227 10113
1 133557 184226
1 117758 169560
1 197500 63381
1 119076 167731
1 124802 88798
1 111591 10517
1 138885 109893
1 98731 84969
1 161505 108862
1 99672 175198
1 157990 69352
1 134736 90496
1 54587 36806
1 68977 31896
1 60019 46013
1 44941 41926
1 160750 130446
1 30697 51932
1 7218 175572
1 120692 66621
1 173898 22529
1 179849 139639
1 18270 120213
1 29735 35101
1 160020 158879
1 172207 80617
1 176678 150968
1 17695 111825
1 7876 60413
1 58574 177831
1 104044 87437
1 164328 161463
1 53192 125699
1 166442 64731
1 133961 167156
1 136417 154978
1 108673 41131
1 106079 4386
1 197125 152292
1 75390 120409
1 44164 198342
1 151065 131659
1 166818 173990
1 151560 180056
1 117208 88505
1 144091 71580
1 134416 157592
1 23706 106380
1 98492 8890
1 47675 106062
1 55288 108973
1 15012 173081
1 49376 96917
1 177186 39438
1 105459 196841
1 175273 38805
1 109097 115755
1 119310 192828
1 37458 26984
1 125955 154253
1 79856 180400
1 38418 6574
1 12182 151894
1 83804 49405
1 117313 1130
1 194386 172716
1 162167 57334
1 25780 68250
1 115934 107319
1 173194 161267
1 142431 76253
1 50336 145098
1 149884 136198
1 160454 119093
1 32174 15478
1 103367 172072
1 91907 172122
1 113705 158613
1 84790 99199
1 177382 158979
1 41680 94157
1 101161 145197
1 131006 11912
1 38411 26334
1 64052 32265
1 146638 32202
1 84033 31993
1 76059 99183
1 177844 69390
1 165497 142253
1 157743 155850
1 19342 129634
1 4361 64305
1 170457 158345
1 99625 87306
1 121263 154517
1 101727 14489
1 11254 41034
1 49414 74587
1 51679 94172
1 68569 21826
1 74216 89610
1 161170 96755
1 65745 72956
1 171593 38525
1 45726 147036
1 59596 34138
1 78350 168754
1 35194 120556
1 169178 102147
1 132325 89201
1 176689 180908
1 117096 34567
1 149105 156090
1 67718 114983
1 43369 187660
1 188101 171804
1 191566 196972
1 24841 60739
1 139772 140010
1 185204 13705
1 23982 29818
1 52349 34528
1 90112 24400
1 17039 186050
1 173604 141946
1 37732 114794
1 173986 108030
1 104739 154831
1 99540 146101
1 2167 80036
1 58977 86758
1 68272 9549
1 102905 79526
1 55710 90531
1 43346 119152
1 23212 89834
1 61409 189312
1 23290 9106
1 160924 116149
1 83263 178604
1 198894 24807
1 102750 48430
1 120315 177477
1 131398 176361
1 196694 194547
1 68047 73801
1 62143 188131
1 37331 93390
1 132833 3187
1 97034 43977
1 186316 143430
1 133033 125274
1 125615 198693
1 187708 146601
1 52314 156376
1 25026 107298
1 121522 22401
1 146058 124021
1 161012 30265
1 14091 135309
1 78062 749
1 25736 195855
1 136699 59706
1 129253 161687
1 72830 99080
1 20228 19567
1 122274 196772
1 183524 177296
1 75728 80226
1 167995 5660
1 86193 19697
1 15057 168540
1 65126 55232
1 53920 82166
1 101636 21456
1 169066 167218
1 105813 143258
1 18842 140078
1 10892 12196
1 151006 76895
1 49288 111903
1 80388 97227
1 112587 86531
1 134484 9091
1 84219 145646
1 196461 10597
1 89114 126073
1 117347 177809
1 63427 120156
1 124312 6827
1 8421 111044
1 167129 22417
1 62275 18163
1 26043 25566
1 61675 112024
1 169335 93088
1 119734 113519
1 49603 126293
1 131457 163226
1 186225 67500
1 362 105153
1 134540 43450
1 77453 143399
1 18032 50618
1 142208 86798
1 38251 56906
1 43917 173261
1 71122 75682
1 160688 25262
1 78565 39383
1 133520 131854
1 191271 155920
1 138561 189936
1 13175 53319
1 113594 4578
1 84788 17155
1 162899 82515
1 199439 3796
1 119426 127795
1 109105 76688
1 198935 76621
1 21456 64460
1 180789 108321
1 163916 179101
1 184019 135942
1 192848 189840
1 84979 174846
1 199718 126696
1 161761 61787
1 38938 144856
1 137007 34578
1 6035 100352
1 57583 28957
1 96239 66987
1 105713 151382
1 97629 71304
1 135870 104273
1 97535 94953
1 184533 194106
1 21824 29754
1 195941 83056
1 17458 52547
1 165452 83937
1 170221 198112
1 149518 118183
1 27812 36287
1 30680 101986
1 176329 184154
1 123382 75862
1 50594 168311
1 95442 51527
1 194668 144413
1 22191 2771
1 87601 157912
1 103589 63119
1 5029 196528
1 177055 179174
1 66053 175782
1 143890 89710
1 25075 57840
1 99071 80012
1 18316 45557
1 41708 42250
1 40715 90507
1 164383 109750
1 78306 23791
1 38620 65534
1 171479 25606
1 11488 75722
1 99356 73171
1 99293 80857
1 90419 77049
1 14326 13727
1 143617 111474
1 93630 34781
1 81712 166799
1 90414 88258
1 92426 177074
1 56485 140995
1 49491 130057
1 70884 148790
1 11623 170125
1 72968 108851
1 190293 88634
1 176777 107566
1 155067 98448
1 129716 125263
1 155810 3467
1 148901 66451
1 195228 169823
1 61640 187047
1 20380 180918
1 14801 109698
1 63894 110125
1 26105 21764
1 13720 92813
1 49019 27789
1 194152 61447
1 137486 194143
1 84638 134130
1 133348 133687
1 155075 173448
1 99427 121257
1 61803 93599
1 93347 68155
1 104464 32228
1 195624 91075
1 26864 170973
1 43297 115076
1 152809 193568
1 170401 51397
1 136722 84367
1 164061 196083
1 59933 128726
1 119590 189369
1 7786 31398
1 157607 85022
1 79662 183283
1 193954 119455
1 19781 173932
1 181031 47886
1 149076 76667
1 44182 58857
1 116515 143356
1 131094 118846
1 7994 110273
1 62805 106559
1 96954 84358
1 164930 71329
1 63550 35698
1 130887 137850
1 49650 4558
1 133644 114458
1 82803 118409
1 69225 102378
1 130921 138668
1 15914 23108
1 170593 62554
1 100105 87698
1 67694 51595
1 43880 50986
1 64449 113418
1 136845 129129
1 32775 89580
1 161441 65934
1 117252 100818
1 54507 13017
1 83821 30946
1 97673 95268
1 145611 23618
1 175407 129729
1 124173 19093
1 52005 56981
1 28398 5370
1 53371 59829
1 264 156546
1 37966 143871
1 76599 87216
1 87360 140283
1 77426 149303
1 53300 186802
1 32230 49968
1 33352 121742
1 2132 102553
1 175063 34995
1 74797 71125
1 175790 14557
1 106475 70240
1 100685 199674
1 101619 174995
1 137378 6218
1 124329 82712
1 149761 75574
1 47251 17646
1 18088 65773
1 86129 164448
1 154545 122053
1 125916 99074
1 44887 9809
1 173534 134701
1 2157 158143
1 56081 18619
1 81756 68980
1 27067 99397
1 20957 138730
1 76584 152668
1 84343 133194
1 102665 180678
1 186298 7813
1 36557 189499
1 155195 190008
1 105598 32479
1 145553 187840
1 15646 167873
1 65936 143387
1 128067 184788
1 163205 75776
1 157359 162796
1 56882 97344
1 119987 6140
1 118859 74910
1 2118 158159
1 11122 187948
1 53537 53508
1 71598 155430
1 2910 100430
1 49202 95635
1 191057 139116
1 16140 32090
1 80229 2405
1 162795 159395
1 30971 85447
1 102805 119215
1 129920 136096
1 47144 67129
1 20813 183613
1 131345 193997
1 131972 3170
1 23498 114216
1 108008 60746
1 67992 192593
1 182333 110816
1 18244 116983
1 38880 113342
1 54361 13644
1 30953 85925
1 99167 189729
1 63359 103421
1 79382 188611
1 147515 45647
1 179126 35413
1 191040 160639
1 165797 176943
1 108378 14094
1 170360 136118
1 143190 4496
1 168431 26301
1 27938 154793
1 35691 176923
1 116005 102223
1 190322 160077
1 92832 1275
1 102821 147470
1 26822 105456
1 184704 156148
1 197144 53296
1 128019 51918
1 109381 9659
1 148032 124156
1 83265 19531
1 132021 130831
1 190244 16589
1 9834 141218
1 69893 86561
1 91805 69367
1 160983 60053
1 144461 174421
1 35012 109469
1 140853 189921
1 177160 166230
1 78923 169403
1 151760 20924
1 172665 105372
1 198995 115113
1 138969 95213
1 62768 162705
1 63159 191594
1 138313 155578
1 125122 3448
1 27743 83136
1 195412 159939
1 146415 65993
1 175843 114908
1 128972 188420
1 160455 186898
1 15294 55464
1 129071 975
1 135322 160363
1 35934 91765
1 84834 92353
1 112170 117561
1 102495 169047
1 194486 172223
1 126077 60047
1 57903 66296
1 194471 55357
1 98950 165752
1 57636 151330
1 189932 162779
1 143601 60456
1 17875 538
1 116895 184670
1 176867 180776
1 164270 37813
1 52411 41875
1 111275 153787
1 166953 123481
1 32711 167190
1 188652 79175
1 45305 155012
1 123561 42136
1 37526 49362
1 25707 191757
1 112622 7194
1 189088 15433
1 158057 8577
1 47185 40943
1 102435 147632
1 134432 176959
1 6341 74578
1 78855 106349
1 91749 166350
1 38479 117507
1 189023 183495
1 180944 81273
1 199156 171537
1 145832 14099
1 151010 73653
1 48253 187962
1 60613 11943
1 131703 38174
1 145710 173318
1 160120 158732
1 142722 89878
1 193374 10571
1 151702 44217
1 129532 101948
1 55944 26740
1 105812 69041
1 183647 107168
1 94873 108366
1 180774 22125
1 186531 189278
1 144710 11615
1 3251 88504
1 101794 33474
1 19496 41299
1 137336 20209
1 37185 69606
1 154165 1607
1 175573 174468
1 170969 1572
1 162832 60599
1 162956 55971
1 123184 176475
1 27712 143641
1 173696 103740
1 105672 100818
1 77395 158259
1 3895 83399
1 78276 38974
1 62844 138979
1 3692 79839
1 160254 167288
1 20900 154679
1 188724 99324
1 177725 185891
1 198598 2761
1 19388 14934
1 123050 79508
1 89371 60279
1 171449 7980
1 62461 194621
1 97744 62710
1 156016 73161
1 27183 172455
1 146921 68484
1 135628 126850
1 4923 138234
1 19320 196372
1 65881 192502
1 80885 80813
1 159629 66783
1 55574 50593
1 47416 113745
1 183641 97278
1 82572 97919
1 188802 183055
1 90695 165513
1 4409 182802
1 157810 33497
1 135013 47925
1 19546 156995
1 107913 77911
1 4429 40093
1 137054 15549
1 142679 132252
1 186482 152594
1 157438 84784
1 120641 90276
1 35516 87713
1 112529 124123
1 99196 7018
1 192211 71419
1 5400 55702
1 59384 162333
1 55889 78810
1 52945 188970
1 31759 18866
1 46827 10521
1 3994 63295
1 97961 5034
1 75608 107295
1 190434 164515
1 78088 160910
1 130109 189577
1 141184 102269
1 6987 108769
1 198435 113457
1 159525 139048
1 11686 197278
1 141895 121233
1 124484 83844
1 44780 31038
1 80319 72905
1 181290 55170
1 94745 192472
1 66576 42773
1 60946 62329
1 199165 112727
1 108835 20338
1 198788 167945
1 151547 125662
1 191422 45001
1 155065 10443
1 40943 137422
1 189802 135448
1 29213 77220
1 96389 14543
1 108589 58409
1 139619 97921
1 29695 164296
1 106691 150753
1 84939 84340
1 106686 20898
1 100604 171879
1 190791 38227
1 135437 90205
1 6950 198650
1 175650 177035
1 168310 141040
1 170538 31269
1 50460 31549
1 179122 192271
1 42058 49012
1 37708 44323
1 197300 58065
1 42785 156580
1 180816 32400
1 184786 43136
1 76628 144337
1 170326 48396
1 108524 154346
1 93392 116795
1 87162 82379
1 54704 103711
1 160273 151897
1 153868 120548
1 59700 58436
1 90047 102346
1 86220 68906
1 8705 135395
1 10087 18801
1 150728 7565
1 117432 81056
1 161438 191089
1 87052 132286
1 111236 150203
1 151369 33965
1 78022 75867
1 50604 31113
1 37087 188221
1 183684 137084
1 86799 129349
1 131754 146725
1 86907 125261
1 77122 197418
1 46597 65890
1 23607 186009
1 139437 125
1 73011 97414
1 21735 156415
1 13405 90593
1 162236 130991
1 57943 127254
1 184486 38967
1 74807 187754
1 193767 170460
1 65157 133140
1 181227 177662
1 198069 162584
1 60062 78480
1 50022 92266
1 35407 139928
1 10523 79682
1 3078 10474
1 49656 158140
1 179491 61345
1 199616 39987
1 149752 168479
1 197390 50909
1 165288 25989
1 3154 95016
1 171009 66549
1 119245 19734
1 56214 18184
1 168142 44886
1 157409 182602
1 140078 167460
1 47896 49917
1 85642 77347
1 124110 136205
1 173185 161145
1 150924 133520
1 5485 101290
1 124464 184194
1 184102 155832
1 193541 94399
1 6644 148987
1 83812 42432
1 192467 43324
1 91274 169626
1 24173 149718
1 165883 42229
1 8403 192208
1 8727 38985
1 51901 195061
1 121786 21022
1 161540 25205
1 180185 180740
1 185372 168065
1 157914 123665
1 69270 96801
1 195508 170971
1 198678 147545
1 143176 176949
1 114641 104125
1 145599 146030
1 192970 82385
1 157796 166663
1 90893 13476
1 122052 197491
1 80748 24495
1 61444 23317
1 77498 115241
1 3 40885
1 67525 192813
1 160816 94596
1 180824 58320
1 28013 68754
1 148784 60604
1 74150 135628
1 190013 164177
1 142059 182970
1 38429 102013
1 144917 5176
1 70356 131674
1 153239 4725
1 1103 189321
1 137379 16425
1 172250 69132
1 126848 108123
1 127136 20584
1 98665 160019
1 43426 15931
1 61481 89243
1 150074 189147
1 28596 171772
1 20304 50481
1 76552 130295
1 172317 133525
1 159813 116610
1 112096 176810
1 105289 165125
1 50462 158395
1 152592 87572
1 125022 19222
1 58442 57838
1 133156 137257
1 27710 129205
1 47789 68636
1 5855 102064
1 99115 156079
1 145261 188543
1 20418 68820
1 84558 85981
1 15107 38158
1 66604 109148
1 85224 183626
1 148689 96156
1 89104 154046
1 58882 55820
1 4924 199296
1 18841 52965
1 49354 16425
1 178342 108388
1 49777 105258
1 113863 196231
1 121021 190063
1 7942 38731
1 76299 120242
1 19571 199332
1 83783 183650
1 162563 144317
1 15397 81012
1 186920 78385
1 178655 48201
1 75697 17610
1 183854 189889
1 183972 164985
1 38218 45279
1 182105 91542
1 33189 48926
1 14874 53913
1 30374 167251
1 49849 60953
1 106275 55236
1 30193 147460
1 136161 72584
1 5120 154974
1 121807 182367
1 55556 122942
1 125633 146388
1 173269 124550
1 50666 133393
1 67363 127842
1 191516 23555
1 130192 2628
1 69443 141743
1 122063 14302
1 92191 120467
1 15421 103648
1 107393 35841
1 16383 42740
1 179209 190072
1 130654 100855
1 140446 22852
1 19423 63033
1 45551 165080
1 70823 141367
1 90728 131945
1 172750 48920
1 99639 11213
1 12673 32038
1 160961 117717
1 197854 121038
1 69407 54120
1 158858 184154
1 98078 118689
1 82262 7469
1 172662 175338
1 83794 186368
1 182986 138650
1 144561 29595
1 116896 41740
1 145182 140439
1 104034 184448
1 66782 118355
1 60053 43510
1 61415 125748
1 193368 131657
1 130239 10976
1 79072 68169
1 92953 100605
1 177394 7197
1 63021 144743
1 67874 133847
1 60566 190960
1 178954 144345
1 85424 128860
1 96718 76136
1 29298 12956
1 51406 117326
1 168714 27722
1 33580 100725
1 172919 195557
1 178240 12417
1 146027 27726
1 171929 60014
1 60449 3330
1 161461 188907
1 49084 72922
2 45655
3
