200000
1 1308 68784
2 23937
1 91957 88510
1 39285 13226
1 3502 176732
1 64823 189911
1 27914 100996
1 26449 144087
1 149236 155240
1 127460 160359
1 194907 145853
1 96779 74989
1 39468 35417
1 189938 44917
1 123787 190604
2 79542
1 196539 160211
1 41091 71807
1 123137 4240
1 48919 112794
1 22475 199482
1 122907 35930
2 21201
1 98184 192116
1 70711 189018
1 169450 77702
1 110948 120992
1 45634 47909
2 9638
1 190695 173136
1 190661 45792
1 49696 77422
1 40550 63675
1 26738 168302
1 33403 87066
1 19810 47861
1 183487 175897
1 169347 93144
1 148364 45388
1 23474 28277
1 136830 195638
1 143567 111700
1 75404 15432
1 136445 95230
1 21475 26395
1 146269 137757
1 9348 109616
2 182406
1 78543 161120
1 146649 60424
1 48231 140849
1 110091 194531
1 29218 161884
1 36709 184578
1 16992 8581
1 88046 15101
1 188925 77746
1 130758 93006
1 23244 199203
1 134391 120466
1 53786 123121
1 100249 38852
1 45089 164774
1 69419 949
1 146954 121244
1 23663 159631
1 56744 177753
1 165446 181067
1 146738 18345
1 25997 72367
1 30911 158269
1 6647 117453
1 148168 197700
1 59116 191865
1 163033 111752
1 184994 63562
2 119640
1 195164 185721
1 84442 110843
1 45658 86235
1 35730 35203
1 121518 14292
1 130101 80638
1 162633 167151
1 99846 197181
1 136374 198995
1 149207 103569
2 50391
1 93914 123620
1 24301 36316
1 97160 94644
1 79411 6532
1 189405 90671
2 109930
1 8658 81031
1 103875 185651
2 75268
1 65049 88050
1 162426 167297
2 66502
1 103003 110177
1 117102 15821
1 75573 11042
1 113075 122475
2 35596
1 190551 131804
1 193859 177956
1 186355 78323
1 140637 45722
1 38478 104387
1 61044 121222
1 140445 38676
1 148786 13007
1 110045 26790
1 120398 2126
1 34285 62704
2 85896
1 75580 124205
1 36167 189030
1 59814 170519
1 199825 117806
2 136146
1 80714 39531
1 175713 157799
1 87858 7788
2 174775
1 149888 97075
1 151361 107541
1 192977 13618
1 101248 18350
1 3550 197608
1 48976 138051
2 193488
1 131403 174061
1 109008 99441
1 156268 137909
1 182202 198341
1 158082 55336
1 122600 38887
1 122088 149861
1 22583 192040
1 107296 121507
1 15733 24357
1 78449 178159
1 177241 194727
1 185600 185189
1 69885 79104
1 100077 78961
1 170718 25187
2 40881
1 174761 69462
1 129535 13877
1 53161 108632
1 187687 82293
1 71989 170605
1 14798 47190
1 93326 73966
1 43850 195012
1 170481 195969
2 127061
1 160820 37425
2 160662
1 26953 193944
1 12327 145465
1 127577 167910
2 18149
1 114272 38114
1 4560 36614
1 174824 181657
2 33840
1 168528 98111
1 100877 25409
1 143337 101459
1 38575 93742
1 29770 67604
1 44269 70014
1 149860 150198
1 137801 42350
1 10326 193000
1 10899 13391
1 17732 2899
1 128746 33121
1 183414 61269
1 15415 94385
1 90675 174335
1 29543 85424
1 40222 123469
1 148520 177749
1 50000 72613
1 129511 101877
1 180727 124178
1 45960 107744
1 1327 34498
1 68710 140670
1 7199 178493
2 182092
2 40031
1 93992 148153
1 145616 39483
1 188986 170698
1 65731 115331
2 96701
1 161780 36704
1 165265 173064
1 103614 138280
2 101020
1 79481 163808
1 172010 185369
1 161540 182715
1 168104 83149
1 89306 198786
1 128994 21226
1 147211 186428
1 136604 69545
1 50909 121147
1 99195 4198
1 176753 63579
1 53632 185660
1 110297 39486
1 9415 119969
1 78073 166598
1 99328 187780
1 85020 11219
1 50412 22437
1 136537 62655
1 172123 32564
1 4583 94743
1 130788 106414
1 118333 25371
1 63974 50228
1 5806 132024
1 101565 75053
1 23108 148868
1 179719 198878
1 7451 111995
1 28057 98759
1 177855 71481
1 143740 182656
2 79241
1 123230 108461
1 188658 154999
1 197622 36180
1 135766 120779
1 84507 6212
1 24921 169894
2 12804
1 113071 163596
1 27363 26586
1 43699 153975
2 134003
1 3664 96606
1 118223 25572
1 124995 126970
1 21912 168847
1 42936 112777
2 120
1 175662 11813
1 140655 80726
1 166686 136075
1 51197 150526
1 74093 106936
1 108709 136125
1 137437 136380
1 164533 65145
1 193281 152938
1 165003 52174
1 149143 199187
2 109274
1 89201 291
1 75954 28768
1 100288 53645
1 192470 157734
1 126712 2172
1 194942 70456
1 76127 145011
1 33370 7847
1 128979 24811
1 55746 28284
1 147328 116786
1 58711 58046
1 134370 185220
1 73310 99111
1 162493 157671
2 2329
2 149810
2 105036
1 91496 62152
1 27268 96996
1 180447 103388
1 32770 39232
1 128680 59077
1 100310 110637
2 76763
1 10483 162039
2 175998
1 174932 120470
1 24186 17057
1 34656 67544
1 39064 168387
1 187650 50154
1 175353 34342
1 59745 190417
1 164406 102984
2 14383
1 22738 61963
1 151004 187432
1 172383 48755
1 12693 186062
1 17654 114692
1 36606 186915
1 95274 29133
1 129990 31527
1 122843 116397
1 115104 192211
1 31673 33143
1 177766 62230
1 94843 68292
1 5678 140239
1 41951 21400
1 120683 191755
1 168932 41017
1 33286 92416
1 154629 173772
1 157373 142346
1 155703 55473
1 179964 190437
1 21541 52960
2 57658
2 141129
1 120004 152470
2 183567
1 84625 199192
1 88049 35289
1 15241 191809
1 49102 157539
1 64939 157419
1 113897 48597
1 17136 133606
1 54164 109213
1 37101 74371
1 125337 20722
2 43793
1 140452 23180
1 33548 20320
1 132444 77295
1 159632 2865
1 83218 192075
2 22652
1 137907 12284
1 112708 37888
1 155878 148908
1 61015 123201
2 152933
1 19075 108101
1 99439 82315
2 11519
1 190120 159950
2 149937
1 167102 35154
1 176298 168166
1 99338 13748
1 132259 168484
1 167528 61205
1 63292 52058
1 22016 65751
1 191745 30389
1 191887 187286
1 3437 152545
1 113889 187004
1 136640 132228
1 79634 67688
1 22559 91768
1 111686 139520
1 75372 20744
1 1510 156370
1 188135 194541
1 105692 90866
1 127940 151562
2 96658
1 136579 131532
1 57238 25767
1 193260 143417
1 165838 187954
1 88721 131085
1 91235 183226
1 6167 70452
1 119025 174006
2 196133
1 138322 33353
1 195928 40799
1 132694 172496
2 149395
1 34393 30899
1 26874 31552
1 124888 123973
1 150797 75834
1 161184 185197
1 45494 134135
2 146900
1 172646 160164
1 18114 86143
1 105548 54298
1 197346 7288
2 137844
1 13897 137228
1 184933 196504
1 13930 120254
1 69331 124648
1 197772 25743
1 144430 104547
1 146453 40491
2 1548
1 50834 147786
1 111152 149929
1 162277 94890
1 49544 188192
1 125214 128080
1 17082 90477
1 99833 47620
1 134596 171810
1 30046 122849
1 100391 56423
1 174943 123502
1 104198 145462
1 68020 76214
1 15292 46551
2 127477
1 148525 32958
1 26677 148377
1 173424 129266
1 197314 21230
1 103067 92239
1 78685 54681
1 193019 143414
1 82690 73422
1 162629 34320
1 26025 140179
1 185356 136360
1 75684 154097
1 103938 141643
1 149492 15803
1 35763 189726
1 23084 71619
1 115391 32064
1 96138 31642
1 16344 125920
1 97489 11079
2 198204
1 30883 20779
1 25537 132659
1 141353 127998
1 131849 57228
1 24818 173644
1 98425 114195
1 83739 36368
1 173480 172247
1 53586 142551
1 39994 108698
1 120082 84252
1 71664 3353
1 161631 61224
1 153935 59518
1 99457 195497
1 180853 129442
2 98309
1 118956 14584
1 162642 198577
1 193982 196481
1 14729 131719
2 64022
2 178710
1 133117 159713
2 39312
1 149376 56698
1 141852 85380
1 74714 142036
2 132632
1 162931 70007
1 119112 128617
2 170011
1 135740 162368
1 2030 34182
1 104753 36229
1 139236 55729
1 73291 129232
1 12284 75677
1 193669 64186
1 45817 153356
1 38062 13582
1 166152 191997
2 98729
1 112487 166303
1 188068 140133
1 36750 61780
1 107614 109913
1 84455 23744
1 84446 92482
1 6888 109269
1 39746 77217
1 77407 33724
2 81812
1 191895 125353
1 17687 157156
1 106676 107376
1 34604 62439
1 92559 112873
1 131071 9615
1 151827 144973
1 87685 96811
1 699 5975
1 111813 135553
1 81451 2943
1 21529 87273
2 61969
1 28640 120105
2 95435
1 13984 74808
1 137631 94613
1 16664 19996
1 97466 192027
1 20834 66531
1 158845 151457
1 97195 125645
1 111811 60219
1 162119 114853
1 170727 172622
1 110507 82133
1 110616 22854
1 47592 167434
2 138936
1 77434 43754
1 135638 103994
2 40047
1 42256 145947
1 132341 376
1 176561 123015
1 40291 14730
1 8043 105357
1 914 31791
1 65546 170873
1 68623 141223
1 12353 24755
1 183320 71872
1 155269 135159
1 339 111796
1 92396 142739
1 65932 140995
1 21063 135458
1 48815 148561
1 27453 162823
1 12999 105602
1 112425 134573
1 143605 142292
2 110453
1 69246 154674
1 159702 171384
1 7136 126409
1 81751 32013
1 8544 165391
1 31444 14708
1 157379 118374
1 11921 102637
1 190975 14002
1 186352 189715
1 116890 120346
1 179299 168950
1 125255 76994
1 166640 158205
1 47550 179335
2 99178
2 136633
2 54139
1 42798 107279
1 125175 70690
1 129564 158593
1 29644 24941
1 175896 122522
1 184263 101366
1 9537 188868
2 29671
1 17686 93744
2 18418
1 93599 55875
1 32372 76191
2 54047
2 110091
1 155756 7845
1 101697 85923
1 121527 11901
1 159342 150291
1 172509 20405
1 135941 11734
1 139250 94670
1 101713 176775
1 87937 70175
1 52714 122594
1 24581 60083
1 174800 51640
1 192231 159908
1 22211 112499
1 167930 39224
2 156006
2 9558
1 29244 187405
1 133258 82707
1 170975 193891
1 1533 42393
1 75282 140816
1 56827 147266
1 173021 62777
2 61465
1 86009 105667
1 71157 14445
1 188984 151194
1 128522 54082
2 198938
1 199643 56466
1 125851 183530
1 182687 18649
1 116107 99066
1 36402 168900
1 180631 150364
1 179763 39089
1 193660 117664
1 84438 144529
1 17215 141456
1 90007 14725
1 138825 187049
1 22209 8888
1 151935 189915
1 107999 86717
1 108326 34371
1 26624 86185
1 97526 113383
1 80177 32242
1 112828 45299
1 114743 159881
1 56245 121587
1 79243 21941
1 156329 32081
1 15578 102385
1 137093 176976
2 143740
1 177734 182844
1 159058 167283
1 105120 59232
2 179290
1 65760 148983
1 107161 73716
1 6911 54915
1 190441 131268
2 193578
1 145504 175256
1 85589 187355
1 77734 71661
1 149091 174853
1 145366 30251
1 20309 161131
1 40011 13265
1 52702 68675
1 145151 128464
1 37179 145163
1 76718 33036
1 154092 9067
1 121647 164246
1 64628 101644
1 195087 165927
1 50196 137784
1 25136 12256
1 147844 175539
1 20961 141697
1 62450 113817
1 36285 166887
1 36415 112505
1 100041 71947
1 186166 134193
1 115529 52727
1 121167 35147
1 128931 128843
1 40356 5591
2 27704
1 97997 35123
1 131434 1471
2 2331
2 144469
2 20322
1 41134 130876
1 41700 198558
2 98665
1 149802 109376
1 35197 128846
1 37074 108142
1 26293 79256
1 120266 91366
1 143350 169819
1 164067 90878
2 107224
2 17672
1 188390 138318
1 152185 198548
1 125217 127162
1 10476 193662
1 139845 99184
1 157631 25972
1 106870 20629
1 1888 104216
1 102047 148695
1 154552 10623
2 71474
1 117769 25103
1 4676 150049
1 192837 72418
1 137485 158620
1 154733 142402
1 150319 122572
1 40797 114608
1 74352 37136
1 134079 121270
1 78232 115191
1 42816 25801
1 21643 97406
2 58319
1 152799 15840
1 153914 70999
1 120837 181127
1 116485 27581
1 97714 100058
2 56835
1 27580 26953
1 197291 23192
1 189896 36340
1 109051 160066
1 1512 35806
1 101614 87798
1 155250 100207
1 17615 161471
1 171843 21639
1 53683 12627
1 190042 124734
1 95228 108087
1 49847 131226
1 27213 25557
1 176372 3281
1 163919 63323
1 119843 185920
1 17125 30166
1 78186 186540
1 53739 104208
1 168219 106232
1 63669 41703
1 60695 27750
2 149062
1 151948 133733
1 95778 8142
1 12001 89678
1 161192 118889
1 135031 117628
1 96008 158997
1 129064 86931
1 147699 88818
1 21761 89615
1 14116 99712
1 37635 89503
1 9149 77140
1 857 172224
1 142629 122139
1 115035 153374
1 189665 166484
1 19203 135272
1 40946 110152
1 27566 68658
2 198766
1 71259 18646
1 63569 89442
1 167580 48015
1 127473 161831
1 92127 73856
1 46742 179267
1 172934 61410
1 31862 198594
1 106731 162686
1 171883 38614
1 168965 60707
1 136362 16619
1 151481 119462
2 153411
1 33302 102653
2 141693
1 163073 195290
1 98847 31017
1 185047 158319
1 101622 65985
2 147797
2 81405
1 67027 187300
1 64828 70567
1 44642 126777
1 183280 82985
1 121410 46517
1 75880 16034
2 1263
1 17036 138260
1 130541 83118
1 195249 53107
1 82985 19623
1 63448 197902
1 56458 171009
1 124511 77746
1 18455 61119
1 5494 84845
1 180075 48923
1 57206 3660
1 67510 26209
1 79870 196947
1 168817 30542
1 86804 167037
1 193762 110633
1 27835 179702
1 11216 49313
1 138513 69142
1 100871 7464
1 24939 7007
1 70990 63632
1 146291 11449
1 31528 112803
2 95745
1 21765 40841
2 108830
1 30047 68116
1 62547 13267
1 27727 57373
1 11693 168577
1 165779 20114
1 131749 109166
1 131791 182264
1 59157 82645
1 54326 90244
1 160889 116970
2 22916
2 22309
1 83984 104010
1 126511 153442
1 123671 125807
1 154400 100023
1 41915 190029
1 31504 66565
1 7001 3739
1 49539 72060
1 69172 34992
1 45013 109523
1 19112 90340
1 3092 55049
1 160237 159208
1 148960 191323
1 129359 195046
1 160129 82501
1 100397 142748
1 129737 108348
1 144687 104886
1 176811 170476
1 60428 91243
1 84250 179823
1 95548 170650
1 35238 119822
1 175801 75685
1 163859 138108
1 99260 91149
1 146619 104463
1 101430 152271
1 124070 194305
1 74381 147326
1 176168 169895
1 125080 58338
1 163963 199216
1 105885 176272
1 187165 175457
1 124746 191947
1 174891 168591
1 43954 164762
1 60350 199774
1 147465 35626
1 158598 198329
1 183586 152486
1 106790 52177
1 126887 42708
1 167823 18266
1 179290 62003
1 96736 133570
1 101259 48211
1 173053 116852
1 66585 126325
1 131694 55246
1 163565 84003
1 171898 23775
1 96820 46673
1 16004 126627
1 157724 10549
1 114470 75842
1 48785 109476
1 141964 49095
1 184826 111726
1 100562 16285
1 160814 181436
1 123361 2512
1 160956 42663
1 7751 194946
1 96794 99803
1 43862 110699
1 143020 85037
1 159679 136725
1 28729 21817
1 40239 42455
1 55593 106688
1 6185 133841
1 18627 18241
1 58725 41448
1 129701 120150
1 192424 168388
1 19971 172305
1 181476 163847
1 73124 179031
1 105554 178896
1 99290 185340
1 57166 55215
1 91137 5728
1 45875 143786
1 79931 198089
1 62328 194992
1 111594 175938
1 4489 120860
1 107246 143412
1 95657 90734
1 186529 62851
1 152776 168517
1 66319 92586
1 164448 75552
1 83003 106970
1 28181 51286
1 135311 119631
1 190797 109460
1 46370 9461
1 157645 110678
1 178288 120442
1 96661 87527
1 183701 108532
1 1470 43997
1 108939 165941
1 91153 126095
1 38949 104429
1 191466 153882
1 134092 9344
1 149390 172691
1 170488 161768
1 66889 37838
1 156210 189517
1 156556 36496
1 82760 81122
1 124421 37008
1 151185 198787
1 199680 135796
1 109475 92173
1 124350 119818
1 197842 97149
1 163348 48452
1 108203 43980
1 48902 52921
1 133424 161738
1 130084 7896
1 24853 43641
1 70053 132399
1 109947 2093
1 191809 5660
1 189675 52257
1 56532 78162
1 107478 30428
1 21937 134223
1 126924 89989
1 123971 123932
1 97659 16131
1 126954 33029
1 179625 138649
1 91477 60570
1 21684 60352
1 154012 33447
1 54024 132742
1 155233 185776
1 199329 37671
1 12902 8176
1 56131 2026
1 151089 62482
1 52663 120126
1 63454 21039
1 121800 109140
1 177988 177034
1 100285 187647
1 147596 25802
1 111576 147915
1 184718 40375
1 207 78939
1 71597 133815
1 71434 39622
1 71797 138378
1 37406 138547
1 157747 82051
1 17992 89779
1 49300 45705
1 59756 189983
1 151105 2318
1 73742 161907
1 28346 54990
1 195857 161194
1 146289 156298
1 27248 80730
1 99881 160966
1 136635 77202
1 47952 4161
1 50515 60210
1 193498 188149
1 133928 60042
1 155870 69263
1 172529 106934
1 31861 15919
1 556 63546
1 163089 16418
1 85912 13913
1 33308 54622
1 45615 59323
1 179153 199871
1 197033 198207
1 89119 176577
1 69166 167453
1 190780 129405
1 119899 67969
1 172871 150312
1 104376 38115
1 67233 79370
1 158327 37931
1 1293 199995
1 96944 43268
1 66759 43940
1 86300 55231
1 197730 66355
1 142799 170538
1 196837 187935
1 164602 16241
1 172583 66270
1 23969 124917
1 67881 139107
1 59353 134379
1 60020 28061
1 43142 17847
1 146228 14893
1 59986 57352
1 150355 118119
1 61872 23671
1 118298 169291
1 170899 141595
1 11908 145669
1 9897 148464
1 47012 20003
1 89309 126888
1 183545 71894
1 26956 144593
1 18448 63083
1 113735 31976
1 59994 13578
1 29577 41276
1 107533 24880
1 90298 126279
1 113472 7849
1 173540 39626
1 100866 67665
1 55988 136615
1 95291 136012
1 9845 8964
1 194566 196483
1 93704 119837
1 195342 17760
1 174247 66345
1 76647 4300
1 37531 103857
1 159024 111912
1 187 75308
1 22438 61834
1 102118 64672
1 68683 59578
1 55428 145589
1 89463 117932
1 129977 20443
1 170686 113215
1 100202 121246
1 89604 39094
1 18292 55175
1 34717 26998
1 159273 70901
1 174889 169536
1 141198 43965
1 17966 187311
1 12242 142783
1 69174 110645
1 159184 161609
1 120876 67858
1 93447 194289
1 32114 85398
1 181400 66989
1 42630 191384
1 174017 56502
1 405 10870
1 173145 124510
1 167518 140046
1 97804 85294
1 133771 122045
1 128920 42884
1 103948 27031
1 118919 105196
1 150070 157607
1 191086 134844
1 70939 77481
1 75750 71797
1 11114 45765
1 67146 138583
1 11657 40269
1 97010 80389
1 43697 74809
1 78703 139355
1 33610 66849
1 57286 25803
1 31559 168764
1 3952 139455
1 125315 33688
1 170450 111722
1 12573 175257
1 150841 45616
1 122129 183414
1 160409 146873
1 81048 36785
1 185607 104401
1 108289 158999
1 141301 31042
1 24720 161592
1 94445 97141
1 6616 72807
1 97744 73733
1 1940 54772
1 48784 175013
1 188938 46825
1 10730 196084
1 98723 56195
1 198377 149790
1 43589 169011
1 67672 191990
1 164402 108820
1 140871 193937
1 68198 116142
1 101186 64166
1 683 54187
1 188684 29668
1 13120 182488
1 12578 85075
1 67818 57695
1 6510 182126
1 45850 154243
1 19401 159743
1 17024 94877
1 112950 175805
1 43375 110102
1 13467 79843
1 172339 61860
1 99714 181009
1 102318 23433
1 150544 186344
1 88377 55049
1 156356 141472
1 165754 83307
1 78707 78637
1 127426 30195
1 49475 55954
1 43562 21598
1 18021 107525
1 110829 154655
1 120279 193477
1 136200 65048
1 159770 71416
1 149968 80283
1 87151 76552
1 8723 144226
1 25944 12864
1 199987 1420
1 64141 177506
1 191423 105754
1 155965 26443
1 77715 60906
1 196423 36298
1 116274 104754
1 7927 75774
1 4705 1920
1 138757 65710
1 59207 9329
1 147596 88430
1 150403 239
1 82504 68591
1 176589 193135
1 159250 141350
1 67024 153578
1 142239 28193
1 187462 100891
1 126390 154918
1 112469 70073
1 27313 198670
1 110058 49975
1 69111 89696
1 48789 134713
1 163321 13937
1 154596 143000
1 125482 163707
1 143875 144921
1 14467 178173
1 164626 160169
1 174006 61651
1 55816 4124
1 163057 45270
1 42824 22631
1 32343 108469
1 137985 72027
1 52859 38164
1 112523 119588
1 150749 107173
1 188799 168450
1 148136 82757
1 152344 23622
1 59500 117146
1 181320 140048
1 138265 197610
1 83356 97672
1 26748 138814
1 108563 69722
1 62525 64183
1 33915 168502
1 160600 11952
1 143054 166663
1 40923 65750
1 144076 162226
1 198561 180804
1 173146 50131
1 158861 61731
1 1113 173940
1 124746 80128
1 196490 126542
1 137089 10734
1 124962 161475
1 148955 192223
1 83498 136348
1 77881 55806
1 98329 174527
1 17841 187024
1 68020 63732
1 93066 154955
1 190565 124378
1 58 55990
1 162267 22115
1 150047 109057
1 163554 46808
1 95355 152871
1 177986 96393
1 141877 3330
1 90781 67412
1 86668 177519
1 90756 152409
1 115550 6051
1 162010 60476
1 94297 113868
1 196908 46940
1 145472 39979
1 122255 30545
1 139041 86769
1 78460 52524
1 121173 182681
1 134568 21739
1 2617 94214
1 45224 85178
1 34795 19101
1 151620 84785
1 40584 19685
1 16153 67083
1 69924 23708
1 62132 72483
1 154313 120732
1 132397 124341
1 167093 97071
1 161729 149330
1 115278 43568
1 19572 194468
1 149992 140579
1 110437 95204
1 96506 8725
1 55218 107097
1 924 159160
1 57487 48275
1 190724 102585
1 166050 171304
1 100226 118499
1 101665 123181
1 158586 138297
1 138095 184119
1 111072 72590
1 150451 68372
1 37241 18600
1 86139 18692
1 176144 12373
1 173712 112957
1 77175 184461
1 2138 111518
1 79488 187338
1 22710 196786
1 86843 181540
1 104470 196265
1 14770 59120
1 141017 45970
1 13857 3994
1 31723 31388
1 4603 67713
1 158558 114958
1 123226 31315
1 40649 144388
1 132037 28009
1 148770 123116
1 119336 85477
1 146711 154753
1 5839 125515
1 136818 101190
1 15844 151004
1 67629 121413
1 42602 57529
1 176210 148298
1 62393 83895
1 116439 76699
1 120060 58622
1 192761 86841
1 135016 23208
1 138071 168796
1 76735 150295
1 131985 22122
1 193220 94998
1 115554 87929
1 168512 29619
1 76346 193158
1 3318 188956
1 25888 100406
1 56611 168696
1 106310 71756
1 39609 140744
1 21165 152619
1 124252 56959
1 147644 104653
1 178332 102559
1 34461 31619
1 179957 66389
1 36375 145327
1 18309 116566
1 52658 188607
1 81933 111611
1 133895 112748
1 49642 32025
1 56613 92786
1 135637 95076
1 9132 157969
1 75224 112006
1 35557 165957
1 149394 96060
1 125600 22402
1 71982 11249
1 47377 25907
1 136480 21149
1 28460 73459
1 156193 136031
1 106751 87691
1 121324 113050
1 175695 19822
1 35640 175181
1 118903 93427
1 1975 33014
1 98237 113170
1 51791 157544
1 82870 135713
1 112728 140267
1 97308 38031
1 113430 85141
1 90733 20258
1 33656 31718
1 197767 182381
1 10513 137001
1 138113 110613
1 113686 75080
1 75596 100805
1 169112 116655
1 7627 12079
1 35971 35941
1 122800 128837
1 90134 159783
1 38168 136439
1 151780 70726
1 67752 45358
1 43340 162883
1 80616 184393
1 106485 33961
1 130784 40023
1 104717 107562
1 62065 109077
1 104771 147709
1 105398 111849
1 93378 178872
1 121627 73374
1 67503 60009
1 101181 12002
1 57381 139834
1 36035 108798
1 50288 187204
1 102396 68181
1 114632 48308
1 19643 56543
1 19855 93917
1 56175 103015
1 160525 8988
1 164614 180610
1 45482 52082
1 1347 51537
1 4269 45150
1 192158 7994
1 151860 170875
1 36060 106979
1 52916 197593
1 120944 31087
1 75570 111006
1 31697 180541
1 86465 161759
1 23196 86558
1 46845 17210
1 161325 53718
1 189192 167606
1 82360 147861
1 182405 116959
1 159405 136759
1 96146 53659
1 163468 92410
1 61706 78545
1 181062 176638
1 172154 39420
1 85078 17539
1 99171 26763
1 159454 16158
1 143664 22716
1 75269 59580
1 80441 118200
1 93008 113563
1 115000 196593
1 129280 150278
1 101642 128314
1 137900 74449
1 158121 110375
1 171614 8725
1 297 127077
1 146418 128236
1 145008 90460
1 57325 126512
1 16890 1347
1 71388 40367
1 16909 44355
1 93806 29490
1 151545 102608
1 112211 140592
1 98707 31236
1 39509 196493
1 175218 151485
1 180022 151640
1 80938 114680
1 89035 20228
1 138504 165295
1 177305 144165
1 24206 142960
1 5038 183022
1 85169 96447
1 514 60586
1 182416 170605
1 24526 41208
1 137846 130297
1 183339 101259
1 186834 143847
1 34735 81250
1 106549 44063
1 183429 57476
1 136205 40072
1 31436 169087
1 142304 136102
1 689 87137
1 29772 139312
1 97168 64823
1 61374 72437
1 102600 128965
1 110192 42545
1 60189 59590
1 58727 109099
1 148562 50790
1 165805 113747
1 135943 156412
1 130507 108313
1 93648 167181
1 95753 143183
1 16087 121917
1 130666 120258
1 170549 32728
1 161890 157077
1 33867 64449
1 169882 18464
1 76838 193593
1 130599 170184
1 10003 109652
1 18182 191263
1 22975 48311
1 90459 702
1 186132 115861
1 11371 31649
1 157648 115690
1 165528 168963
1 162726 161272
1 143771 79931
1 106010 26881
1 54791 70870
1 1368 180998
1 143933 1397
1 14549 176638
1 5163 169
1 90921 127321
1 53769 114252
1 103595 161079
1 192918 42467
1 196046 52259
1 119950 70450
1 101372 199572
1 195504 151646
1 155185 156070
1 8942 180490
1 149402 139413
1 4149 3947
1 158318 199932
1 55455 27374
1 174284 161548
1 161333 95500
1 175318 121614
1 53033 151659
1 28877 172829
1 47444 61751
1 118830 182495
1 134125 55937
1 169740 173507
1 96202 92952
1 11566 85824
1 62042 13030
1 2860 124813
1 43618 66125
1 154437 11931
1 158647 184066
1 158403 1370
1 12349 28905
1 73938 37227
1 110430 16434
1 124637 15267
1 168398 83764
1 71338 26305
1 52605 127880
1 133304 23279
1 105693 165223
1 103255 178238
1 93846 105543
1 34184 69278
1 120007 169459
1 73045 27485
1 150846 19881
1 21555 136994
1 64122 27769
1 4246 110440
1 179424 19995
1 81043 62847
1 102396 126289
1 182653 65472
1 94841 118206
1 98041 174544
1 36003 38469
1 996 120856
1 59227 149158
1 13030 56003
1 111387 168277
1 162967 67385
1 76461 137948
1 20755 16730
1 17254 36275
1 142872 171389
1 86695 46557
1 13160 161258
1 179797 114118
1 15708 123669
1 88600 83355
1 52486 157854
1 39762 2857
1 41419 172614
1 24545 115706
1 23743 21427
1 142488 56555
1 93058 88870
1 177274 184850
1 36443 181371
1 188215 16655
1 148435 171938
1 41130 178289
1 43667 73116
1 109971 11980
1 165313 190457
1 149073 14552
1 99096 98896
1 69091 148364
1 22406 6719
1 19296 158203
1 63947 23653
1 107316 168430
1 90575 78045
1 79581 92547
1 39875 14652
1 107686 62918
1 172796 115726
1 112482 38286
1 129101 120461
1 87660 113562
1 39843 26146
1 65821 150316
1 174949 49311
1 189326 80549
1 194828 175036
1 171280 92257
1 70336 99026
1 124393 61845
1 54901 123094
1 52688 129768
1 74436 112151
1 29163 72207
1 91597 97338
1 135623 36396
1 82892 122164
1 194905 146600
1 128762 2376
1 692 37007
1 79143 151555
1 149835 97260
1 135702 147061
1 194408 9573
1 174936 70962
1 61997 135897
1 144940 150153
1 165065 11704
1 101013 65858
1 103614 56610
1 27837 46494
1 145 116612
1 116234 72202
1 133202 160303
1 92223 36005
1 7630 88250
1 78422 89012
1 78866 198233
1 198811 21218
1 34594 80638
1 134090 128573
1 125112 110513
1 128236 13421
1 165378 63403
1 68655 180599
1 39958 111096
1 95813 30130
1 171640 11020
1 95615 103368
1 152335 123942
1 21737 113328
1 152099 31459
1 95848 4906
1 139418 21029
1 113875 173563
1 109236 126245
1 51599 80810
1 105220 109653
1 151598 133115
1 24689 164538
1 22473 93100
1 145644 19080
1 181595 60845
1 3188 49471
1 144801 147812
1 110535 166021
1 36721 60960
1 20394 136069
1 103959 151068
1 127516 161479
1 132150 56823
1 29143 142801
1 7133 134451
1 43783 70269
1 89129 179308
1 60814 188700
1 122587 98329
1 1977 4810
1 104570 170569
1 139452 45522
1 36074 176790
1 123444 122501
1 81037 121390
1 102748 63701
1 54299 8579
1 124880 190456
1 80125 193808
1 108866 22010
1 74607 72974
1 110523 8546
1 136341 133942
1 161299 43529
1 115677 1912
1 121970 101303
1 83735 140156
1 104137 92735
1 48850 68056
1 68748 105948
1 91895 171410
1 98993 72525
1 81194 189399
1 156014 113838
1 32095 36604
1 128559 184088
1 35834 107828
1 37782 66491
1 152363 21201
1 80183 149817
1 106056 36352
1 88210 106501
1 199404 126911
1 82707 81277
1 103119 992
1 26504 193221
1 153063 14403
1 83617 23780
1 16766 56848
1 41070 163491
1 85460 24884
1 97492 3428
1 100216 194653
1 93073 127168
1 46754 69879
1 14705 97957
1 8211 97448
1 196240 42671
1 139120 124553
1 139154 32452
1 70683 116904
1 171359 70709
1 72595 113467
1 189284 31699
1 182606 124390
1 166919 783
1 159317 90351
1 12842 85653
1 32160 41984
1 149731 29738
1 58034 25246
1 199866 50628
1 159222 99369
1 195363 159402
1 5851 141204
1 37245 167565
1 12269 184678
1 12747 134054
1 182325 56944
1 21362 48849
1 1619 81936
1 102451 13288
1 152665 191847
1 127209 136867
1 93034 169943
1 194950 31792
1 54548 39040
1 118218 167183
1 94122 57467
1 102276 82992
1 104742 64983
1 150669 111247
1 130430 75090
1 169410 198927
1 54852 122459
1 185410 51990
1 56260 110152
1 71336 1576
1 171224 24786
1 163273 112903
1 79759 26264
1 156336 58250
1 3391 52051
1 3161 19260
1 135910 178965
1 58219 33592
1 155272 96393
1 72763 178946
1 198981 62630
1 3006 183848
1 187513 93236
1 187277 107738
1 68825 64196
1 105503 145542
1 159499 97897
1 191234 20664
1 108102 161916
1 35674 30641
1 103275 132687
1 155038 187141
1 160098 171377
1 8912 62266
1 102585 114275
1 71805 47391
1 135418 191129
1 146805 133162
1 179979 191987
1 146955 28566
1 96778 114493
1 31951 5435
1 185513 140260
1 76235 66350
1 42567 1339
1 157884 40412
1 131408 171886
1 114002 93026
1 137559 147845
1 77099 27311
1 7922 110429
1 161419 3165
1 126869 101346
1 67295 163340
1 133298 198672
1 134516 108609
1 134608 55210
1 180082 195646
1 78250 126139
1 20189 101026
1 87243 142413
1 141070 148547
1 103399 123751
1 32686 129226
1 181244 132234
1 122739 73422
1 43498 172526
1 56799 55988
1 129423 43322
1 78582 129351
1 42790 7362
1 46847 146195
1 33954 134085
1 173438 161991
1 60167 61094
1 138736 34187
1 97289 100521
1 152839 71774
1 175783 96881
1 169704 151669
1 109577 46584
1 50658 108944
1 129433 92624
1 175919 94301
1 79007 188121
1 158705 21521
1 74720 23298
1 140902 69253
1 117561 109252
1 190956 6223
1 25527 41436
1 76348 96673
1 142969 131912
1 63841 7142
1 154953 103941
1 19448 42779
1 46007 77191
1 196526 191083
1 149047 26617
1 11829 181775
1 20477 82167
1 112839 186340
1 134935 141064
1 109791 163534
1 58251 156384
1 172852 20492
1 162610 144790
1 199993 154013
1 46803 100770
1 146578 198802
1 98755 65627
1 119064 112629
1 41725 97263
1 74895 138265
1 137981 21218
1 25895 185730
1 58658 106507
1 121265 108472
1 185028 139084
1 131875 128998
1 192146 139153
1 166222 24761
1 113072 3212
1 148894 112374
1 107856 106671
1 89427 134043
1 50256 113387
1 187134 167033
1 68883 35367
1 17855 103826
1 54114 23491
1 31038 40239
1 177477 169358
1 64999 95363
1 195230 109510
1 101610 117510
1 45830 104207
1 177842 42763
1 39786 55798
1 20004 188580
1 32871 54631
1 106204 128248
1 50533 186796
1 61540 170978
1 193713 142056
1 119541 119692
1 35871 53716
1 107121 2380
1 129822 36281
1 61345 16127
1 198877 68909
1 87851 131941
1 13533 39186
1 56215 75004
1 91415 187084
1 190403 141919
1 84881 136386
1 165412 75425
1 14460 62552
1 177856 8677
1 198800 174058
1 133544 93697
1 77995 163660
1 169594 96276
1 155238 29570
1 130070 132771
1 20345 113018
1 77856 63483
1 158033 68241
1 86006 41923
1 56560 77637
1 129715 181920
1 136069 76151
1 79205 28814
1 182284 136357
1 53386 159228
1 152551 98405
1 181585 80104
1 120126 188837
1 161231 178108
1 120340 26913
1 141823 56552
1 96747 168741
1 81279 169024
1 100890 179781
1 149319 173016
1 166955 67866
1 158124 127518
1 112955 198271
1 167573 6072
1 94157 102220
1 12668 93022
1 118511 104913
1 58216 52858
1 108560 44693
1 63721 58110
1 69664 61008
1 37141 94853
1 63466 148070
1 97025 144557
1 198254 187238
1 127490 44212
1 98435 103364
1 179109 189074
1 150187 153426
1 17389 99798
1 101304 188036
1 52429 170564
1 153887 175781
1 29989 20526
1 49690 118549
1 157952 60305
1 103171 25605
1 77581 114290
1 141998 197365
1 27166 36217
1 173639 37100
1 43487 140814
1 136237 157368
1 9560 170418
1 63118 69800
1 38437 127136
1 3524 19399
1 187188 161125
1 8047 121946
1 123391 164924
1 17875 152349
1 38668 118829
1 86004 139833
1 115042 113576
1 125424 68554
1 61517 104797
1 27420 113167
1 100373 142366
1 61091 156529
1 93115 162552
1 131035 123257
1 110901 8207
1 186537 57099
1 71722 26681
1 130775 96489
1 35888 89692
1 168243 137380
1 134084 36811
1 84843 190949
1 94219 78621
1 72231 96348
1 73736 170448
1 30502 127558
1 116574 164125
1 66076 75814
1 25863 189276
1 179018 194876
1 159316 165082
1 179359 157898
1 106791 106296
1 23632 144839
1 87470 19399
1 84275 158052
1 183266 38498
1 145952 151998
1 71679 118668
1 108043 184292
1 181061 161290
1 135516 101323
1 94000 105346
1 43728 194958
1 104500 43220
1 47508 111978
1 54075 18553
1 47839 168954
1 199650 113947
1 117521 15983
1 2098 21620
1 127818 145747
1 114204 139498
1 101004 153727
1 76983 105834
1 41684 120218
1 52477 174595
1 198518 136916
1 110788 93637
1 56120 67170
1 120185 107610
1 118576 174203
1 20706 153125
1 135265 4308
1 191765 163417
1 13778 80664
1 145972 133596
1 37360 84970
1 149867 51164
1 84902 92062
1 91371 8689
1 150203 34678
1 108072 81908
1 89452 194074
1 166609 6111
1 101643 77338
1 44048 102630
1 147094 123047
1 102401 48021
1 71835 22479
1 47286 65898
1 71884 161721
1 193003 71669
1 24542 183777
1 191559 111919
1 30311 170389
1 64147 21144
1 63351 24623
1 10878 127828
1 66615 21076
1 93329 69191
1 61377 136302
1 53423 68590
1 140479 61798
1 16144 75649
1 120391 44197
1 142847 57031
1 146102 184523
1 193617 126329
1 78667 175536
1 82087 171483
1 106566 133338
1 151527 49111
1 194881 56703
1 73015 128923
1 30990 83324
1 186554 4789
1 181650 121365
1 153359 169516
1 140514 72111
1 33159 193889
1 154780 30732
1 119397 132967
1 36296 10054
1 166812 109984
1 152431 47950
1 170757 144345
1 102907 76198
1 153310 191847
1 1424 1308
1 92426 87810
1 40234 67016
1 162821 31905
1 124279 80841
1 152104 107288
1 136311 45436
1 135773 24750
1 28691 133821
1 160483 1539
1 59834 12450
1 134085 76960
1 156994 71796
1 158167 49248
1 195262 41904
1 34418 183743
1 110172 15167
1 111344 115328
1 40769 44210
1 189994 92996
1 121639 117696
1 197809 195304
1 59191 80195
1 28235 134175
1 179554 152432
1 52272 43153
1 183237 80790
1 131460 105459
1 50557 54875
1 189014 128872
1 109512 7026
1 66329 161623
1 73757 112544
1 127649 39501
1 193485 80815
1 37857 106133
1 162139 53555
1 81508 102422
1 10905 108093
1 52169 154413
1 182339 167197
1 6659 101771
1 68128 70620
1 49745 196561
1 195223 115704
1 128250 176873
1 35216 162914
1 177804 93416
1 150028 159286
1 185941 59490
1 65222 139642
1 159778 41549
1 31050 183450
1 33079 179737
1 159829 26978
1 175823 61199
1 5486 48827
1 85589 195624
1 112068 13226
1 30051 126832
1 1929 146886
1 7930 190364
1 40782 3257
1 164994 157097
1 34400 148475
1 100804 48502
1 152226 23370
1 6052 112611
1 170924 180909
1 1443 21098
1 13603 173161
1 182613 11453
1 191578 148292
1 57886 35297
1 192360 154937
1 36468 187978
1 140042 56828
1 50256 31160
1 29947 91823
1 147317 17874
1 9553 88357
1 84261 23425
1 24027 190422
1 93856 150927
1 131577 193251
1 119776 188863
1 25852 111179
1 193810 67567
1 160959 150254
1 20182 15085
1 186756 19969
1 119930 156439
1 104210 171985
1 182258 112566
1 162126 180668
1 175387 146971
1 133656 14189
1 155569 195195
1 68841 109848
1 97934 132361
1 147626 74677
1 32678 174035
1 72983 137217
1 128511 199774
1 41045 13170
1 90997 67652
1 180752 114105
1 158702 169101
1 156121 5822
1 169241 13965
1 22975 31448
1 114349 116285
1 69036 121291
1 183008 194397
1 43330 72838
1 10726 152970
1 175158 57243
1 57900 167899
1 141804 110401
1 48980 73601
1 6677 174535
1 13234 159646
1 91973 98971
1 101703 56230
1 135576 31675
1 137021 26805
1 126663 195642
1 10083 175536
1 188549 113079
1 103978 74910
1 60384 158168
1 46880 46409
1 107350 103693
1 137387 69521
1 11572 38403
1 90697 184208
1 119285 143719
1 74183 30388
1 60570 42653
1 12735 99737
1 144966 193280
1 38614 141862
1 102556 147995
1 144821 138538
1 117020 178280
1 46151 51255
1 160826 104776
1 67635 150462
1 49600 149379
1 135964 53228
1 9830 80513
1 125078 146884
1 53872 137672
1 95146 174717
1 188871 163640
1 37708 68767
1 192667 48517
1 21467 94681
1 47673 99507
1 39323 171045
1 156456 130583
1 86638 111327
1 144521 154893
1 10905 162722
1 11438 81204
1 18357 144676
1 85371 190450
1 70002 788
1 159611 189476
1 121108 33394
1 64773 74340
1 182631 147118
1 193616 155841
1 31174 87685
1 134611 172090
1 75660 4184
1 104417 187837
1 196697 24590
1 105796 71774
1 173128 190380
1 159064 2522
1 22830 92594
1 69161 49997
1 69911 148280
1 17104 65713
1 88444 70922
1 155019 122649
1 26504 104512
1 64476 145261
1 154509 33570
1 61604 68520
1 14401 72699
1 67264 171151
1 104830 91708
1 131107 128756
1 160505 41108
1 109620 170731
1 120705 161101
1 2282 101963
1 133307 23081
1 125478 61416
1 38620 26941
1 33617 134990
1 123047 180557
1 111543 146881
1 116905 44585
1 24419 150708
1 167154 16775
1 185468 186504
1 180182 71266
1 8990 140231
1 175459 86930
1 87612 133280
1 44900 75693
1 18742 134948
1 78615 13982
1 25526 184384
1 59882 11331
1 142544 92541
1 6140 60876
1 30106 38965
1 72530 103185
1 38729 26520
1 101719 37043
1 39629 30559
1 83097 120503
1 128878 53519
1 198080 86751
1 33063 190129
1 93584 14155
1 152259 96591
1 122146 183887
1 121015 88691
1 190943 35285
1 18943 69468
1 197502 184693
1 156028 135233
1 195135 77650
1 56652 14474
1 47208 180856
1 91243 121483
1 168126 195187
1 192202 181891
1 5318 9459
1 170158 2197
1 130813 177694
1 179339 22150
1 87574 98612
1 120993 117815
1 186547 194986
1 129494 198820
1 37223 98624
1 126357 50844
1 197994 60453
1 106598 132291
1 126108 65420
1 102671 148613
1 76670 147087
1 60203 184541
1 40174 56900
1 21320 183174
1 119011 78558
1 101445 11967
1 129641 179078
1 134316 6981
1 93406 31866
1 127054 176077
1 125741 175590
1 132254 21632
1 76745 19649
1 65103 152762
1 73068 72169
1 47984 195973
1 27282 45378
1 192263 46867
1 192304 111628
1 39853 15802
1 67514 100547
1 103018 171699
1 115604 183036
1 149393 2837
1 86680 6206
1 20062 99982
1 117065 139102
1 110029 158307
1 198677 161694
1 130366 1193
1 126161 130311
1 150279 95043
1 155504 65220
1 187160 33182
1 156292 39746
1 27350 9514
1 36601 192070
1 189169 99546
1 56463 53135
1 121799 107039
1 133848 21933
1 3070 25888
1 3570 175136
1 131293 123326
1 182598 147700
1 3051 55942
1 169984 113372
1 120266 48631
1 150032 158350
1 98518 60213
1 155554 104671
1 4793 62542
1 146778 109023
1 49746 135148
1 148882 111158
1 196423 20314
1 91543 117503
1 151974 40700
1 178914 40165
1 159235 23817
1 136340 28924
1 153486 147594
1 105204 12322
1 199603 171608
1 67564 168855
1 153399 154130
1 99841 174041
1 99793 119965
1 136787 114244
1 124037 172257
1 80277 183593
1 20231 20672
1 69261 35629
1 56719 67352
1 42959 195300
1 145017 28667
1 156086 27885
1 165088 197165
1 24228 20112
1 19258 74079
1 76282 103383
1 120949 153515
1 127706 23530
1 193043 197329
1 182813 108975
1 168579 25904
1 155023 36192
1 99649 78727
1 186162 151277
1 59760 9965
1 2226 52117
1 145462 168973
1 68197 169920
1 169303 50087
1 162503 197919
1 106133 147781
1 101428 64903
1 102024 65274
1 17701 130570
1 64825 44640
1 87919 135319
1 72899 149010
1 50554 165716
1 113581 165032
1 96062 68922
1 105538 130418
1 21827 39088
1 156722 19384
1 178265 188203
1 149998 173040
1 169494 58310
1 102846 163135
1 141904 114013
1 77862 74933
1 111962 87343
1 26426 7427
1 166979 174388
1 13118 88511
1 165260 165500
1 9729 62043
1 162600 34953
1 145020 143137
1 19002 189934
1 119846 113074
1 149962 101097
1 125338 185727
1 163081 112317
1 40621 173192
1 88583 165844
1 137929 35093
1 122865 63763
1 166734 68722
1 36175 171391
1 171050 185647
1 148477 39568
1 189175 106775
1 59882 66772
1 126678 163376
1 67726 53126
1 118921 165363
1 157872 77295
1 52629 48077
1 86232 146109
1 173976 29463
1 108112 137185
1 158248 126929
1 196513 73070
1 27246 18661
1 16524 184367
1 2754 54938
1 103175 45705
1 69063 143638
1 135802 44882
1 23304 143128
1 44537 143729
1 146387 199285
1 132675 87351
1 67926 8722
1 66554 48892
1 115577 81635
1 68389 80830
1 84156 40291
1 39460 11062
1 112273 169299
1 114226 6077
1 179899 46007
1 166561 64222
1 22439 96974
1 24977 173436
1 12875 113809
1 55537 69350
1 139325 83886
1 101690 167736
1 32534 197318
1 83241 81204
1 186375 146085
1 80124 71266
1 177788 114625
1 96944 111589
1 54575 12598
1 94393 115103
1 63183 187711
1 73410 125575
1 144017 86264
1 198118 25224
1 157270 61011
1 122607 182109
1 100030 13656
1 5134 92458
1 80076 126753
1 139739 118621
1 81595 199637
1 73678 94021
1 46432 11108
1 133310 140275
1 141185 78916
1 59033 106575
1 4981 41066
1 13219 32445
1 118396 83020
1 102067 58416
1 79329 146837
1 99179 80206
1 84238 47721
1 112055 156998
1 6704 149210
1 194633 128302
1 132556 92779
1 40787 110560
1 150752 93444
1 137477 70870
1 39422 146486
1 177737 178436
1 100581 130992
1 113340 40119
1 23905 128065
1 154542 132716
1 99301 4048
1 101148 83122
1 74278 191514
1 175917 172483
1 191034 180523
1 32299 114719
1 167154 145822
1 135107 116842
1 3637 17945
1 60671 84552
1 88990 114371
1 142338 73207
1 126359 159113
1 125957 187693
1 169463 33617
1 4816 99954
1 133785 142780
1 173436 110848
1 32317 89826
1 69992 118105
1 51939 90890
1 132985 103656
1 104870 16296
1 109589 173788
1 48214 61210
1 160610 86976
1 38106 126693
1 147388 103199
1 154884 130540
1 80757 165975
1 36662 166002
1 119633 22780
1 137589 196369
1 135745 76080
1 75019 68155
1 93599 73537
1 64354 33008
1 4010 4546
1 182430 181567
1 141699 34092
1 99067 161985
1 98855 169655
1 132840 141138
1 63407 84084
1 154148 52243
1 96838 35502
1 132950 184413
1 164521 98050
1 91057 109639
1 96676 14651
1 59913 183003
1 30347 89713
1 34544 197332
1 49335 37860
1 57109 35676
1 63363 115412
1 174365 141252
1 51142 131236
1 138051 70084
1 180243 188975
1 32109 178100
1 32494 83689
1 50192 16650
1 69136 25722
1 117318 186518
1 155933 4568
1 144686 29371
1 99364 51364
1 167811 42864
1 110488 122310
1 115136 178679
1 97294 164235
1 181491 157724
1 86391 79039
1 183712 196017
1 94175 16199
1 47641 100808
1 99366 118081
1 157979 6961
1 39613 169374
1 196139 13941
1 88292 145343
1 97202 81555
1 119202 189263
1 125845 71162
1 195333 190881
1 190617 33607
1 82524 123402
1 32758 187265
1 64242 150784
1 113913 155089
1 183500 179956
1 45983 187782
1 64742 16941
1 142576 83465
1 111849 46950
1 113305 12381
1 155376 24297
1 170893 987
1 171901 187372
1 139486 134123
1 185782 177516
1 133847 176198
1 142628 121672
1 126748 80810
1 85870 26976
1 12869 4190
1 108946 6638
1 54136 118760
1 116325 130661
1 108997 100364
1 89612 114440
1 52999 35462
1 101627 5709
1 135352 101962
1 32300 52466
1 68628 251
1 46818 25567
1 69874 97898
1 12128 178301
1 180639 126225
1 144676 137942
1 169533 4367
1 67817 93102
1 11802 12004
1 23517 31777
1 145492 177008
1 63070 27966
1 155437 43816
1 43899 47523
1 9578 63770
1 129257 145882
1 139249 9954
1 41411 60978
1 97955 85036
1 110918 160866
1 164150 3756
1 161613 178010
1 160599 199515
1 16777 75499
1 162176 2484
1 13636 106970
1 21141 117614
1 197399 120383
1 126403 192315
1 44841 68964
1 88795 167297
1 177386 64346
1 64428 136920
1 156431 32222
1 78817 103300
1 16143 191342
1 101658 3444
1 114142 140965
1 186829 177147
1 139305 146910
1 88927 51598
1 119763 31879
1 89918 17662
1 33966 82756
1 21250 67510
1 119228 101254
1 11524 126968
1 183272 176300
1 154238 532
1 106879 51867
1 153508 71338
1 37171 158553
1 131650 166945
1 194066 182894
1 171671 142055
1 38531 42173
1 159921 119594
1 178114 352
1 17609 104599
1 130397 132548
1 157793 132627
1 61358 88068
1 16668 145271
1 118810 118664
1 163294 118031
1 32523 144351
1 138789 156693
1 4394 109531
1 198886 57322
1 60703 196078
1 178219 19671
1 12877 143555
1 176621 46530
1 13256 103646
1 25837 6451
1 168602 190455
1 53720 63176
1 68277 166867
1 168988 105717
1 38522 47589
1 71620 65921
1 82538 74852
1 25115 39678
1 27883 1453
1 44479 102921
1 4031 59035
1 141571 10306
1 165824 157797
1 189259 165260
1 156255 54200
1 159267 134472
1 17374 128277
1 89888 67277
1 64843 113389
1 68922 188396
1 58558 160379
1 181033 122914
1 153622 148961
1 188030 171422
1 96752 102470
1 164612 52020
1 120360 42863
1 30871 130593
1 167444 198301
1 165124 100674
1 166717 11942
1 194338 147855
1 102816 45847
1 199472 129308
1 158822 64713
1 82800 118290
1 116959 58626
1 10627 98474
1 110597 52622
1 36998 179627
1 118255 117727
1 40941 36004
1 22931 189857
1 150941 195181
1 170304 189154
1 43023 110810
1 29915 98273
1 65890 73216
1 58330 179508
1 61824 102316
1 74174 171679
1 65526 142240
1 14037 74867
1 153741 59344
1 91312 80484
1 56044 36189
1 88929 44270
1 1970 143633
1 80760 42986
1 180239 55771
1 127422 38572
1 73572 118157
1 109617 120672
1 83484 19602
1 60674 69284
1 66761 83892
1 148429 67880
1 164866 176270
1 59224 43141
1 13756 46990
1 164943 155546
1 22247 109550
1 142909 3693
1 139468 153779
1 27918 128193
1 62565 27686
1 97668 39859
1 104444 46738
1 23799 142299
1 122183 6527
1 155985 172576
1 89090 158381
1 99721 148123
1 55502 130900
1 12960 136688
1 194058 76378
1 92313 36841
1 173040 184596
1 147965 170580
1 168562 73218
1 108238 18910
1 136981 88901
1 49611 176944
1 189262 148451
1 151717 7754
1 126427 20541
1 50687 114399
1 35619 134287
1 30508 183345
1 1169 4585
1 193252 171628
1 143342 95405
1 54216 55047
1 29758 110792
1 136151 28569
1 196380 166517
1 160049 63802
1 88025 125551
1 83083 121883
1 157138 55030
1 37554 84518
1 46224 29893
1 79492 136153
1 56293 18322
1 54444 9440
1 115908 169670
1 107549 123698
1 104800 116222
1 85522 85166
1 89609 35586
1 74308 140022
1 168707 74501
1 194157 6731
1 53800 147869
1 72635 125034
1 117376 140228
1 70423 54566
1 72479 149967
1 140440 144455
1 66751 197869
1 18178 170530
1 153246 161059
1 84995 130681
1 139033 15943
1 150256 97942
1 50185 122234
1 56252 121955
1 183838 74410
1 87290 17228
1 150587 155975
1 6357 141271
1 170577 164933
1 97804 67523
1 184383 199187
1 149106 71520
1 198121 60890
1 8485 148974
1 91095 168568
1 13006 195770
1 77456 81598
1 178586 138485
1 55031 164008
1 106679 149526
1 36454 35228
1 99986 82930
1 115785 162853
1 146831 30873
1 10876 6385
1 173193 35316
1 15016 147464
1 65739 187420
1 43355 162383
1 18767 167933
1 144359 51645
1 83318 196460
1 99709 85148
1 19464 107717
1 74826 90627
1 15661 36873
1 143185 163410
1 149803 92663
1 110154 159471
1 68514 159593
1 22842 67519
1 111110 111473
1 161555 45416
1 140251 34484
1 98254 176517
1 11702 31622
1 157959 135850
1 80562 77767
1 102105 57817
1 1521 86653
1 159738 24901
1 112597 151795
1 133977 9670
1 132095 75666
1 137206 177500
1 7814 45822
1 163266 93097
1 129018 166130
1 90999 89321
1 80410 149663
1 194681 191924
1 89235 7425
1 118894 17910
1 89148 63811
1 45211 125229
1 128463 186774
1 141504 159396
1 66281 196365
1 78261 49838
1 187332 117819
1 199046 143910
1 130803 144
1 31564 111653
1 61470 156464
1 66700 52420
1 58112 134933
1 165525 91476
1 93726 159655
1 24853 7706
1 156682 196825
1 110843 23184
1 32664 172551
1 67987 345
1 48735 52046
1 46814 41923
1 56498 48747
1 73137 20867
1 26464 33111
1 26640 172
1 155882 190178
1 35979 157617
1 14852 65038
1 126424 189660
1 87503 156079
1 55474 49742
1 61525 45760
1 137650 119225
1 141509 131016
1 91243 86747
1 2736 180014
1 76363 83709
1 199683 140377
1 178799 82348
1 47302 79052
1 33095 23350
1 59990 193536
1 76523 65319
1 184863 20547
1 104381 58757
1 183582 179345
1 199359 37514
1 14036 192433
1 197623 162465
1 68301 28626
1 145665 100580
1 30547 143909
1 137332 78484
1 109102 148541
1 77945 154072
1 75230 180774
1 10216 132218
1 87322 77507
1 37604 139552
1 153354 153515
1 97465 137927
1 147650 23237
1 126836 5062
1 135617 31074
1 72386 186304
1 62954 112155
1 42444 145898
1 14466 48940
1 93522 182463
1 148522 106704
1 108166 89985
1 121822 96669
1 143403 143986
1 154733 84258
1 77423 194770
1 20154 171711
1 185990 124698
1 97524 63492
1 46855 153977
1 175634 75533
1 93515 174158
1 158162 79645
1 26692 180902
1 17843 167482
1 45724 116215
1 1072 69897
1 3982 123805
1 50622 114282
1 29513 116628
1 38601 188885
1 143107 17014
1 180650 99637
1 76827 188854
1 87276 129989
1 163698 152476
1 49089 31658
1 50635 177155
1 119039 86160
1 15330 92432
1 8927 5384
1 63242 24373
1 23992 116064
1 93770 110949
1 75576 109188
1 121 167001
1 176932 83157
1 59928 144004
1 11793 123528
1 30384 18450
1 123042 23489
1 168621 99239
1 68419 175023
1 37305 136982
1 150375 73643
1 8989 48544
1 162046 111500
1 39060 113518
1 110650 129614
1 156785 43473
1 177026 142819
1 18739 22905
1 112119 102041
1 43303 14067
1 116774 44333
1 175742 191848
1 150478 149806
1 126446 119442
1 41683 109782
1 126862 194752
1 105730 183590
1 162541 172173
1 70792 39680
1 121971 57053
1 101037 14154
1 158971 48601
1 34965 48704
1 177968 67820
1 60537 25625
1 128678 84093
1 114658 43230
1 82363 47598
1 139879 165446
1 169519 91669
1 131944 19223
1 58625 33146
1 118922 132025
1 67850 117073
1 134388 46172
1 106142 196985
1 148554 195404
1 95329 146805
1 159529 161426
1 196135 11945
1 177700 50445
1 17040 51608
1 103805 48722
1 51170 78301
1 189030 145793
1 53799 46183
1 72057 79464
1 83210 192121
1 21494 115293
1 158125 54818
1 23036 88662
1 152909 4729
1 61898 91276
1 143386 196700
1 101622 64657
1 7248 12905
1 13870 162158
1 199770 173885
1 1455 178753
1 51944 7021
1 159107 85717
1 100111 185410
1 53376 134467
1 40673 43448
1 16637 79497
1 196429 199801
1 106902 190440
1 9465 40342
1 37987 125635
1 108894 99335
1 82932 6262
1 168164 106661
1 160656 2739
1 119294 13284
1 53872 59364
1 136839 96341
1 107894 41660
1 49310 17308
1 114995 55519
1 169791 180718
1 159256 191029
1 55075 178766
1 69051 116362
1 192089 75336
1 101837 105832
1 193573 154478
1 183770 165175
1 147417 87315
1 177090 18773
1 8371 128581
1 39671 22834
1 71286 63631
1 94199 64366
1 122764 197550
1 128266 182453
1 173403 102610
1 27327 103706
1 54181 115096
1 17571 193522
1 181094 178375
1 107138 192308
1 65640 80841
1 19106 142095
1 175466 89003
1 181180 167243
1 185585 12375
1 76413 60643
1 12654 115857
1 169021 106337
1 15761 159855
1 175487 42172
1 103789 66653
1 160618 15791
1 29645 11857
1 8261 102362
1 15766 26891
1 76152 50654
1 68702 13456
1 193218 83571
1 114572 172071
1 83510 37389
1 107889 102868
1 79162 140847
1 124262 64212
1 180866 176847
1 62886 53401
1 193737 61740
1 125230 12039
1 54224 144428
1 75667 126191
1 116251 56697
1 102371 66699
1 90473 194078
1 109952 119610
1 156339 101405
1 63481 44989
1 191271 158611
1 82410 48882
1 6630 118735
1 16342 176016
1 164348 50159
1 172802 89570
1 21407 53117
1 93205 52936
1 131370 175241
1 168046 129771
1 107227 104840
1 102916 27776
1 84619 31020
1 42117 170944
1 77740 25988
1 9704 192998
1 117384 184150
1 188052 67370
1 154169 119546
1 54518 86588
1 33316 32954
1 37150 40388
1 198778 68264
1 132378 91288
1 43825 106239
1 176214 143037
1 131646 134782
1 94194 58338
1 155350 190657
1 68773 86299
1 57447 177632
1 123601 168026
1 115538 94861
1 104168 2804
1 72554 132585
1 191039 44434
1 39154 15079
1 170224 56309
1 158738 144804
1 152886 28718
1 56474 4550
1 108227 66845
1 177212 116691
1 804 116969
1 97220 36756
1 4632 88000
1 93018 23082
1 71085 11409
1 60730 167984
1 108765 162951
1 66098 150931
1 90408 170632
1 25245 93294
1 170994 96749
1 146271 156650
1 187935 6979
1 81824 188052
1 3501 71810
1 139597 146495
1 149522 36557
1 36492 128221
1 65111 96362
1 188094 1625
1 89395 34115
1 99003 61112
1 69611 166173
1 192202 5360
1 131049 77847
1 39839 3080
1 110236 65254
1 68504 107504
1 194320 23631
1 121722 26851
1 99085 76966
1 176168 141499
1 24437 80325
1 52709 85013
1 175641 175440
1 149515 104230
1 32476 142055
1 31564 140892
1 196747 175340
1 162919 185784
1 55803 94647
1 155630 7211
1 69476 29014
1 136887 169840
1 189118 87306
1 192287 192874
1 87195 19903
1 153222 75070
1 6788 68491
1 159688 61427
1 82134 68457
1 188217 134023
1 124574 186742
1 41764 123156
1 89780 99373
1 1796 6308
1 110997 133920
1 179907 51729
1 157444 106167
1 15730 161634
1 92259 63468
1 41864 42017
1 30029 89990
1 7584 11201
1 104631 134677
1 125229 45167
1 46599 105774
1 19648 95222
1 39091 100777
1 139708 159129
1 20126 94488
1 10520 35435
1 40495 32777
1 109782 78130
1 114996 27263
1 68866 77628
1 168950 36140
1 63533 13761
1 104797 23218
1 198315 172858
1 109510 94172
1 48908 86465
1 122147 108823
1 166231 69611
1 156883 142965
1 51596 57634
1 127489 120932
1 48282 185798
1 94082 75499
1 139998 137541
1 171050 166566
1 121822 13752
1 184432 82819
1 100486 3585
1 109954 123389
1 82274 356
1 46186 82135
1 99548 197602
1 10722 156188
1 142967 194844
1 91956 69269
1 112268 155047
1 4630 25355
1 174467 196459
1 51909 82687
1 8981 166402
1 52256 146982
1 112256 158926
1 33607 14121
1 189387 136090
1 77301 43677
1 1660 15924
1 85466 1280
1 139542 3274
1 63740 113652
1 188888 86659
1 25168 35520
1 116915 135264
1 170068 172035
1 167179 147092
1 131824 1018
1 22833 114401
1 67469 1718
1 82526 118772
1 64885 8662
1 152371 131074
1 90284 34956
1 79728 146724
1 46158 93325
1 186547 7855
1 20586 79193
1 114738 61143
1 46366 88365
1 93563 77958
1 35124 35845
1 175210 145337
1 125692 20055
1 28907 79707
1 25386 127245
1 181746 135652
1 48626 108482
1 80952 95859
1 194146 112896
1 130807 88874
1 181631 140727
1 122857 13515
1 38116 2497
1 9213 6609
1 12247 85333
1 13914 103504
1 106349 95689
1 65175 98512
1 76192 107853
1 62779 91879
1 54894 15588
1 24306 83861
1 72117 168741
1 87632 187557
1 186572 150449
1 67657 30081
1 27364 95414
1 110256 176021
1 174240 129445
1 109168 70504
1 70898 35952
1 138761 10487
1 17271 145223
1 10188 117139
1 102484 187411
1 76376 114365
1 132561 116147
1 87575 59648
1 20214 170550
1 44276 178254
1 36 64921
1 52062 168286
1 183542 123778
1 160258 28421
1 161176 33789
1 8452 118356
1 150439 155062
1 116480 107442
1 40138 63479
1 161023 110393
1 66576 42658
1 10748 23062
1 145164 11442
1 37336 88412
1 156013 172782
1 143067 48232
1 161185 108270
1 6126 38651
1 180779 187411
1 85461 25556
1 153027 159617
1 181297 71693
1 124206 107486
1 195382 198009
1 181983 194960
1 17065 186875
1 86029 199922
1 186333 186472
1 54933 107416
1 111279 21345
1 104786 131205
1 67455 130474
1 56315 44842
1 64112 81936
1 54653 149856
1 111203 128313
1 97625 159528
1 77039 155020
1 56256 132322
1 199077 196
1 87149 167499
1 186178 55824
1 163586 76155
1 43124 95470
1 66662 144351
1 123474 62343
1 78750 155955
1 152982 102669
1 62571 50691
1 46621 126099
1 50723 73826
1 146018 15725
1 20307 63211
1 108278 190408
1 42324 101560
1 51459 38604
1 119980 154656
1 141314 194736
1 43112 96565
1 50681 60445
1 197303 42685
1 151802 109895
1 176969 135471
1 15001 103880
1 8232 9138
1 86893 15934
1 177366 118481
1 174411 58470
1 124200 148994
1 31486 87354
1 156259 98585
1 190793 47816
1 42453 95815
1 101024 6612
1 181109 10839
1 159588 147503
1 94463 173611
1 79839 167768
1 84489 73395
1 52096 85075
1 77994 117230
1 127192 25480
1 67341 9765
1 146965 117086
1 117201 119845
1 128062 5145
1 159587 47229
1 193711 52144
1 111455 184695
1 196693 10354
1 59300 119515
1 195501 153051
1 195062 127777
1 97529 95666
1 16344 162613
1 118659 181479
1 164522 147761
1 52438 59306
1 100032 61718
1 16250 169421
1 122756 143756
1 191087 141405
1 1422 50715
1 153004 123133
1 165186 70570
1 16793 102853
1 107882 146615
1 75339 46426
1 151956 125718
1 5631 12750
1 170093 97646
1 102106 173626
1 87455 33137
1 142687 33178
1 110504 32219
1 40368 145769
1 46651 187310
1 160905 186814
1 34780 44653
1 87546 159910
1 109879 84950
1 49764 150402
1 158273 192420
1 143991 7971
1 188434 60420
1 33003 43811
1 113921 145686
1 112508 166086
1 20545 183463
1 132202 106322
1 130620 173614
1 99184 156780
1 54382 6597
1 88132 130613
1 166980 67497
1 132559 10019
1 1333 25652
1 2414 131811
1 143648 99545
1 72105 143662
1 124455 74849
1 127411 66154
1 3531 41637
1 64802 80003
1 96649 155787
1 92912 176842
1 62068 94277
1 33842 132814
1 196115 197447
1 88791 91705
1 188221 41672
1 41380 104429
1 147956 132220
1 184239 40479
1 138175 117136
1 63193 31667
1 177099 176486
1 158864 29145
1 142723 17234
1 43716 192616
1 192237 18389
1 55401 18169
1 10120 95833
1 28590 77829
1 134436 12141
1 68860 87746
1 199810 33538
1 183409 30587
1 43372 32038
1 124318 133102
1 31767 190655
1 130175 69099
1 36150 66827
1 166522 22698
1 52897 129558
1 129498 179437
1 83240 57021
1 125773 86551
1 135665 74594
1 140635 88779
1 6425 197231
1 60393 94409
1 86216 90063
1 22254 170629
1 90134 157545
1 79348 156041
1 12382 53023
1 41362 183949
1 5537 108039
1 185256 49236
1 125406 12137
1 192988 31434
1 74479 48762
1 123027 82652
1 169958 109591
1 66163 111831
1 123368 184196
1 19671 33157
1 12297 187750
1 171090 143683
1 154473 186878
1 95529 139111
1 82447 196904
1 153227 52497
1 84996 198740
1 180116 54608
1 164081 115587
1 42177 176696
1 98940 180421
1 77557 94593
1 139039 76145
1 182828 179234
1 78475 194278
1 71358 158958
1 17789 21632
1 194391 90222
1 118238 187741
1 159925 165696
1 189663 179154
1 67298 163632
1 123413 66536
1 25204 82325
1 83027 156
1 198082 70318
1 34694 91542
1 99241 72957
1 174357 194729
1 174207 18147
1 15865 101195
1 137365 76220
1 12058 31253
1 91059 93373
1 168492 177150
1 79055 27149
1 170440 158036
1 154511 188001
1 58510 95932
1 54593 165403
1 42426 195116
1 68376 124708
1 29637 85349
1 57192 117896
1 71999 133173
1 179875 174162
1 93227 115436
1 108118 94120
1 25306 121181
1 44895 149545
1 57419 128857
1 144433 97733
1 41665 166376
1 161162 121884
1 72486 46344
1 172019 41691
1 93664 183018
1 147704 82195
1 65074 21738
1 178410 181338
1 194454 95245
1 130066 18535
1 15511 84289
1 84727 23401
1 61684 112272
1 96723 198057
1 166643 128550
1 166225 9120
1 113603 98564
1 2955 118746
1 59286 131972
1 23297 63371
1 131261 143247
1 29981 19378
1 108356 135900
1 30118 175852
1 121936 192043
1 49282 102171
1 35896 105473
1 165297 95544
1 158433 11430
1 2374 158325
1 97245 93212
1 69992 170263
1 185989 10273
1 198089 5650
1 159060 142056
1 168421 11750
1 98567 45011
1 50494 191097
1 141108 29940
1 46166 11062
1 15591 4229
1 13997 90725
1 154435 93798
1 197180 160844
1 49367 159638
1 10290 96581
1 59072 32180
1 110958 129696
1 194303 168887
1 34941 54652
1 17883 26923
1 81941 78241
1 164728 116654
1 78994 15456
1 172472 83242
1 16816 127278
1 92114 20565
1 13193 15101
1 178994 88038
1 128208 193565
1 34001 101465
1 75405 3538
1 199380 119654
1 156955 92662
1 57769 160446
1 4319 108497
1 9376 173446
1 147914 36150
1 142727 7831
1 88722 104288
1 69002 199990
1 55981 173134
1 41226 143249
1 38799 135516
1 99644 134650
1 153188 49123
1 126660 164775
1 177360 182675
1 40786 144042
1 198182 97678
1 65084 49069
1 142119 141575
1 187037 106161
1 39868 141916
1 182317 55112
1 21942 36017
1 181474 96016
1 147269 61133
1 44550 8626
1 108598 185273
1 156313 31962
1 163314 15127
1 49770 94840
1 132851 32832
1 47345 139447
1 182792 26594
1 165807 97597
1 6284 114521
1 15881 122020
1 37091 137163
1 154465 104503
1 143158 75849
1 36726 173999
1 61231 154916
1 56254 77231
1 195064 140556
1 54082 14142
1 24880 161712
1 83898 136644
1 90542 162642
1 182057 135047
1 84089 43817
1 99322 74918
1 189320 105660
1 68828 58455
1 41079 143036
1 194459 135837
1 33993 68386
1 40064 36365
1 118757 37897
1 72427 32194
1 24267 50702
1 51182 94877
1 115927 102758
1 157612 109570
1 76856 46848
1 14963 85264
1 149425 12124
1 20566 124512
1 194257 134378
1 80271 155649
1 78575 158310
1 7444 81586
1 135337 189555
1 186487 38048
1 57245 170999
1 33668 164705
1 193960 31286
1 31829 90545
1 51358 158450
1 193721 9323
1 103690 141890
1 135109 39755
1 59112 196849
1 15482 13859
1 181088 100506
1 95577 71451
1 154500 78721
1 147266 118766
1 83852 191668
1 195028 85153
1 135120 184931
1 14529 143877
1 140743 160252
1 137264 19312
1 148031 183179
1 63960 195767
1 169565 92561
1 55514 91184
1 144342 17314
1 114974 189414
1 4461 124676
1 108210 111133
1 55534 191942
1 63136 101384
1 136427 11038
1 151118 65544
1 48438 519
1 119706 116006
1 139040 138585
1 113142 179027
1 39536 7465
1 18177 9182
1 166566 164964
1 198503 159031
1 136882 1383
1 22011 56739
1 147375 134177
1 75987 164159
1 191141 132460
1 99 186617
1 183870 3560
1 122333 125068
1 112455 167642
1 197320 176316
1 189098 94596
1 120799 128785
1 82411 29701
1 152237 26648
1 77280 94451
1 8486 132823
1 103285 112246
1 132872 6480
1 178464 76648
1 1074 168889
1 85792 185707
1 168453 129657
1 84285 2891
1 130809 172966
1 20155 12436
1 39106 181438
1 180063 187061
1 23908 15076
1 57766 188822
1 77843 192796
1 11010 28790
1 79310 105865
1 50775 55626
1 23165 7014
1 2422 83601
1 50442 167106
1 182553 69820
1 199677 35648
1 82719 52925
1 81755 114703
1 143433 89262
1 196736 154022
1 43573 7653
1 62012 49282
1 97817 73236
1 199467 48932
1 84419 87654
1 152 51205
1 25744 105304
1 53139 143581
1 37802 118293
1 99536 62612
1 147206 123158
1 119107 97478
1 53469 67448
1 52666 139517
1 162218 193311
1 110587 43434
1 158629 189258
1 86431 92645
1 16894 77752
1 81709 198118
1 161884 83706
1 58362 10947
1 45399 30681
1 100865 77356
1 166068 98795
1 8702 164197
1 123040 165745
1 49616 84034
1 69487 104116
1 40143 3496
1 91734 156255
1 193578 197251
1 68903 10591
1 35397 126467
1 128587 88249
1 165522 8923
1 181637 193643
1 185774 57275
1 64742 78342
1 172415 108685
1 588 13131
1 57803 170670
1 24415 91525
1 38235 50094
1 140621 162215
1 3473 117386
1 107205 111975
1 25542 69801
1 3698 60505
1 103143 16148
1 15994 195663
1 55953 189883
1 127670 32048
1 36268 129637
1 31283 134295
1 150853 82166
1 193641 113006
1 110128 30246
1 61435 56139
1 112988 178624
1 14255 113675
1 70968 163418
1 72367 95598
1 27269 71891
1 191680 18866
1 46332 112082
1 3393 104242
1 1699 28925
1 77031 78593
1 33259 146232
1 72119 51970
1 17100 128608
1 178500 25931
1 98084 110407
1 67947 150906
1 42124 160881
1 178444 128535
1 159292 16335
1 185675 89004
1 191969 54203
1 157831 52513
1 23933 148148
1 105753 78555
1 114175 90842
1 40079 195606
1 176995 124205
1 190634 170497
1 11 40707
1 124374 187290
1 174431 111687
1 37160 48459
1 131106 69753
1 104030 40132
1 124950 116834
1 137106 147289
1 69137 94999
1 156672 197918
1 190880 83697
1 61945 116929
1 87325 186891
1 126887 30888
1 54860 51452
1 122051 60363
1 15483 184662
1 141716 10836
1 164889 163807
1 55467 4789
1 1750 527
1 124955 150601
1 81277 195531
1 160188 117806
1 82830 182560
1 57507 192738
1 194399 151810
1 193627 168925
1 151093 90374
1 77991 149678
1 78943 157661
1 148732 175833
1 46930 170643
1 125945 113008
1 153035 124295
1 182889 95280
1 185889 57389
1 161340 26846
1 115497 86785
1 74369 88162
1 173967 47886
1 109991 38116
1 181938 150879
1 16373 76389
1 122176 15619
1 64391 195360
1 27795 66311
1 120715 20002
1 84683 136496
1 182716 159206
1 111724 103479
1 86109 140404
1 146554 196617
1 163193 43772
1 79955 71294
1 184793 101870
1 10316 140504
1 74566 163612
1 94736 48128
1 59712 172755
1 129333 31420
1 185791 62071
1 8992 80628
1 7977 61918
1 56859 134758
1 66068 134574
1 60020 44391
1 25534 9146
1 165465 131676
1 66057 198489
1 39921 19896
1 192123 174217
1 62654 22392
1 171574 13763
1 90993 172572
1 24500 147103
1 25740 121256
1 180166 159786
1 133054 11418
1 163918 15365
1 4988 78061
1 87354 63617
1 155868 172302
1 111939 11065
1 136694 84766
1 58790 44079
1 43646 3176
1 2081 109419
1 52380 140388
1 124976 127632
1 162765 59244
1 190345 138111
1 111038 192702
1 35990 46705
1 143398 84978
1 73266 93904
1 76645 47805
1 137254 111766
1 89115 100261
1 162341 174825
1 70666 118214
1 71238 198966
1 37935 31046
1 167169 165836
1 145310 31061
1 61932 162299
1 40157 8361
1 182903 7917
1 51458 121335
1 82277 131205
1 58512 72052
1 94284 159478
1 182286 79501
1 156048 82662
1 49065 124773
1 89884 158083
1 55564 146382
1 128802 138085
1 127422 49226
1 14100 150053
1 81532 121091
1 193186 46781
1 108311 21704
1 182709 151521
1 30928 98827
1 75628 134685
1 75122 188760
1 77206 86063
1 112752 146390
1 80880 41447
1 113343 66819
1 17376 75198
1 138933 76908
1 147954 116
1 45090 23532
1 129874 124653
1 68463 90918
1 181321 56077
1 67638 73732
1 40380 40145
1 90081 241
1 167779 178993
1 176582 15189
1 120838 41460
1 78273 161169
1 5181 189331
1 67220 118714
1 143145 171282
1 31292 9049
1 135277 184603
1 142676 144035
1 148530 7196
1 2798 245
1 195803 70819
1 86831 44436
1 34692 193399
1 52588 129059
1 57601 36089
1 121155 184612
1 59477 192636
1 172604 15220
1 107697 107106
1 95328 186817
1 184430 144248
1 142233 123533
1 64333 190931
1 93515 169192
1 118637 82347
1 63217 77226
1 93710 186359
1 96444 145327
1 49477 112714
1 131433 32599
1 148991 125294
1 156321 381
1 29755 20479
1 57686 55287
1 146050 162378
1 153179 99407
1 52136 146919
1 107972 187200
1 91208 150867
1 105727 184179
1 138172 17489
1 7025 69243
1 179547 121090
1 154132 198670
1 105527 198275
1 164689 92358
1 113622 176391
1 166809 44632
1 175343 199542
1 56457 199764
1 179816 121861
1 184574 76381
1 132751 33687
1 169270 165545
1 177751 50643
1 2152 106748
1 99861 154054
1 155493 25313
1 22650 78139
1 102384 76969
1 145681 31961
1 96218 189864
1 13244 87613
1 56290 146989
1 177003 17048
1 99660 96129
1 35677 150859
1 39616 108003
1 199579 55296
1 143462 32706
1 45362 90124
1 73023 105403
1 71920 185731
1 49734 95252
1 62562 93467
1 61831 78456
1 119756 82308
1 81407 47029
1 194537 108423
1 36085 120884
1 28197 190173
1 84888 166071
1 19800 101330
1 133914 99417
1 21124 56027
1 14028 133569
1 14737 61109
1 135419 43751
1 18951 97791
1 137354 64779
1 149901 196504
1 64721 178739
1 175776 187389
1 22837 195557
1 26903 85405
1 90632 63652
1 77270 45822
1 45284 140142
1 104464 59732
1 104579 58806
1 153409 179295
1 189985 109663
1 152363 176774
1 76820 198393
1 168656 8818
1 111915 151296
1 30001 141677
1 21446 162513
1 58757 4538
1 118710 11375
1 124284 14839
1 169685 163574
1 113142 146098
1 74664 26206
1 174590 194248
1 177011 73460
1 47564 146949
1 154524 85140
1 67578 81463
1 1091 155945
1 192773 162772
1 55584 101545
1 179079 195023
1 67743 135372
1 121715 92470
1 104953 87180
1 36818 99214
1 157012 109218
1 7868 61809
1 44188 192383
1 147738 182183
1 175522 93705
1 31963 137860
1 93493 146007
1 35700 60801
1 92223 130095
1 104348 69790
1 141922 72255
1 68231 184120
1 145491 128346
1 137762 194726
1 117942 146228
1 123279 96217
1 7995 22048
1 148514 26547
1 117369 148808
1 63452 63784
1 28105 117678
1 6183 13012
1 105317 12706
1 198738 155
1 170496 101443
1 157902 170823
1 54952 106042
1 97320 69087
1 110682 100148
1 37257 162244
1 84838 80031
1 150636 160720
1 116548 54056
1 107358 136369
1 147958 21043
1 190523 182851
1 120735 41563
1 135975 190957
1 126370 8619
1 152459 64062
1 122111 14813
1 140626 28744
1 108778 146642
1 170916 160636
1 190125 141585
1 11873 62663
1 4224 135429
1 25248 89260
1 16615 143409
1 111977 186786
1 72779 180278
1 165233 54321
1 141468 100807
1 7893 123976
1 13927 184491
1 54553 85089
1 78771 37172
1 172066 41368
1 158753 192894
1 83441 10440
1 79491 155371
1 108002 90919
1 194813 178525
1 51941 18020
1 114906 133876
1 195835 126591
1 142065 184906
1 148596 114152
1 103161 154604
1 173031 196636
1 9961 169754
1 93042 157884
1 52756 190593
1 127220 149359
1 82372 155895
1 149896 183290
1 22805 58680
1 64132 152413
1 161171 48416
1 181233 22128
1 91159 233
1 44940 85887
1 152287 122150
1 175677 163234
1 53933 41792
1 51926 54369
1 174498 79599
1 108112 83015
1 17947 175292
1 181377 168581
1 131467 21877
1 47393 116938
1 123033 191601
1 156350 90784
1 54844 175878
1 53629 174921
1 78549 78280
1 136211 27162
1 104205 161988
1 11844 16855
1 1776 25020
1 106266 175248
1 144905 62756
1 113513 98747
1 101950 59997
1 182465 179091
1 18990 132592
1 123764 75248
1 148937 69838
1 94026 71016
1 172208 45767
1 69889 11366
1 71373 457
1 43722 53000
1 88948 118170
1 86656 83966
1 166971 117528
1 97835 78560
1 40599 174191
1 145846 1359
1 57848 154971
1 73324 79568
1 18150 66720
1 6584 152677
1 189404 134407
1 41182 167278
1 104997 111835
1 56629 101311
1 168438 58979
1 165927 34946
1 132939 55713
1 50795 18511
1 116549 96843
1 96705 181705
1 186306 181513
1 106478 102588
1 34110 4784
1 53818 151028
1 145770 111165
1 24103 189345
1 114443 146772
1 188851 33897
1 13717 104825
1 16528 63244
1 25992 117455
1 165795 74815
1 186954 32529
1 122747 92994
1 49030 113551
1 85715 178756
1 176004 73834
1 118987 143224
1 134218 19282
1 105698 62648
1 31218 42622
1 95543 164058
1 29069 7596
1 321 81233
1 146615 51227
1 28876 146822
1 169595 43398
1 5430 196215
1 42026 133474
1 55849 40720
1 197302 119514
1 9882 190983
1 104021 171786
1 167555 31613
1 131347 31482
1 50845 55891
1 143479 138588
1 55457 190922
1 107354 142856
1 124607 147934
1 21572 98295
1 86879 144932
1 188680 99069
1 59799 52835
1 147938 151756
1 156717 162032
1 19982 92133
1 33422 95949
1 122027 27168
1 37263 193475
1 199954 58528
1 98979 1021
1 80304 84047
1 153117 125096
1 97067 81248
1 63527 176585
1 186035 162438
1 73026 130335
1 83814 10671
1 177280 28026
1 177642 176006
1 153343 164634
1 18502 34536
1 141479 103563
1 189888 131686
1 75623 169472
1 2813 161019
1 113772 81007
1 149398 30863
1 194082 53228
1 99766 41516
1 127407 20873
1 57340 27903
1 24173 152814
1 179470 10835
1 100775 56564
1 118074 22601
1 107414 8583
1 32020 181275
1 47261 114747
1 188492 106578
1 91907 47598
1 84942 63429
1 135727 176800
1 127903 67028
1 52074 187215
1 55669 15012
1 128144 3607
1 175063 192092
1 120087 13449
1 40886 61664
1 43077 5257
1 182539 58573
1 161324 58861
1 178162 102645
1 140647 63700
1 124165 134685
1 92634 167492
1 113533 97460
1 9126 100744
1 4485 193621
1 77867 8584
1 20448 54399
1 118914 25002
1 67005 167379
1 121466 38184
1 32088 9551
1 48082 139250
1 132052 132106
1 180855 136583
1 172695 52336
1 25343 128975
1 171813 9087
1 7653 64059
1 92608 100673
1 95751 52960
1 83071 108235
1 11358 82320
1 89902 133238
1 171069 176570
1 100005 87262
1 177740 15428
1 190444 139224
1 98693 45031
1 164238 61880
1 39344 119754
1 107707 18754
1 109083 85602
1 3812 96367
1 132829 148682
1 199505 13220
1 131851 65694
1 163910 160174
1 190651 142749
1 175511 28482
1 66872 88511
1 129288 72947
1 45574 74004
1 182632 101171
1 178264 120862
1 24943 101518
1 71822 123376
1 149143 25572
1 160244 90888
1 180088 95335
1 155832 85673
1 18216 189269
1 15146 124349
1 48081 104950
1 167929 88745
1 58515 127384
1 182701 181362
1 21660 198986
1 197024 169744
1 77574 119768
1 112769 117457
1 133746 137669
1 141323 172208
1 141090 186638
1 22786 98806
1 60443 60637
1 138030 131600
1 87547 8587
1 8988 191282
1 149016 26779
1 30482 108588
1 73115 13107
1 48978 9930
1 154715 53405
1 191890 107697
1 3198 177406
1 132089 59703
1 186252 55317
1 92189 32451
1 21844 52023
1 96892 141862
1 91524 104586
1 150329 32696
1 190340 80511
1 178840 167415
1 49236 135380
1 186108 158044
1 3750 189066
1 168992 109439
1 168765 151458
1 148947 131374
1 159878 184670
1 134712 165128
1 85559 186998
1 136893 30432
1 71462 179353
1 111899 139279
1 51116 38
1 133007 77144
1 64378 6314
1 90520 178627
1 73852 90202
1 144688 54707
1 85420 79700
1 184974 81162
1 10616 30675
1 92956 156351
1 53976 41392
1 30326 64381
1 14826 90080
1 145955 49663
1 93647 69802
1 155160 60585
1 19722 6632
1 185897 10345
1 197206 171137
1 170642 193166
1 18440 113446
1 168806 3561
1 102 73610
1 151830 171042
1 178310 24102
1 43813 49885
1 51243 171500
1 28394 156109
1 7389 79818
1 86087 140440
1 40775 42211
1 7529 63917
1 46102 190538
1 2175 56930
1 66127 144703
1 48255 186065
1 180592 64558
1 11286 138100
1 108363 11748
1 82478 137535
1 131615 95764
1 169190 65663
1 130616 74634
1 118414 107121
1 53513 118446
1 71841 184164
1 79559 90236
1 157254 103122
1 112840 16322
1 182985 19131
1 120669 177691
1 26390 39939
1 130157 81066
1 24247 9870
1 133587 77082
1 48144 16922
1 35001 180564
1 93335 127645
1 8566 171585
1 84952 174815
1 184036 149250
1 52648 171162
1 58950 184237
1 108265 105232
1 38105 163145
1 161663 185836
1 150329 179852
1 147665 12252
1 57078 138644
1 157507 39470
1 194615 8739
1 121714 26858
1 71182 80736
1 78192 2223
1 71389 72587
1 180417 54161
1 155497 92351
1 69462 162930
1 185276 164077
1 87432 79711
1 142208 147671
1 133912 20142
1 25049 117451
1 28134 108309
1 166979 74210
1 86576 23565
1 8429 173433
1 79436 164327
1 198806 121966
1 41064 176046
1 98853 156574
1 19521 59007
1 76621 67741
1 69729 26981
1 13410 134581
1 150173 5240
1 137526 177124
1 54862 187064
1 113719 43664
1 74830 178405
1 64205 62605
1 169655 72162
1 168432 166226
1 107480 174922
1 164615 126903
1 195256 59985
1 122439 32499
1 655 105631
1 121162 35731
1 55234 80938
1 25838 197054
1 43102 67731
1 164529 105383
1 169687 95426
1 106315 119763
1 58689 35972
1 58955 9037
1 197392 39141
1 137205 97127
1 12044 43402
1 3675 99571
1 23640 116497
1 105722 108225
1 19109 170347
1 73431 128027
1 156912 104889
1 120475 69438
1 964 183462
1 80811 138586
1 171052 175429
1 49740 129548
1 156983 132843
1 78518 15194
1 90354 149582
1 188406 82672
1 197474 102623
1 35273 53082
1 69376 72869
1 162998 129730
1 186233 154395
1 182637 139307
1 104165 95627
1 143006 116141
1 29446 146795
1 36892 124147
1 183812 49592
1 58546 184178
1 187240 92305
1 191236 79788
1 113431 34134
1 107178 136165
1 198736 82817
1 184074 139747
1 48744 116869
1 175220 153964
1 57220 29413
1 34627 16764
1 128151 61399
1 126321 33541
1 62622 54105
1 67962 166059
1 95321 196819
1 194613 151294
1 99531 106670
1 35759 139130
1 158197 165684
1 171850 17533
1 159055 2729
1 97748 176264
1 135047 123049
1 116267 118904
1 96446 133955
1 112593 85638
1 65407 120405
1 104523 150844
1 45762 297
1 152575 164410
1 47009 154830
1 109006 100777
1 113562 79803
1 71854 115517
1 115205 116320
1 121740 140465
1 95958 19214
1 87009 14399
1 6934 139146
1 160788 111326
1 55198 76332
1 67599 131264
1 96405 55421
1 39524 196875
1 85355 144977
1 61730 152663
1 187413 135586
1 16692 116008
1 172875 76078
1 190010 29805
1 19647 187987
1 13418 47673
1 35871 107753
1 164969 104705
1 126029 59871
1 134117 98262
1 193758 27673
1 148598 43044
1 146833 164424
1 45621 107114
1 24593 80459
1 172060 54588
1 114861 76230
1 99807 57718
1 34647 20610
1 47562 39938
1 144090 169732
1 68572 156429
1 171168 97648
1 144035 104390
1 24932 50016
1 39128 142104
1 188660 80576
1 105405 43048
1 192618 176110
1 165045 151505
1 30572 148623
1 128996 190943
1 121313 128563
1 89480 29962
1 148405 125676
1 180950 158260
1 76880 143275
1 76312 193445
1 42130 167197
1 171463 186885
1 26003 23174
1 65892 86299
1 130969 195612
1 168732 189637
1 51866 138469
1 35101 84792
1 137459 31699
1 142834 138937
1 4649 103648
1 124262 79451
1 79775 97190
1 98007 146362
1 67223 78529
1 152088 19320
1 135277 83240
1 6605 131512
1 140113 119112
1 171330 52120
1 22277 161954
1 75980 188019
1 29463 1575
1 192803 175382
1 18016 48338
1 14911 153474
1 80636 124933
1 64433 45346
1 170827 167207
1 25796 6862
1 1896 150013
1 52756 70464
1 157673 54664
1 82670 76693
1 82008 184990
1 166441 196039
1 144432 156812
1 127364 101098
1 126554 113707
1 21633 51300
1 181353 185857
1 86273 21169
1 29139 183002
1 175905 112983
1 123314 111911
1 76245 16230
1 38459 157015
1 48834 43699
1 133438 83060
1 172449 3861
1 3038 66177
1 186897 141664
1 155217 126417
1 180092 225
1 116059 26793
1 61998 51546
1 58247 95065
1 103091 3584
1 41254 65176
1 48239 28786
1 130956 139295
1 136194 188027
1 166472 187336
1 199004 163594
1 1763 187495
1 162334 50160
1 143516 8488
1 91315 11611
1 130338 121897
1 172461 55313
1 68497 81562
1 44771 40240
1 76978 167123
1 83722 35109
1 2669 156342
1 166418 80746
1 80401 151046
1 120004 112900
1 134278 180999
1 538 63165
1 176465 164310
1 164510 181150
1 194569 5707
1 61573 185327
1 107865 61837
1 166158 111027
1 199094 133365
1 43927 187806
1 16481 68327
1 24448 175897
1 154464 13997
1 116355 36537
1 40952 41365
1 116306 110075
1 125935 195788
1 169970 118915
1 40128 110011
1 38232 26518
1 167455 147426
1 67842 146518
1 33135 62964
1 132503 189821
1 76288 140530
1 173762 61659
1 195982 28171
1 185356 104852
1 153654 98355
1 132409 198165
1 49915 15746
1 49572 26902
1 137913 141136
1 48222 104790
1 34536 83854
1 115780 95249
1 123220 129190
1 36447 158726
1 93019 20374
1 172737 121703
1 77864 58954
1 175581 32481
1 97711 95353
1 19750 179406
1 190760 198914
1 79020 37367
1 33680 16839
1 38579 116046
1 175517 155849
1 90261 3052
1 180033 29701
1 192346 179336
1 116130 76110
1 82838 35256
1 86743 162348
1 153731 184619
1 5798 157300
1 186719 166758
1 136829 131752
1 80903 94142
1 140207 166738
1 156244 83479
1 87152 50971
1 43446 95707
1 143571 166641
1 159376 151486
1 177602 25946
1 95059 47345
1 143679 109011
1 22174 6115
1 89305 140269
1 28949 90239
1 126962 71848
1 177920 8099
1 176816 126673
1 34726 38366
1 49408 82201
1 117802 131500
1 14611 27255
1 112422 103541
1 151378 54400
1 176262 122244
1 8996 81220
1 79078 161284
1 50659 183788
2 142829
3
