200000
1 186930 149260
1 190629 163918
1 4364 46625
1 23544 173660
1 182027 146757
1 93877 103680
1 167484 2942
1 17821 161643
1 154294 81094
1 191147 157988
1 80456 3864
1 136986 114479
1 110243 11388
1 133371 85880
1 12229 163090
1 46774 195333
1 36774 7067
1 102750 35098
1 101925 93134
1 144186 193518
1 70197 65433
1 198096 109390
1 101892 160565
1 22132 80976
1 11628 105135
1 186450 170428
1 94621 141172
1 26552 120309
1 191818 72925
1 186791 49133
2 95572
1 174135 185628
1 148072 47220
1 139831 197145
1 153560 2924
1 145706 120761
1 72522 193775
2 166060
1 13504 151577
1 146487 69917
1 145644 79313
1 33438 1095
1 179308 121659
1 66848 37203
1 123272 78822
1 33576 100270
1 109426 121847
1 197819 14389
1 153905 35444
1 95615 64936
1 105041 146957
1 33036 20110
1 182025 129644
1 108278 79396
1 141741 38719
1 132571 171980
1 161173 34371
1 141226 50228
1 43790 2387
1 173045 130052
1 161791 158640
1 75256 55628
1 188765 153427
2 64617
1 112206 11411
1 119297 157443
2 182968
1 130510 164580
2 31777
1 70659 94853
2 86960
1 178869 36973
1 4052 40890
1 57071 182885
1 155799 50156
1 186815 99384
1 93464 55114
1 70443 88178
1 182350 154147
1 41096 79240
1 89729 28382
1 104842 49671
1 22897 161736
1 7883 87228
1 67205 30108
2 5785
1 151980 27318
1 39475 152771
1 123447 92732
1 124659 2724
1 197236 198841
2 71341
1 24516 51681
1 97591 67599
1 30713 61669
1 84545 153194
1 127434 160794
1 64498 187686
1 37860 39964
1 43239 46181
2 169113
1 128180 195791
1 164479 151495
2 118245
1 145465 60473
1 78393 32968
1 18010 48349
1 144611 3650
1 21546 65168
1 112135 79980
1 172248 13116
1 13695 64450
1 21531 20699
1 23478 190416
1 152920 7746
1 189563 58969
2 26070
1 25436 162821
1 112511 22245
1 114753 146246
2 38508
1 168176 38160
1 134161 100517
1 149041 143656
1 94794 6434
2 14071
1 96525 159941
1 63749 39931
1 16035 177536
1 156225 137003
1 107288 162791
1 10148 5805
2 120490
1 190930 98708
2 150491
1 64668 167875
1 47235 134571
1 62646 56405
1 93183 65932
2 5485
1 138502 179321
1 111527 66409
1 37467 183804
1 198475 158728
1 132717 196244
1 57195 72075
1 191030 53791
2 170391
1 57940 163552
2 8938
1 146989 190670
1 130273 63215
1 186629 113907
1 163601 85789
2 152200
1 9577 18111
1 164921 70006
1 23996 109325
1 71404 26168
1 164864 11191
1 68248 73934
1 132328 194910
1 198380 155450
1 177872 195536
1 9676 36974
1 156070 178842
1 58649 172148
1 171860 132113
1 75652 172188
2 180720
1 94768 74451
2 149076
1 55687 164478
1 17922 72256
1 35012 198242
1 37261 84443
1 194690 168822
1 30125 126548
1 120498 188112
1 44135 96999
1 163158 137204
1 87822 148262
1 137996 182520
2 88238
1 143174 60188
1 171573 102842
1 5805 121087
1 100873 36792
1 29776 188400
1 91588 139627
1 92832 119863
1 37619 64513
1 70042 70002
1 71233 91198
1 37176 91943
1 115776 13929
1 101976 143112
1 83446 60789
1 189292 118150
1 50987 80434
1 132196 20633
2 65842
1 161793 128793
1 89812 140535
1 64178 38011
1 191836 38728
1 102764 4925
1 134588 160102
1 105986 77951
1 123155 9997
2 138119
1 72662 67579
1 129624 171098
1 101503 102139
1 56381 158835
1 81439 180846
1 168986 93229
1 13920 122099
1 86759 144404
1 96418 115159
1 150892 121776
1 108355 60159
1 91120 196562
2 60079
1 176941 180903
1 64084 121704
1 64968 144215
1 80307 91478
1 175645 100684
1 169944 52178
1 53463 148605
1 17079 13423
1 177312 5693
1 103428 3275
1 21935 167910
2 98653
1 109401 119381
1 118766 124343
2 48742
1 35965 90978
2 150436
1 76833 77704
1 101745 17756
1 85323 136015
1 72245 114368
1 110956 95389
1 92312 127578
1 116863 36621
1 113554 103823
1 190563 78451
1 189238 69423
1 61727 124748
1 64550 72316
1 133301 38500
1 30904 142841
1 148652 80646
1 171747 162741
1 175513 61225
1 4142 2071
1 16302 47000
1 66523 150124
1 84997 62627
1 26639 128686
1 77869 6468
1 154885 72855
1 156982 174548
1 177268 13991
1 107322 99184
1 36350 8946
1 52653 189605
1 10843 29101
1 15142 112099
1 48516 108217
1 171118 190369
1 95396 113905
1 189704 100172
1 171195 29297
1 49985 137142
1 117716 47719
1 166393 52412
1 142762 76894
1 66994 171193
1 24919 7369
1 27673 151017
1 69373 75277
1 131987 100960
1 163512 42577
1 83466 60652
1 3203 47241
2 45239
1 156341 64105
1 23554 27505
1 146232 183535
1 11657 87159
1 175493 141376
1 172420 123450
1 74701 50712
1 58106 130351
1 173063 119925
1 6546 44947
1 99511 8955
1 71044 138175
1 35648 38567
1 93183 99311
1 192557 183286
1 199516 119053
1 144765 93270
1 198147 138754
2 172333
1 43752 8412
1 141219 122570
1 35559 132921
1 195469 151286
1 94540 134274
1 46058 150586
1 76332 195233
1 184767 80141
1 105299 182702
1 21216 143268
1 129675 139741
1 183458 149179
2 186220
1 154759 77186
1 7748 25765
1 8083 170836
1 185007 131850
2 77555
1 176978 2664
1 6678 166590
1 113102 59248
1 47941 164298
1 122967 127622
1 157261 11515
1 125400 68629
2 63529
1 140822 126487
2 46609
1 111005 36991
1 89501 36975
1 13823 103366
1 169545 193833
1 186876 161696
1 132908 152037
1 107817 62565
1 48469 88217
1 157104 108029
2 176329
2 175129
1 47432 154230
1 160666 38638
1 160397 126896
1 178704 22348
1 36709 109554
1 4200 94378
1 19817 115485
1 104733 4678
1 177945 70181
1 16387 17102
1 114126 121247
1 187986 18128
1 61474 103693
1 168369 57700
2 45469
1 27915 104004
1 20743 56099
1 54375 180153
1 85745 175517
1 40970 14030
1 92243 19429
1 63864 177255
2 120307
1 110818 26615
1 145611 182146
1 45875 182397
2 117220
2 113142
2 28438
2 104260
1 157499 304
1 67837 152262
1 96590 102939
1 8385 196057
1 167506 58135
1 32914 33135
1 45267 107876
1 13891 35882
1 81134 31230
1 24103 103940
1 180543 80425
2 154909
1 134783 86924
1 25754 96220
1 105586 189744
1 93492 52480
1 30538 157130
1 80929 106070
2 35431
1 78237 21227
1 19316 45799
1 98955 39065
1 77824 64565
2 142129
1 124677 110613
1 32728 152543
1 60095 106545
1 19741 88907
1 88605 66358
1 167772 154591
1 188554 141978
1 63636 13703
1 121714 160592
1 54053 174905
1 192852 12918
1 15614 76998
1 13449 48768
1 7176 44063
2 115540
1 110160 82129
1 25459 183532
1 75279 169148
1 170379 129288
1 188286 84326
1 185101 191786
1 196070 119643
1 17558 123823
1 110959 171386
1 169401 173909
1 7525 135910
1 127155 97550
2 71757
1 76524 108239
1 87191 51432
1 103278 78682
1 184311 94663
1 148777 109898
1 71900 148304
1 156753 187562
2 71749
1 193908 71743
1 184602 66266
1 150753 1730
1 36514 195093
1 35195 97130
2 27586
1 44899 9956
2 150060
1 15875 183016
1 95210 77959
1 13712 138466
1 3982 194509
1 25231 189298
2 43652
1 91339 185959
1 135373 42577
1 74187 176091
1 95517 39424
1 69574 49589
1 13959 4660
2 189500
1 108810 24749
2 188971
2 133285
1 100919 188629
1 7448 56888
2 23352
1 80759 74657
1 80908 197792
1 27500 121607
1 114280 20836
1 22548 45684
1 164102 36075
1 156416 193525
1 94487 81851
1 135169 185413
1 96315 58915
1 11992 174292
1 118798 78505
1 73760 64088
1 169397 128438
1 64122 164695
1 172904 81281
1 147449 53683
2 164287
1 75810 128847
1 55469 85953
2 101807
1 73121 23494
1 83491 144600
1 44720 89881
1 118885 142732
1 154672 190645
1 156622 120144
1 191939 57625
1 27528 27338
1 45682 177378
1 127931 102026
1 121012 49079
1 84034 92505
1 133693 30200
1 49549 128839
1 185418 37668
1 165143 110320
1 101228 52489
1 174539 19598
1 65300 29809
1 32627 81221
2 43486
1 72840 63329
1 163404 112289
1 170943 164256
1 90299 162741
1 5298 38045
1 18528 20676
1 191997 88530
1 138896 44182
1 42847 32180
1 82754 182616
1 50431 57950
1 136885 160237
2 126720
1 53149 49631
1 76964 66951
1 197953 62490
1 64526 97353
1 67010 103434
1 1127 82266
1 13354 39762
1 135759 46196
1 173036 95288
1 191795 59140
1 28471 87317
1 119540 190395
1 50429 172737
1 106648 196307
1 81343 160574
2 23600
1 140495 90907
1 56757 169546
1 158298 100823
1 117990 164055
2 73755
1 84480 166023
1 39469 20512
1 100067 66583
1 52248 198361
1 135710 102628
1 14057 130564
1 12107 152919
1 141696 171036
2 140836
1 13702 22571
1 169725 11822
1 191364 164527
1 146720 92065
1 111418 109526
1 123809 70876
1 76927 153338
1 49931 157319
1 173656 196176
1 12620 82568
1 185324 117880
2 17789
1 122467 135274
1 46485 152752
1 81711 116601
1 59660 94265
2 175633
1 85407 80070
2 189597
1 56120 68229
1 170117 29682
1 139470 70868
1 49972 199328
1 97564 142489
1 17388 501
1 27627 8026
1 81290 141143
1 191681 144874
1 84667 11892
1 19857 22571
1 188033 19946
1 119843 157604
1 156229 97911
1 151617 120326
1 37279 149795
2 21091
1 33982 108706
1 30894 93917
1 74525 171690
1 167363 6280
1 76623 161450
1 38070 27886
1 13962 24305
1 68411 4282
1 84419 51324
1 154805 21790
1 11232 110466
1 10949 92358
1 107037 4667
1 74516 56446
2 63490
2 192472
1 53471 149412
1 89230 44968
1 143807 169781
1 190555 47785
1 140889 170972
1 55198 63722
2 163067
1 100279 189400
2 114095
2 180005
1 147289 62626
1 89515 189700
1 51913 122477
1 124220 28042
1 111347 7866
1 186992 52750
1 69971 131924
1 91843 67293
1 157857 6270
1 158604 102536
1 16351 52188
1 122025 87921
1 12063 52833
1 16808 115478
1 154968 113081
1 189559 26142
1 113194 130871
1 108239 123108
1 173231 156737
1 57116 155650
1 98692 182586
1 185711 91936
2 157080
1 31086 157287
1 60021 107509
1 135461 31325
1 5107 147788
1 46417 155279
1 23667 56838
1 141529 10959
1 79631 31368
1 104229 30828
1 36740 147718
1 193712 33377
1 106907 24139
1 31120 121405
1 175323 95111
1 120771 54099
1 199725 172314
1 119100 155811
1 126544 34400
1 92590 7880
1 189886 106621
1 93208 162467
1 116509 67242
1 58577 110727
1 69930 17217
1 47574 43814
1 132707 117893
1 145042 58299
1 123573 112758
2 84141
1 78260 120165
1 29677 192727
1 58390 145602
2 3043
1 150095 164304
1 41914 49358
1 84454 116201
1 44040 163606
1 170428 112986
1 79076 88213
1 59303 18966
1 179482 74941
1 170235 60058
1 49024 70920
1 158324 47159
1 118663 39201
1 168103 20317
1 109057 119633
1 5675 89834
1 177779 170796
1 134851 93107
1 57052 35004
1 160015 56722
1 8581 105518
1 174708 191921
1 19212 68092
1 125961 87189
1 71852 82202
1 81412 2862
2 48079
1 79131 142244
1 176064 170199
1 191038 59551
1 125084 20328
1 111961 35150
1 135431 127098
1 104533 157079
1 167684 124637
2 148667
1 61629 49589
1 149883 51776
1 90644 21382
1 173707 155218
2 163324
1 27023 17058
1 184665 80596
1 35338 53951
1 101283 134802
1 123005 89809
1 139513 131018
1 90337 82981
1 35319 193918
1 112286 184722
2 162468
1 90802 150422
1 100598 69667
1 48544 50296
1 32869 147038
1 189276 9860
1 19477 75568
1 102316 77658
1 5770 41042
2 16916
1 110960 39095
1 30316 151371
2 20819
1 59725 167806
1 61892 10309
1 69948 143341
1 47094 171104
1 107648 104549
2 156703
1 151721 15038
1 157374 151710
1 174493 189056
1 179882 126020
1 76374 84005
1 13449 130213
1 51819 137160
1 38629 108257
1 67648 134126
1 199637 61486
1 13016 78643
1 46760 83944
1 99998 141495
1 109143 91803
1 24176 125636
1 77226 138447
1 101101 137603
1 87017 197205
1 185281 51233
1 108806 181074
1 53934 196475
1 140809 118346
2 97565
2 9447
1 60526 36788
1 194282 138609
1 67560 92385
1 30723 159766
1 145637 113577
1 52862 191950
1 89700 154408
1 124809 94119
1 192063 75540
1 20172 13783
1 5368 6178
1 174679 50752
1 50181 125047
1 127627 82946
1 167582 17169
1 181703 43527
1 26758 185527
1 101653 79947
1 124504 164126
1 149462 131819
1 66389 116253
1 107691 136111
1 153834 55699
1 180389 171610
1 46726 7959
1 130736 179633
1 23261 45088
1 55547 163786
1 46518 11318
1 169451 142039
1 24444 144409
1 161408 189107
1 58754 94064
1 18567 98987
2 17816
1 145063 81858
1 45448 172109
1 25690 108373
1 77670 19397
1 101398 42610
2 193354
1 67132 110413
1 171421 65442
1 137636 78946
1 39089 93478
1 104493 152750
1 189027 127747
1 4763 113230
1 192000 85515
1 114295 179505
2 107177
1 146430 40571
1 163040 132574
1 156392 69698
1 46484 70925
1 48652 150510
1 47623 182940
1 92092 91931
1 91368 170803
1 590 34564
1 31022 61452
1 194609 162997
1 135934 81791
1 76912 5745
1 190176 107401
1 24005 153892
2 15137
1 27310 104610
1 128881 150793
1 153200 115388
1 161093 17984
1 115979 151704
1 56045 41147
1 80916 97242
1 165570 5101
1 173692 147339
1 176073 166060
2 114622
2 126820
1 134946 33538
1 146103 65393
1 163829 57955
1 37116 131855
1 123896 148893
1 158045 55548
1 86739 58068
1 180641 20630
1 91120 63642
1 101504 199685
1 41832 15095
1 104495 182823
1 150701 157754
1 184490 106557
1 94649 87233
2 83458
1 116376 23990
2 78609
1 71029 110845
1 113705 13737
1 89488 182877
2 106692
1 86086 125094
1 86232 31020
1 45872 81975
1 177726 159429
1 78237 149100
1 175269 88971
1 88340 158277
1 194304 8284
1 170436 53252
1 115372 68746
2 119631
2 74350
1 86175 153951
1 144212 30282
1 55729 173187
1 121088 146026
1 3624 87461
1 68322 40481
2 66764
1 23872 68827
1 174658 21268
1 195655 155609
1 24458 186413
1 193249 145148
1 197566 138184
1 160304 166665
2 134812
1 181512 15401
1 59226 96019
1 100111 47584
1 153897 66159
1 196321 196438
1 6868 152009
1 48583 142853
1 197056 124911
1 196707 120747
1 150488 61330
1 164063 7701
1 8606 175855
2 151318
1 22949 76403
1 125909 164737
1 32675 136420
1 105778 180132
1 72274 107125
1 66554 184185
1 65986 1137
1 8488 119517
1 40072 115570
1 180808 75897
1 149291 189486
1 34887 94388
1 115857 179907
2 125309
1 185503 133353
1 80364 21565
1 158033 125209
1 136220 18460
1 11873 167786
1 43992 153600
1 95526 114930
1 138707 109931
1 67163 158274
1 174175 16200
1 29604 25810
1 36632 159669
1 63326 192682
1 77583 52817
1 171692 69585
1 76857 67079
1 30590 57019
1 157017 147419
1 164325 72494
1 142443 113845
1 107285 56758
1 95251 56172
1 152889 66122
2 122949
1 19483 142781
1 183391 169589
1 29707 173848
1 43949 115329
1 119918 20824
1 58202 154206
1 128430 129842
1 9194 27521
1 49306 175754
1 79314 130446
1 164114 34816
1 110538 154053
1 759 102523
1 49492 112363
1 17938 63034
1 22029 127288
1 15940 26392
1 90548 6591
1 118254 111775
1 52537 184162
1 83681 92817
1 181832 62839
1 4616 151219
1 110997 168181
1 133908 121882
1 166505 123747
1 139560 20090
1 5549 40259
1 100231 186988
1 180215 103354
1 69562 145024
1 34579 12676
1 87110 93124
1 199379 37077
1 34509 153491
1 148954 41362
1 61059 20640
1 157668 154866
1 87317 146309
1 146970 141166
1 166036 93255
1 137237 115761
1 95976 170284
1 29681 109179
1 87858 17920
1 56724 28824
1 578 133604
1 44734 81920
1 93242 128600
1 115795 126736
1 195522 48906
1 191463 166441
1 144430 36766
1 45897 65191
1 33708 60736
1 25106 150341
1 79219 157033
1 70512 53518
1 163176 95918
1 98542 106759
1 147218 44750
1 166853 132699
1 111168 112637
1 10473 99847
1 107385 161580
1 145101 38022
1 109412 87900
1 128376 10943
1 194233 90531
1 85965 199470
1 48615 147773
1 28309 48336
1 59847 15959
1 96335 33683
1 33921 182039
1 195003 58493
1 82046 176047
1 64610 96412
1 161677 113252
1 179690 24302
1 52569 198554
1 195161 69073
1 167819 51362
1 12775 108140
1 133883 191942
1 167944 107743
1 63069 113428
1 181306 134185
1 34922 132009
1 182604 24025
1 101196 187072
1 4400 13815
1 147725 108347
1 43843 124531
1 182018 11120
1 79833 115598
1 186932 101111
1 88014 138759
1 6607 93876
1 153162 104457
1 92814 168288
1 41940 46738
1 198886 144540
1 198042 25959
1 69490 142008
1 30975 65782
1 118879 71872
1 150886 45580
1 8921 177545
1 34879 40824
1 182710 42682
1 99535 48703
1 193824 22494
1 19012 176322
1 186184 173417
1 69625 186732
1 30665 174344
1 172614 12640
1 28634 133870
1 68748 54242
1 67897 37212
1 167871 142532
1 22484 54704
1 97397 194772
1 5305 71089
1 24942 138244
1 43328 135066
1 103844 83033
1 80375 167141
1 87764 14424
1 590 121305
1 129741 78894
1 149636 57175
1 9849 161439
1 32018 6561
1 191785 100337
1 145814 3884
1 37 32410
1 23170 101159
1 9332 194662
1 62341 164940
1 18409 105517
1 4474 41319
1 152559 101365
1 126736 57956
1 114582 105059
1 183673 147422
1 104158 93672
1 69463 20452
1 141314 122985
1 156708 168270
1 126665 100846
1 185440 192705
1 176713 39503
1 42496 110270
1 18876 23388
1 95829 85618
1 86792 38093
1 5947 11897
1 120649 1065
1 8643 142644
1 106593 47098
1 67106 83533
1 81923 130352
1 18778 189320
1 75452 16020
1 24937 84044
1 41155 6448
1 136177 133234
1 118658 70781
1 94632 116365
1 173861 114253
1 39361 189306
1 66850 36090
1 160986 87274
1 55177 39311
1 185640 162221
1 183118 17908
1 44959 124161
1 161428 39583
1 138725 45467
1 117629 36346
1 19385 190388
1 189423 155663
1 158752 125848
1 129448 4091
1 173905 73067
1 52102 47313
1 71202 116477
1 83088 123086
1 178929 151951
1 187272 77117
1 106966 31718
1 188532 143659
1 157577 21776
1 16939 23822
1 193361 13940
1 21533 30449
1 78189 79838
1 60390 116387
1 38469 149962
1 62421 20449
1 122899 147761
1 196919 182528
1 147854 161682
1 128553 191391
1 173335 193219
1 147357 144653
1 182568 180472
1 16876 160694
1 97913 179538
1 156510 95508
1 199156 141803
1 167413 71187
1 195099 1697
1 25984 25220
1 167992 67681
1 136798 180679
1 115526 59446
1 163537 14003
1 11678 160466
1 137478 14727
1 172196 127836
1 52193 192917
1 39859 117050
1 116622 46701
1 168133 84192
1 5509 87368
1 48359 58521
1 93789 55799
1 99677 98646
1 2324 138059
1 165201 28469
1 95518 198469
1 174530 1747
1 195180 34816
1 6378 118869
1 45374 149341
1 107696 99506
1 120172 192943
1 174672 80389
1 32177 25640
1 137735 145938
1 87225 103428
1 81731 77526
1 8172 174773
1 149257 162900
1 32315 112846
1 197865 80349
1 74410 192947
1 39903 162975
1 141535 64000
1 91275 96306
1 137578 16697
1 138963 39710
1 125717 178098
1 199319 179888
1 153261 148671
1 113558 48063
1 71057 13471
1 84830 30202
1 69243 130084
1 35705 4596
1 99533 164902
1 72854 190066
1 183773 89129
1 158261 112051
1 23107 181195
1 111447 32769
1 194082 158771
1 58854 98360
1 135605 58102
1 151584 98068
1 189148 7243
1 22793 68160
1 79590 157169
1 74514 40859
1 179233 118046
1 114180 108365
1 187553 3500
1 13809 135051
1 185997 102911
1 155677 86439
1 11759 136762
1 20008 173851
1 194685 102115
1 163583 186071
1 56803 178195
1 96643 94473
1 52499 116898
1 57466 107052
1 35664 133266
1 159797 1620
1 100471 178554
1 117378 14584
1 113999 21942
1 181842 69121
1 53842 87438
1 105773 30802
1 119548 104483
1 68693 35672
1 20819 18145
1 53687 138964
1 2168 110945
1 109785 16742
1 80109 102429
1 34368 182300
1 111974 179354
1 154401 103547
1 39445 106832
1 163978 177165
1 69040 56990
1 145362 120875
1 103173 1964
1 125502 48397
1 109442 18080
1 29237 179215
1 136766 144389
1 153383 64646
1 31883 161976
1 142584 118212
1 95424 93077
1 40243 164391
1 67585 105121
1 136237 2920
1 35154 154873
1 32374 168611
1 198364 173434
1 1607 83810
1 45886 61746
1 180905 134639
1 157016 13831
1 170210 50649
1 79443 111399
1 55973 135494
1 29621 17968
1 177466 4666
1 186980 36640
1 59179 13222
1 113016 81023
1 84656 127860
1 68486 73419
1 98909 57298
1 4778 173412
1 121611 91454
1 180436 38073
1 9988 117713
1 184726 57714
1 184115 18381
1 117037 147103
1 89546 4715
1 133646 135457
1 69493 7393
1 139186 171479
1 5504 17777
1 129572 14092
1 196804 171831
1 161162 67807
1 22487 58739
1 54963 83571
1 17012 42454
1 153376 158935
1 133865 128010
1 32021 46968
1 116032 152836
1 16738 179013
1 5487 113358
1 117357 107811
1 58563 88080
1 115522 195667
1 139594 30815
1 176413 117152
1 180928 34376
1 131382 47565
1 29628 10590
1 144334 100478
1 94748 514
1 42105 95398
1 121070 126643
1 95021 31089
1 66017 66326
1 27274 98034
1 138347 101191
1 25194 122127
1 72635 84192
1 111083 15787
1 197153 50185
1 169978 93524
1 175932 33600
1 164577 16814
1 29797 139627
1 101332 5535
1 22810 111899
1 163000 136700
1 180269 157475
1 23733 108596
1 44270 52314
1 96638 62844
1 95701 157165
1 184606 188859
1 77556 89576
1 120517 114230
1 72861 84422
1 70099 150142
1 19664 23479
1 77604 3800
1 76200 83888
1 70556 89581
1 26822 42233
1 195317 182259
1 149949 90163
1 104582 193883
1 168447 111081
1 91350 189117
1 137479 97688
1 37281 84608
1 84424 151361
1 65066 153998
1 119958 29039
1 131265 180919
1 127380 42883
1 105111 102181
1 178206 120520
1 30271 169856
1 174583 105972
1 15751 17442
1 14454 23035
1 107640 65533
1 56300 191962
1 82537 150795
1 159448 58786
1 114698 115639
1 17742 85059
1 199279 198986
1 46501 152795
1 170588 80664
1 137696 10111
1 42000 73323
1 9887 89673
1 92309 90736
1 79559 177250
1 19206 165665
1 199983 82258
1 175842 98098
1 165197 180230
1 176016 168640
1 86176 31072
1 141042 90614
1 22430 151749
1 110511 58306
1 182240 167075
1 146875 162872
1 162637 50369
1 106346 145796
1 89668 133707
1 125941 107989
1 52045 99166
1 168268 139144
1 41538 96145
1 39260 88978
1 199930 35140
1 41570 24243
1 163575 6061
1 25457 95703
1 26256 146208
1 186880 159182
1 95457 141726
1 162615 89326
1 100465 195490
1 157051 839
1 34339 157608
1 25848 170759
1 146593 12030
1 153390 63535
1 181446 26639
1 98943 192822
1 181195 18157
1 144248 153019
1 133749 50399
1 158 142257
1 135164 192363
1 53114 33862
1 93246 155237
1 43432 78292
1 195301 122041
1 64348 83403
1 100246 101301
1 126837 115998
1 58844 112346
1 87879 6894
1 80979 9765
1 144483 69428
1 11289 159128
1 146857 151730
1 68594 178766
1 45841 26075
1 56186 112255
1 37046 116354
1 58769 129744
1 199076 194625
1 176002 96095
1 25508 99882
1 137075 181580
1 171397 95987
1 125396 155212
1 63276 54173
1 57345 141354
1 4895 187109
1 6138 29086
1 90702 176239
1 39366 93843
1 136099 189359
1 119203 120051
1 70476 175322
1 119152 115510
1 109318 183116
1 192094 111403
1 21740 117051
1 93588 199429
1 82239 89564
1 71202 191913
1 145784 45588
1 111785 66999
1 19596 60513
1 167112 29655
1 177535 142538
1 129481 15110
1 157356 117636
1 121805 93600
1 85011 105190
1 34357 67952
1 109668 69391
1 176979 166134
1 145419 100822
1 191568 84408
1 146620 123186
1 183070 31884
1 81729 74091
1 111073 82148
1 147585 41217
1 179993 58586
1 159443 109659
1 136083 167294
1 49411 38834
1 175057 65502
1 6180 32446
1 143095 122773
1 48023 69857
1 182327 190167
1 189082 129171
1 10687 169148
1 133076 89486
1 78305 95818
1 8799 88954
1 31938 21448
1 124375 171547
1 191559 124672
1 40931 109882
1 162429 51668
1 34113 60561
1 196552 23492
1 182934 54779
1 194958 18238
1 82102 58010
1 131940 36071
1 164720 20298
1 125497 119017
1 168158 140358
1 194561 106366
1 2283 64986
1 31461 133883
1 164454 158473
1 85353 182624
1 163782 98687
1 149725 52959
1 77309 87929
1 168264 37355
1 158146 65779
1 22034 113666
1 73114 29778
1 149104 27966
1 99174 45907
1 64917 93400
1 30067 90548
1 161047 92286
1 83261 7585
1 73440 188374
1 39877 127906
1 106134 54739
1 47381 70658
1 17741 199800
1 76368 56194
1 57386 87018
1 53375 124543
1 102555 164538
1 155290 42657
1 100405 22707
1 169300 79430
1 61997 16993
1 168234 146607
1 163132 158178
1 175340 107177
1 172556 150193
1 188300 125373
1 2600 46448
1 104487 158875
1 172451 49270
1 151122 137860
1 34119 182362
1 119526 54328
1 44417 67710
1 176015 133600
1 179146 155422
1 165777 121404
1 110104 98395
1 77084 109518
1 54087 178051
1 74961 5064
1 66370 107556
1 43092 73652
1 125238 189328
1 164245 95715
1 147449 88114
1 168474 122840
1 114614 116754
1 171919 9204
1 47644 156645
1 69520 76133
1 152519 12249
1 139958 37643
1 198255 146975
1 80608 134635
1 124303 153529
1 54019 161624
1 142937 32133
1 76661 164446
1 130712 138827
1 122806 137648
1 111973 42372
1 155713 86868
1 1806 23083
1 75793 124685
1 80900 36488
1 103862 132681
1 89988 127162
1 186778 132812
1 2376 21188
1 160719 152989
1 37358 38619
1 169051 19439
1 123048 63279
1 129670 99155
1 53286 10232
1 198755 54683
1 137473 20291
1 85854 1617
1 34793 13564
1 14661 159514
1 40337 131006
1 33241 37221
1 16793 187481
1 180822 46488
1 55164 57763
1 65216 85436
1 114235 118530
1 80817 23463
1 12681 169656
1 43168 1450
1 175992 127216
1 65076 49789
1 83172 145159
1 77385 30376
1 124190 29854
1 193794 66354
1 187483 42272
1 133840 54223
1 40414 104271
1 77697 42757
1 90211 93011
1 141004 43168
1 1038 146181
1 141276 191447
1 125971 41208
1 108507 36605
1 136294 19018
1 156288 17388
1 125989 41258
1 41692 153519
1 193349 186537
1 188193 138351
1 27963 154053
1 155188 61153
1 99307 18867
1 67700 72045
1 136150 32301
1 61899 53921
1 74687 136125
1 144884 196247
1 167774 145865
1 99534 136291
1 153096 178975
1 74208 82370
1 85598 135041
1 195693 76032
1 73654 40052
1 106617 15400
1 133063 49990
1 100828 123889
1 191384 20766
1 52231 87399
1 52971 164617
1 9428 59415
1 147942 77633
1 56723 88767
1 23234 18432
1 194129 60533
1 35831 183750
1 45995 170774
1 67814 23463
1 39764 92529
1 117961 728
1 38627 147765
1 183640 115899
1 70433 157465
1 192446 104104
1 31441 77194
1 151227 193278
1 143488 17370
1 102811 89130
1 105102 69991
1 65943 29240
1 103613 134729
1 128137 75096
1 168954 10687
1 15189 142386
1 142058 165148
1 191126 93100
1 60407 9966
1 69383 49147
1 100186 93231
1 167603 87336
1 105962 97456
1 148703 52261
1 121894 87362
1 171254 70416
1 172608 43751
1 184245 390
1 2154 144632
1 136855 150700
1 138981 80919
1 151747 171898
1 169991 173528
1 19189 179593
1 130444 131883
1 100715 10782
1 39328 110669
1 27664 161975
1 183660 146928
1 196142 187605
1 39583 91240
1 51855 100746
1 2430 184151
1 53940 47557
1 121327 140186
1 94650 182171
1 91267 57717
1 157768 6168
1 79362 140221
1 135102 191814
1 14842 33732
1 155675 105853
1 72779 116298
1 162030 120300
1 77356 178786
1 82623 165799
1 706 161314
1 129022 24369
1 192355 148431
1 89004 119115
1 66341 23816
1 32712 78845
1 60780 3825
1 164093 76260
1 24307 30626
1 43401 83068
1 57883 15761
1 135473 78512
1 79154 116158
1 105827 12256
1 42181 46750
1 89196 143154
1 680 7945
1 149275 158044
1 104261 84775
1 103989 139760
1 154787 183896
1 72731 44841
1 12665 136611
1 67576 106549
1 146868 21601
1 14127 157507
1 98692 3115
1 27204 166734
1 52269 184705
1 181449 169066
1 73869 140092
1 126476 47183
1 120169 109110
1 175871 121956
1 41980 118263
1 24551 49677
1 13314 165155
1 105865 80824
1 77442 119523
1 153362 91300
1 14042 185553
1 23494 179826
1 47504 131240
1 95659 140400
1 198293 31467
1 26487 27875
1 40220 37268
1 80887 34646
1 124700 64511
1 19264 111904
1 151841 34456
1 163867 170234
1 111706 140290
1 177196 172417
1 20446 169417
1 147620 93576
1 18368 114122
1 185064 162722
1 100053 37281
1 174976 13166
1 26434 121172
1 77380 128547
1 88651 116542
1 140036 197534
1 24729 74750
1 43640 3177
1 110860 39776
1 117031 782
1 50626 27724
1 193499 29533
1 70502 34669
1 24132 91898
1 13692 114276
1 149547 133226
1 8427 191087
1 64922 161183
1 117388 21716
1 90314 155009
1 37554 104146
1 101453 191
1 120250 76681
1 118205 47703
1 79956 44265
1 91365 78306
1 171026 48024
1 121134 148835
1 53297 110183
1 99596 136145
1 95014 6136
1 139561 156003
1 97387 136360
1 106641 14427
1 87369 47939
1 127264 193174
1 129576 178088
1 42729 22738
1 22612 36538
1 137641 142209
1 50322 125321
1 160619 127117
1 116260 97920
1 174396 119020
1 120152 57552
1 171410 48614
1 67415 56028
1 193144 75940
1 60909 53862
1 92733 121211
1 98708 72569
1 1054 69113
1 35461 66393
1 2353 73071
1 770 133672
1 127570 93439
1 73885 143514
1 160787 86376
1 63373 163547
1 155615 134480
1 165427 67774
1 31344 176081
1 12327 49577
1 71986 83910
1 138504 143423
1 84919 191639
1 79491 166991
1 76252 156931
1 196707 135035
1 54907 153965
1 32410 17899
1 45586 4267
1 126798 81458
1 118452 122699
1 76776 114241
1 110830 74790
1 126233 95883
1 23740 45801
1 78829 144696
1 118382 172896
1 7060 91917
1 36181 59142
1 9006 11803
1 88114 44811
1 16344 113959
1 172512 168869
1 55988 113819
1 192128 127386
1 30781 160939
1 192229 158797
1 94282 32329
1 44801 22150
1 57378 170829
1 145232 79302
1 121602 149087
1 103940 35020
1 190827 180455
1 182896 192033
1 17903 136887
1 193720 152170
1 17852 54006
1 32504 119279
1 132585 110864
1 74740 114215
1 116161 132572
1 55808 163014
1 75406 6861
1 138353 192074
1 33639 96734
1 90499 9794
1 129725 10359
1 118795 10399
1 192994 8741
1 61472 133247
1 28699 2489
1 29958 188600
1 45736 152191
1 64604 60834
1 24785 56034
1 125062 178024
1 21810 115741
1 60828 88719
1 156490 17764
1 183828 839
1 188864 119956
1 134573 161458
1 59959 39705
1 105629 45939
1 28948 159199
1 4414 121209
1 103373 13755
1 184884 55948
1 171507 102361
1 183266 156118
1 34627 144105
1 65102 171189
1 42602 45126
1 138129 94272
1 91734 100583
1 173955 88216
1 192964 198857
1 47078 10865
1 153863 80348
1 64529 71840
1 6103 170156
1 153888 69159
1 193690 14355
1 37851 188414
1 2550 63390
1 19491 189796
1 46552 62141
1 94244 110567
1 144958 196014
1 136119 52336
1 157963 76652
1 81942 37459
1 19660 19924
1 146950 147285
1 45062 9559
1 126528 116861
1 42435 42726
1 186720 28832
1 90909 75483
1 146129 146727
1 130057 120037
1 121336 191332
1 151143 19190
1 68640 150934
1 63049 179183
1 106982 90040
1 50945 38412
1 167014 25744
1 61936 135116
1 152229 116086
1 148044 32868
1 3264 419
1 3633 82661
1 50964 58684
1 147180 113514
1 87279 16543
1 156035 145669
1 180920 3501
1 149833 124204
1 79834 70873
1 60768 70113
1 27702 8880
1 98575 138847
1 27913 60392
1 95879 19083
1 141787 194669
1 109552 7514
1 185066 192362
1 63417 196479
1 130390 50261
1 181407 126295
1 158734 30654
1 78461 85784
1 3258 152408
1 114325 64120
1 54442 116168
1 141662 124634
1 135295 77614
1 1550 143614
1 73881 68211
1 10025 136104
1 14976 195538
1 48267 115153
1 1622 109929
1 79474 56461
1 164029 12352
1 155087 142012
1 47172 17882
1 26190 163637
1 148568 109565
1 356 178160
1 36841 187965
1 149785 148531
1 82905 105613
1 7125 87551
1 25644 88200
1 58095 65275
1 84012 193404
1 34228 199969
1 106780 148664
1 27573 34791
1 55968 187608
1 112596 150192
1 184555 63182
1 65487 5172
1 171305 88243
1 78 63661
1 32621 24910
1 12265 192900
1 133661 4579
1 23613 37691
1 87388 174272
1 97521 132892
1 166328 164292
1 52228 134050
1 85 54000
1 189017 159141
1 108313 118834
1 85765 129227
1 31258 41456
1 35672 47853
1 107397 128274
1 98666 16328
1 124815 131411
1 150119 8038
1 122529 125193
1 74974 135499
1 168575 104178
1 99718 37219
1 92090 105409
1 176722 175596
1 15575 116521
1 174775 63328
1 45311 86825
1 172923 20325
1 872 24216
1 17600 24185
1 26435 117171
1 83984 79320
1 183976 95141
1 113195 39855
1 9982 118614
1 59663 147910
1 37999 9399
1 160903 158440
1 146124 68684
1 25271 131543
1 127996 161018
1 35494 175790
1 41194 50131
1 186957 115158
1 36271 65631
1 85023 39918
1 108989 139246
1 184025 167604
1 40078 33243
1 113228 35512
1 173965 78435
1 50280 63555
1 137539 180262
1 164235 33988
1 147844 45436
1 193803 152891
1 180314 192188
1 3775 13801
1 108146 56264
1 126612 153463
1 168582 114525
1 163790 37541
1 135050 152154
1 74269 105846
1 169243 184526
1 22243 181402
1 159461 159815
1 124739 111964
1 3539 36248
1 142507 111885
1 44412 113642
1 146597 145392
1 128523 61830
1 125018 146279
1 169135 98209
1 21543 152286
1 163909 85353
1 127589 109814
1 102083 59280
1 117940 107765
1 113190 110102
1 10439 135532
1 64861 175259
1 115381 168616
1 90615 147876
1 39999 55260
1 123210 179054
1 51613 198222
1 88422 31473
1 39822 52674
1 116729 111542
1 187359 80356
1 33476 76892
1 129915 93882
1 103934 189543
1 43252 3400
1 154502 140810
1 11281 187781
1 11087 47990
1 167641 49087
1 126727 107940
1 99614 118666
1 27144 94431
1 165964 40686
1 65090 63509
1 31092 145553
1 139753 4318
1 116052 171490
1 97499 54222
1 83753 15815
1 99092 158840
1 115960 83081
1 26901 189571
1 126233 65215
1 134418 71025
1 34053 150904
1 18907 194733
1 19169 42477
1 163341 196821
1 84938 73574
1 111225 144009
1 136163 132587
1 109525 41458
1 605 19758
1 30434 83157
1 11847 174135
1 195037 188250
1 29974 14287
1 142250 80280
1 101686 25713
1 118653 77348
1 154961 85997
1 103243 16025
1 84319 54623
1 54385 38634
1 69294 100816
1 39394 51301
1 82036 178282
1 25750 107594
1 136595 6690
1 147121 158796
1 6316 96608
1 5618 34150
1 16935 139058
1 42077 7266
1 122688 168371
1 36970 131878
1 48662 194101
1 86191 6848
1 32688 117814
1 174283 70963
1 18705 2114
1 166933 14786
1 116990 48421
1 127109 132924
1 194061 17492
1 23008 100681
1 60976 123804
1 116969 168052
1 81026 27338
1 142278 84025
1 103760 89820
1 164848 17104
1 75371 46057
1 155679 50362
1 181614 43468
1 70389 192971
1 66251 128534
1 134634 143544
1 151898 146548
1 78520 164835
1 31780 120414
1 123911 180069
1 90476 111810
1 63963 24155
1 194495 53744
1 121405 27252
1 40254 138246
1 19175 36025
1 124842 198111
1 127732 153501
1 61871 2168
1 115846 185032
1 109363 58019
1 170361 64478
1 178080 151599
1 113096 114261
1 14511 193366
1 130943 52983
1 189432 178153
1 95265 74484
1 167992 75258
1 65242 61739
1 192097 50760
1 56679 186234
1 109544 10672
1 161796 178756
1 12427 76241
1 534 106434
1 80353 32832
1 139290 90317
1 47015 34798
1 74574 142699
1 121415 117718
1 102686 79192
1 195243 187691
1 164434 12950
1 76099 39361
1 197941 70583
1 156050 128890
1 121224 143722
1 69759 6708
1 72424 91205
1 122779 109041
1 160830 84434
1 103342 85063
1 27750 7773
1 102791 79369
1 111201 117884
1 117188 53301
1 51710 83295
1 83102 75103
1 129349 124122
1 42936 18397
1 186598 38448
1 101417 189557
1 8290 180642
1 168007 112324
1 63545 102968
1 117175 82223
1 4436 99600
1 56498 91151
1 38259 12197
1 196442 17880
1 106264 43616
1 573 40715
1 87797 70373
1 9128 186525
1 123924 180311
1 65392 111079
1 94022 169837
1 92669 175823
1 30862 136058
1 5784 108470
1 178573 144567
1 114614 181539
1 172849 81427
1 55108 176688
1 93978 97533
1 115573 104563
1 67021 23665
1 95882 10224
1 152413 71617
1 8802 55357
1 137046 194534
1 65218 163381
1 118187 76231
1 48742 170401
1 93602 105673
1 194248 71843
1 15806 2903
1 101040 180069
1 166189 10804
1 55485 173058
1 119923 94654
1 185331 18099
1 189591 9413
1 34437 49468
1 110284 112204
1 122851 110615
1 21091 172062
1 68743 72097
1 187438 163925
1 175613 94083
1 26679 161383
1 115314 87588
1 12067 104499
1 111743 109965
1 75489 159626
1 8948 88285
1 9623 175808
1 127913 189934
1 13838 84276
1 129283 99911
1 134108 157534
1 163716 15491
1 187026 56793
1 52887 81153
1 60904 49520
1 154458 117070
1 97446 119982
1 185068 65680
1 68308 94432
1 92856 60148
1 173091 36462
1 46722 160921
1 56028 169050
1 53554 32638
1 160842 125399
1 175135 139689
1 148260 87246
1 168093 164569
1 156349 191724
1 8777 111407
1 195439 141360
1 149588 120728
1 184773 176691
1 113423 129214
1 143144 154553
1 22006 12784
1 120589 73399
1 162495 40974
1 155804 197349
1 187748 86777
1 77155 155078
1 163183 92346
1 155388 2741
1 133317 186802
1 152315 45489
1 101302 78082
1 165405 83372
1 158724 161211
1 152046 140945
1 144434 124488
1 91193 165140
1 170447 41818
1 31093 109630
1 29698 165396
1 182190 107896
1 100631 72569
1 26481 121624
1 90315 41682
1 168188 174378
1 92949 612
1 79397 79872
1 114741 142865
1 58249 152957
1 116545 8077
1 196983 5086
1 161005 58693
1 154910 90953
1 19099 67146
1 137461 137179
1 15332 151940
1 93993 40428
1 191525 52308
1 70028 28197
1 143500 31434
1 5692 106758
1 195876 86024
1 13329 6064
1 137439 21110
1 50506 44922
1 80996 190312
1 95802 194674
1 42138 120717
1 169711 127345
1 99187 70041
1 179939 175781
1 178940 163764
1 127015 151321
1 151971 177508
1 138892 138119
1 170442 185400
1 114772 83296
1 61835 139959
1 174424 178842
1 44620 173960
1 46778 101116
1 5573 107491
1 78414 164390
1 107087 151863
1 165316 190628
1 158255 13021
1 112217 119092
1 167586 24894
1 88255 157462
1 45035 59712
1 84298 26259
1 141660 60470
1 45980 68049
1 182049 103175
1 61586 91222
1 193043 196639
1 122352 27674
1 23675 102934
1 87947 15826
1 22564 170909
1 111733 4601
1 76326 89200
1 68270 183586
1 187312 180728
1 119177 127547
1 187669 151871
1 46364 106212
1 144602 172826
1 50028 112368
1 7231 84562
1 172440 180795
1 174092 101843
1 74756 118957
1 2334 171608
1 145480 37773
1 85810 124886
1 111962 166857
1 142577 39592
1 198522 17668
1 157116 161020
1 43229 72353
1 29625 24891
1 107739 190992
1 75806 78398
1 8604 122902
1 162045 74095
1 172416 64673
1 167761 143164
1 148686 33420
1 3015 41219
1 194271 132143
1 127505 198779
1 145356 61931
1 135271 147743
1 159381 65653
1 198046 63712
1 75795 176992
1 47598 118219
1 136992 168303
1 21374 50680
1 67844 78171
1 12082 127605
1 186275 56801
1 100599 149874
1 141350 6416
1 41742 24814
1 29031 54610
1 161112 196642
1 35617 154232
1 77729 32172
1 71703 152395
1 168175 29502
1 125187 1487
1 165772 129287
1 102529 4058
1 43666 88610
1 148861 44054
1 190007 193342
1 81306 136019
1 112537 119694
1 83620 36049
1 136778 77809
1 18488 69068
1 4447 108516
1 111218 175240
1 102838 177767
1 38552 100702
1 55687 85101
1 29829 135239
1 32556 147911
1 52248 168169
1 167283 71379
1 77405 59232
1 103779 117345
1 111484 119182
1 83596 50342
1 40928 128358
1 105172 196900
1 123947 51573
1 198656 155929
1 126168 86706
1 98879 58919
1 9328 96455
1 125821 161924
1 124849 82208
1 123430 140643
1 152187 146675
1 109240 197283
1 113022 187216
1 116239 16694
1 16672 34539
1 141291 128851
1 127795 29096
1 35908 133152
1 91670 123238
1 21584 6170
1 173417 6222
1 184148 33222
1 29687 96670
1 121577 154333
1 32735 182193
1 85393 134004
1 60676 165521
1 159098 72425
1 49206 17535
1 93778 48213
1 153312 40257
1 47052 94318
1 104819 195758
1 142513 48315
1 10450 71926
1 68266 133245
1 36095 11381
1 56268 132571
1 177541 127098
1 157221 139343
1 59048 10898
1 165126 28176
1 186058 119962
1 10065 65087
1 53087 47301
1 95173 982
1 35859 24297
1 151431 27533
1 122809 105553
1 65459 41678
1 125431 196670
1 90532 16539
1 34993 172095
1 13567 79038
1 97843 193779
1 134726 162930
1 93282 86364
1 23836 165712
1 4645 88423
1 13268 111612
1 188943 153528
1 176383 32145
1 57937 140539
1 69493 63626
1 149918 105896
1 50403 44721
1 47134 103062
1 63766 118733
1 22550 177987
1 56263 50184
1 111959 88547
1 4647 175262
1 11559 73831
1 117996 91213
1 80237 158543
1 110172 30200
1 162976 40179
1 132121 178142
1 187058 145550
1 161134 21563
1 84280 97228
1 51481 134845
1 40221 118549
1 187481 97066
1 79176 21530
1 36858 178575
1 147019 174048
1 172766 31659
1 165389 15562
1 20045 78301
1 13434 57771
1 54528 4492
1 140329 83660
1 3435 102613
1 180173 129467
1 114569 100090
1 121313 189013
1 64492 35272
1 135054 188948
1 173189 153353
1 35230 4764
1 75376 187500
1 98405 199746
1 6019 135089
1 159982 68702
1 61016 43801
1 133348 70995
1 146905 162766
1 179970 22492
1 159564 166222
1 90621 74521
1 104095 6685
1 25263 40602
1 176629 99820
1 69255 43242
1 114609 139908
1 85360 184992
1 94338 11191
1 102207 146466
1 90991 181961
1 15392 29882
1 162597 5722
1 64643 78558
1 128639 174615
1 110851 103418
1 178837 62626
1 55063 77441
1 91143 111102
1 112060 145203
1 5835 110079
1 43938 23536
1 61110 145010
1 92566 34750
1 178695 64457
1 83759 109784
1 103802 143625
1 10429 100407
1 166539 129079
1 191983 185509
1 182153 181759
1 65028 33855
1 145437 29159
1 161588 151498
1 35290 86388
1 83167 192313
1 81287 160155
1 94837 192190
1 57003 186859
1 57576 28303
1 50392 191544
1 142799 174395
1 34619 108874
1 91996 60333
1 24995 145543
1 116672 125119
1 141199 146335
1 9885 8450
1 122365 102070
1 183468 34189
1 132720 82839
1 190191 135044
1 46209 107479
1 97946 181419
1 126633 148295
1 149822 42027
1 97741 121885
1 186870 47715
1 85195 6885
1 70421 61683
1 122756 183780
1 139790 5957
1 184938 118989
1 15654 29596
1 69900 20008
1 189335 15393
1 199008 54591
1 134982 80747
1 37904 170890
1 188712 189263
1 168583 118109
1 72688 23465
1 92797 39633
1 154300 56489
1 150721 121584
1 73599 182817
1 83143 79525
1 197234 194318
1 141938 190947
1 27639 142949
1 24803 153364
1 11854 12767
1 125698 88196
1 6523 35079
1 86732 86158
1 127095 91139
1 56734 65416
1 108310 104546
1 94913 53867
1 169208 67109
1 136502 149125
1 75380 175057
1 38659 41506
1 154754 71411
1 173118 42103
1 162216 166132
1 193434 154449
1 148519 34911
1 7663 99902
1 91174 194736
1 47310 154298
1 184543 103135
1 159366 154397
1 119752 144301
1 119984 20034
1 95300 158511
1 158785 186
1 199243 181016
1 196625 154547
1 119128 147787
1 181415 119011
1 20241 166625
1 194248 28025
1 23483 46776
1 9279 135621
1 71071 28925
1 180398 60326
1 20792 144570
1 73366 162101
1 141790 19363
1 28579 161648
1 87479 17309
1 51643 110249
1 136476 122193
1 23881 86192
1 124682 198895
1 121028 141757
1 35339 187142
1 32581 174499
1 49891 90307
1 49225 31729
1 154494 84230
1 10691 181674
1 61850 4461
1 58214 52456
1 60977 177628
1 53681 7692
1 33193 50506
1 159356 161449
1 65344 48017
1 55554 139185
1 87346 154231
1 3118 60063
1 79148 42104
1 63338 125670
1 83126 124567
1 29350 127643
1 138075 17125
1 113766 142046
1 35677 168016
1 182544 111950
1 142807 161199
1 130291 192686
1 93107 176396
1 5915 127122
1 65293 150771
1 149524 9358
1 23078 43386
1 33021 108768
1 120141 16594
1 14735 174492
1 25227 96525
1 78254 60825
1 157839 51375
1 140719 164954
1 196505 162234
1 23273 179520
1 117098 68148
1 61249 121006
1 82155 113020
1 6001 138747
1 31580 54797
1 146264 103391
1 34240 122513
1 78728 86232
1 32775 188585
1 79692 191708
1 170492 151100
1 119224 167620
1 171952 45374
1 70069 8631
1 1254 174467
1 121932 113364
1 135616 45188
1 108722 63844
1 187370 96049
1 76309 102910
1 175109 108087
1 101990 12988
1 62935 3987
1 50088 138207
1 5041 7000
1 33143 182846
1 96032 103549
1 94876 111285
1 89495 14378
1 170320 106827
1 110301 38468
1 107087 56291
1 5171 47671
1 37983 78248
1 10952 101379
1 83616 31282
1 21729 21514
1 97685 165374
1 106691 10009
1 161204 5261
1 16930 170101
1 134955 27354
1 180815 12647
1 71731 127810
1 165085 6731
1 25177 195183
1 189268 26261
1 14730 193158
1 65306 122404
1 124127 47634
1 175262 187148
1 188329 80367
1 165382 96798
1 162814 76155
1 85915 131450
1 148613 3258
1 99572 139544
1 15806 164872
1 108833 47827
1 111317 96837
1 106328 144440
1 173352 179580
1 174884 119629
1 137238 105428
1 15756 34532
1 113291 64058
1 167618 27234
1 148169 114190
1 129230 68490
1 73977 191756
1 140665 137103
1 12722 145662
1 52734 131290
1 30024 56865
1 121325 47641
1 73945 94805
1 33570 158409
1 171860 8008
1 115238 37701
1 19467 198820
1 188899 36303
1 115834 165624
1 64206 74013
1 96920 61925
1 174159 40743
1 53341 163658
1 15284 70768
1 66772 165617
1 11096 42003
1 20835 93115
1 110414 37584
1 152536 73033
1 97489 100631
1 198582 68909
1 52336 131092
1 198016 162128
1 29430 104891
1 92805 102564
1 101912 98582
1 154797 173261
1 21731 5004
1 86786 191435
1 176293 140596
1 173762 32812
1 51161 186522
1 44452 20847
1 31769 337
1 69737 45243
1 94271 12730
1 92965 19905
1 32348 167891
1 181134 61935
1 177245 43459
1 39363 44503
1 115706 63460
1 11040 159646
1 180065 191826
1 146945 52841
1 4194 161588
1 61205 117893
1 154971 14472
1 141350 123606
1 109671 8883
1 549 155778
1 31171 188809
1 142842 122590
1 123777 199065
1 118156 93785
1 158512 175613
1 99086 34919
1 49803 139361
1 60042 153905
1 120096 150481
1 187570 199035
1 186948 184903
1 146917 176853
1 1845 122101
1 97406 148294
1 24464 132559
1 156195 107958
1 51573 182749
1 182925 160027
1 94134 36671
1 101459 155622
1 131719 172930
1 48443 41006
1 76130 84770
1 47107 20124
1 107898 90656
1 199852 47832
1 110435 121158
1 61321 39093
1 40960 49656
1 94151 108441
1 134956 138045
1 49596 67759
1 198380 121549
1 85493 136911
1 165397 117149
1 93242 77934
1 199034 19689
1 190948 182722
1 158297 193857
1 149090 50233
1 93574 106583
1 164488 149914
1 90071 171336
1 170778 53435
1 114578 75305
1 4695 166053
1 149332 103380
1 125704 124869
1 68290 84082
1 4234 13268
1 51829 54026
1 2650 168585
1 19297 88523
1 62305 49277
1 149255 93974
1 161600 86814
1 38108 90512
1 70046 94552
1 69945 193446
1 156847 15745
1 46276 69473
1 51718 133188
1 30 158316
1 65502 13008
1 54094 1571
1 14757 20801
1 9454 164511
1 154059 59663
1 159701 57151
1 20873 44149
1 87812 165689
1 187253 140325
1 160468 170912
1 17221 90986
1 159711 55992
1 92321 14557
1 126702 158968
1 99949 176461
1 80932 107806
1 165271 165224
1 41000 38457
1 36062 146286
1 27224 11187
1 84516 106136
1 38124 134046
1 103349 181828
1 101032 148736
1 26328 162276
1 195846 51554
1 50453 155688
1 61475 187157
1 171527 177449
1 166377 89477
1 86756 16535
1 142972 109250
1 61898 58405
1 141096 138252
1 71564 113843
1 82251 8223
1 3261 44924
1 174463 189887
1 114941 99073
1 179787 161606
1 39553 177269
1 13258 102955
1 168679 165802
1 57115 54229
1 34810 100988
1 146827 199777
1 108738 51196
1 87744 66543
1 56912 16031
1 64807 141811
1 79432 165608
1 21599 152442
1 194352 73619
1 128295 103227
1 152056 15044
1 108421 112161
1 9353 31663
1 3064 58262
1 145619 36040
1 190177 159377
1 60050 43054
1 118509 32675
1 99936 81427
1 97478 160062
1 193536 90031
1 142011 86919
1 155562 80997
1 16812 89053
1 46610 153526
1 141562 186410
1 46782 28901
1 30062 153258
1 158792 133418
1 71913 38649
1 169072 43802
1 27276 90401
1 87910 89110
1 150952 133860
1 191573 171572
1 198312 139078
1 7731 63531
1 146173 158303
1 124425 160195
1 394 177504
1 124798 188859
1 74002 121763
1 194024 187388
1 70303 90872
1 26133 180990
1 159539 135852
1 168087 158521
1 68276 151772
1 179534 183310
1 99986 163067
1 127482 125879
1 129661 121504
1 71361 13421
1 135365 3668
1 3069 178520
1 188114 77786
1 111754 192124
1 178181 76863
1 147854 10273
1 119534 184419
1 63433 169603
1 61487 78152
1 131871 93051
1 188784 179547
1 166755 131245
1 32325 51777
1 128359 84724
1 5213 76324
1 148481 84491
1 75180 73917
1 59615 95165
1 60314 27428
1 77582 188367
1 65069 151509
1 76871 166188
1 22580 106437
1 1851 37009
1 190710 52517
1 187809 24953
1 34266 45238
1 101117 166987
1 137752 62670
1 71283 49027
1 97120 54569
1 11468 167135
1 110280 7027
1 33287 153483
1 174460 145557
1 49123 43214
1 156577 169086
1 37420 137269
1 64906 14324
1 76804 123904
1 102942 129818
1 89972 54540
1 151497 15428
1 157555 134337
1 50595 180793
1 159030 66428
1 152862 7304
1 48825 132479
1 1395 87950
1 93260 25368
1 59214 171141
1 196449 58767
1 116025 174353
1 117460 77140
1 65798 13512
1 126972 77608
1 176065 2816
1 174705 177418
1 46357 48733
1 154334 97509
1 183613 26587
1 196937 110520
1 559 138776
1 158049 48069
1 156483 33253
1 172423 76926
1 94122 142798
1 77663 105900
1 30988 196263
1 185304 53153
1 54402 103066
1 58042 25953
1 3126 115055
1 135920 98381
1 83926 1626
1 143318 33040
1 59456 81163
1 164292 82893
1 32107 96049
1 20315 78024
1 168786 168976
1 117263 2963
1 93926 150854
1 65014 63740
1 45300 188760
1 38864 52085
1 6804 186625
1 146519 81604
1 199892 35773
1 145160 199403
1 79844 39827
1 24050 165210
1 177923 162658
1 199486 138132
1 137898 165677
1 23360 89568
1 98551 86569
1 34813 150065
1 132764 149637
1 167293 159831
1 72200 94523
1 35731 101286
1 198038 173911
1 148522 178599
1 37941 120325
1 199890 27902
1 179608 111135
1 51978 47388
1 51550 20215
1 141328 186598
1 37700 184162
1 63335 157924
1 20426 31685
1 49641 177134
1 103203 1764
1 140173 45653
1 195168 176297
1 159161 126286
1 118047 71345
1 136907 27171
1 95664 31325
1 55717 55709
1 8328 79383
1 4919 27564
1 172457 75811
1 37073 1817
1 165969 189096
1 24553 36526
1 173155 2495
1 194410 132644
1 46738 99515
1 39165 184526
1 188693 26873
1 117596 119107
1 171527 47017
1 131092 193489
1 145629 84382
1 126874 134816
1 137101 141970
1 120977 62564
1 123453 27901
1 179738 43719
1 141994 110744
1 78110 176405
1 46169 114669
1 11800 61482
1 39939 181473
1 199206 118938
1 155069 62020
1 12241 126559
1 71589 53015
1 94363 132807
1 69844 160095
1 195208 53407
1 82496 29481
1 109039 105562
1 103088 125470
1 112131 152198
1 20517 96010
1 26781 192626
1 50374 38439
1 149900 162456
1 182477 43695
1 7776 57041
1 198321 144801
1 167667 188025
1 68371 73299
1 85112 104031
1 109485 95480
1 117704 75569
1 93495 94004
1 30570 185704
1 45787 1758
1 171363 6640
1 114524 140309
1 25919 43163
1 51905 81926
1 47838 3782
1 74440 69756
1 96514 187723
1 120393 62953
1 183959 85096
1 70120 195315
1 4100 151344
1 165248 193027
1 1457 173168
1 62092 143050
1 114266 155749
1 92566 88084
1 77139 114012
1 191589 12113
1 3355 82665
1 173603 128034
1 96677 34444
1 37708 1441
1 114405 84064
1 86430 162803
1 79320 8966
1 114364 147410
1 166551 116561
1 28901 180822
1 147933 28724
1 47829 155715
1 100246 157352
1 113018 83737
1 85354 115234
1 199962 100760
1 182730 113908
1 91074 113810
1 72826 67650
1 44017 88437
1 135776 171432
1 63174 68952
1 166668 76842
1 73320 178502
1 165704 192476
1 35060 43657
1 138913 157715
1 11244 40889
1 124662 2763
1 26269 20676
1 80897 142106
1 38353 151424
1 10147 7828
1 154295 92462
1 196597 112576
1 117648 94737
1 170252 69244
1 76891 145200
1 128651 172588
1 175170 191655
1 184303 91240
1 157957 124661
1 169047 182182
1 41960 85825
1 83731 97381
1 78489 167534
1 101167 66204
1 174244 51873
1 45887 42530
1 87898 188752
1 165549 148318
1 15359 79885
1 34176 54258
1 153523 141394
1 132334 197860
1 148259 92495
1 70502 176589
1 143153 183345
1 80279 69701
1 79840 4214
1 197765 3342
1 155844 76015
1 126221 25344
1 141162 84884
1 52278 73908
1 92484 102989
1 74618 106037
1 59415 58112
1 59925 91300
1 147752 145047
1 33933 88426
1 28579 9875
1 194562 150435
1 116814 49303
1 15928 183624
1 57582 5805
1 19235 98014
1 43064 195358
1 139506 70238
1 163131 15408
1 71199 82788
1 30603 133312
1 43893 196379
1 102064 22082
1 188578 153384
1 186576 22486
1 96447 25878
1 7195 75598
1 111582 142466
1 127222 72828
1 20947 166856
1 106345 161217
1 30662 77293
1 21772 142995
1 134263 72398
1 185775 98958
1 14546 142856
1 166729 134911
1 72566 132009
1 98147 156268
1 83712 177496
1 178949 12776
1 120733 39488
1 47585 11541
1 79888 43458
1 72383 192314
1 160320 101979
1 65257 63304
1 118469 34515
1 16728 198823
1 53236 151144
1 27870 32710
1 86313 121082
1 38228 1698
1 197780 89592
1 12742 89238
1 37767 114890
1 139550 169956
1 140543 4800
1 167503 26179
1 86384 155643
1 103363 7081
1 57878 88859
1 144646 114522
1 183545 4264
1 105075 77810
1 171072 83588
1 27104 40111
1 166969 142417
1 108614 169730
1 182568 160414
1 172275 81688
1 182350 28568
1 155187 44643
1 6971 70511
1 40251 49646
1 74071 195846
1 183448 15585
1 73197 173598
1 197720 138129
1 76537 101957
1 37559 20939
1 188660 179835
1 70989 83234
1 93533 87141
1 87413 137079
1 96393 169781
1 121024 47304
1 87342 171481
1 12956 37373
1 113068 57891
1 162751 28462
1 4893 6201
1 26840 172089
1 6942 103486
1 104375 70530
1 163806 27776
1 112763 100747
1 170471 120355
1 101885 175222
1 155819 39501
1 147771 59352
1 184272 73940
1 41095 193537
1 12862 124581
1 9393 126281
1 680 50357
1 125298 94044
1 162329 105773
1 113562 123273
1 14657 65298
1 29243 60999
1 89408 1778
1 135703 147465
1 183922 126101
1 133640 125764
1 141115 29411
1 71727 27390
1 86037 27026
1 62687 198041
1 97175 196308
1 186634 133663
1 2504 141950
1 180971 190224
1 5796 192443
1 114165 13034
1 91181 184497
1 80125 158840
1 81846 45684
1 19619 199070
1 46508 102314
1 149382 131812
1 126246 93950
1 26729 108160
1 129583 6089
1 87520 71144
1 50320 150718
1 122687 111641
1 153763 107476
1 125956 24673
1 103957 36921
1 116355 156596
1 107707 41269
1 43347 169325
1 76569 190236
1 127671 145058
1 17518 38456
1 194832 88877
1 189124 90294
1 184321 40247
1 91062 65552
1 54754 156104
1 79746 40379
1 45352 61580
1 124113 171921
1 44052 34216
1 181381 162817
1 106779 110846
1 33091 189621
1 71830 79485
1 37120 129028
1 146156 39276
1 193168 149785
1 86012 73655
1 91500 133731
1 8271 91195
1 70339 128703
1 91516 64334
1 47365 162403
1 89821 38099
1 134700 105612
1 160755 137276
1 10699 138601
1 18261 89569
1 38235 27529
1 91679 62528
1 104644 133826
1 6872 184980
1 24745 105060
1 33316 36827
1 36599 168605
1 55979 38243
1 83438 9582
1 64328 49365
1 115888 104654
1 88439 183364
1 115850 170652
1 87929 55094
1 65792 20875
1 87369 197748
1 71326 36873
1 37700 59855
1 197116 199728
1 139092 113140
1 110929 159409
1 39518 153393
1 20092 115389
1 81453 161991
1 270 137525
1 142558 56434
1 84828 41428
1 52556 2871
1 93187 178395
1 3262 53166
1 197692 172350
1 106576 83984
1 76962 168909
1 59359 144898
1 71361 25893
1 38393 33889
1 124386 121175
1 47556 145360
1 724 157465
1 76077 76672
1 144828 174444
1 190740 74880
1 95520 138765
1 40565 14853
1 62448 104544
1 173978 35515
1 182550 64281
1 23232 74700
1 198848 187885
1 45895 87280
1 100907 153529
1 196829 173302
1 78577 140528
1 117676 111697
1 166550 53770
1 183619 41766
1 149648 184491
1 54979 197909
1 170261 125458
1 134923 35654
1 196265 259
1 141029 129205
1 66791 182646
1 176562 45761
1 94607 4929
1 83667 87602
1 48785 121732
1 77018 130184
1 183065 19219
1 158896 37643
1 177179 65065
1 155847 18192
1 114720 41290
1 112387 18441
1 99666 138169
1 9828 152529
1 4101 6748
1 11832 84214
1 65030 7020
1 49406 30663
1 42280 162529
1 2781 85343
1 118731 102237
1 6342 32754
1 47536 167640
1 92839 4823
1 100283 129292
1 75538 24343
1 79879 161634
1 67820 139573
1 11568 105052
1 56666 100095
1 159004 20547
1 21225 195475
1 47436 148179
1 84605 48245
1 98658 188326
1 9852 59728
1 175091 199710
1 27899 99850
1 80782 96023
1 25385 181517
1 101261 35853
1 157370 115346
1 185691 147977
1 199383 44273
1 33542 76049
1 169156 23655
1 106184 72464
1 179601 107431
1 184208 94531
1 11013 133475
1 35670 12326
1 55752 193820
1 83998 134175
1 103184 196712
1 149132 90216
1 82062 176836
1 86121 194498
1 64985 144602
1 85109 11544
1 31194 127380
1 64941 114162
1 158970 177698
1 167710 116379
1 133705 51143
1 53419 16148
1 11312 10219
1 97243 181819
1 78937 111580
1 122855 13878
1 163548 145190
1 96002 99300
1 164334 158996
1 107752 190853
1 64325 81799
1 196204 70888
1 182223 39799
1 141757 115669
1 174035 165959
1 55545 146684
1 70567 101518
1 91765 98975
1 82964 53922
1 169354 10939
1 78471 153576
1 64292 167292
1 18297 32153
1 160647 137249
1 6817 74775
1 189474 8429
1 68952 113200
1 9177 146191
1 42124 39345
1 147341 183188
1 169193 97903
1 106351 15500
1 144261 82194
1 57477 164794
1 191499 62947
1 9339 178048
1 60906 133207
1 148589 48137
1 151486 191387
1 88435 132536
1 150527 122786
1 14831 26065
1 146216 5038
1 66067 78055
1 52459 25115
1 61878 60166
1 179539 144050
1 180440 63073
1 67385 156203
1 130867 116862
1 198572 176004
1 33925 41696
1 87386 50497
1 165723 186293
1 128643 127748
1 61280 81602
1 179040 48784
1 140325 78091
1 58127 144280
1 97971 100167
1 85058 161485
1 119503 21827
1 151657 29479
1 48077 189333
1 125213 75186
1 69336 11715
1 159246 151901
1 40065 105333
1 91759 129664
1 75846 170521
1 114656 148844
1 100132 101653
1 154396 34487
1 114271 189746
1 152676 31879
1 174032 2246
1 70763 186334
1 93617 132835
1 32835 14438
1 32166 57150
1 87752 130495
1 56908 106402
1 31755 23367
1 174854 35606
1 191361 139241
1 152389 64075
1 6381 127786
1 144215 135563
1 34123 176815
1 84787 85342
1 160383 13906
1 80772 12542
1 137213 28454
1 11187 179774
1 129209 39048
1 64954 121846
1 75346 100073
1 135910 97265
1 47546 134938
1 196653 173210
1 50281 145431
1 103856 40549
1 125506 106006
1 132114 20538
1 60166 159569
1 171898 26279
1 42232 70290
1 74404 98886
1 28752 80958
1 113390 53868
1 22051 39589
1 192610 112979
1 77203 88713
1 117951 94282
1 69235 93293
1 163405 178651
1 62333 120736
1 158369 106493
1 166968 109193
1 92524 122300
1 191907 24565
1 32011 48293
1 145447 112286
1 175242 71542
1 74172 184830
1 145466 97733
1 83802 192405
1 156597 167535
1 158370 81334
1 48751 133060
1 136270 106393
1 35135 187184
1 66647 87964
1 24365 111021
1 50405 121243
1 126078 4903
1 196924 35378
1 105022 64880
1 80868 4687
1 111054 115046
1 35225 28989
1 94958 11105
1 33716 179502
1 53132 106145
1 165657 521
1 22029 145078
1 111331 130485
1 64026 138545
1 30797 23844
1 193327 195468
1 46946 140131
1 107232 153365
1 16231 146848
1 100141 157024
1 118471 170685
1 64519 91182
1 32447 16212
1 38371 86168
1 15562 147723
1 116158 89408
1 151632 7578
1 81585 91130
1 7690 93850
1 45175 41782
1 55609 157328
1 129789 106225
1 60104 97082
1 1641 191133
1 150078 179801
1 145006 10830
1 30440 18239
1 164366 59430
1 32518 108762
1 175920 35906
1 59381 175426
1 82724 55078
1 195677 47168
1 143604 17447
1 29339 35999
1 78318 192343
1 88305 6583
1 75375 61814
1 23597 186807
1 188018 37655
1 28951 87730
1 51801 55632
1 151263 35310
1 170362 166822
1 30278 20584
1 167150 185848
1 62219 66796
1 142422 149354
1 24601 53587
1 162862 119253
1 48431 74589
1 20886 31277
1 149775 53746
1 130526 125298
1 6955 190131
1 112018 25499
1 158860 183558
1 78663 12351
1 118405 179169
1 193700 25094
1 30103 198806
1 86388 12752
1 98150 133792
1 167083 57892
1 43548 184557
1 167542 144412
1 100060 176108
1 43144 117198
1 189098 22040
1 126754 38269
1 58456 137541
1 63266 56001
1 123636 107
1 195919 90548
1 151984 87537
1 186276 150943
1 184338 60155
1 163931 137060
1 104733 60726
1 4924 127916
1 147390 20259
1 160101 82195
1 66683 85667
1 31387 98387
1 88666 87682
1 134674 158895
1 119758 81606
1 174586 42657
1 48103 82297
1 23050 72325
1 122361 108533
1 112785 183559
1 83981 90224
1 68282 95306
1 52807 55944
1 103328 111642
1 129496 62096
1 181458 166229
1 157029 49370
1 116456 139797
1 132663 141959
1 92039 28064
1 111908 68302
1 80689 28051
1 7869 40073
1 33296 60364
1 7801 38278
1 168708 82135
1 191521 66828
1 40234 180892
1 98942 195179
1 18928 182598
1 38912 179657
1 70870 147255
1 163824 152747
1 16839 139242
1 191384 104896
1 57688 29736
1 162929 81908
1 103391 121135
1 119054 165043
1 79800 160096
1 185414 161467
1 138324 160552
1 79143 84584
1 173507 181104
1 172697 3642
1 117251 64201
1 132624 41961
1 68553 81042
1 160502 179115
1 172879 5675
1 2328 123525
1 45086 77343
1 38799 31697
1 88349 61646
1 5682 161294
1 24155 39640
1 51834 4078
1 176154 109584
1 143285 50075
1 136668 72032
1 37616 126539
1 23474 12153
1 91934 45062
1 1154 107454
1 159118 121845
1 105816 62961
1 6284 70125
1 133937 6686
1 105749 75132
1 27331 9350
1 113537 17843
1 70096 65806
1 165100 120820
1 35053 68585
1 177125 24190
1 37774 36995
1 79643 108854
1 195540 73711
1 90244 15416
1 12570 183187
1 114575 127327
1 185275 72403
1 183437 61009
1 152872 22459
1 67419 1230
1 125544 25840
1 118291 179193
1 50416 67417
1 65459 83047
1 50982 118345
1 163470 108008
1 8048 100145
1 164210 154516
1 85186 94404
1 28889 95128
1 67048 55658
1 114515 34177
1 56016 158312
1 40051 60296
1 196571 144271
1 114297 29790
1 91941 154533
1 22656 33081
1 120147 137425
1 113513 158623
1 49692 125322
1 60167 192882
1 79259 53890
1 72525 52413
1 36052 128398
1 70580 52414
1 85188 178393
1 106033 81908
1 138542 54218
1 16598 146795
1 9379 113139
1 91399 112389
1 182930 190907
1 180512 135370
1 22096 171662
1 16805 166963
1 141992 181891
1 21610 76532
1 142183 124174
1 156036 97160
1 4385 87655
1 172399 137089
1 193608 105018
1 76865 36240
1 53038 169296
1 99343 50577
1 197912 156413
1 53341 128282
1 121542 125836
1 20620 33349
1 110975 133672
1 147839 110332
1 105250 128396
1 80590 62469
1 68715 169453
1 131375 143630
1 36610 805
1 49889 195706
1 172106 117027
1 115163 186732
1 85799 143122
1 154164 68499
1 194641 116039
1 168083 73718
1 166297 14126
1 84698 38082
1 114362 195127
1 82447 105234
1 113185 84861
1 49483 42238
1 94975 156535
1 109734 185702
1 47182 176930
1 45602 62912
1 51618 138414
1 134935 143073
1 144946 185128
1 160606 96712
1 33447 63591
1 198594 52785
1 5028 159419
1 135140 121496
1 85718 93651
1 43629 162700
1 30718 156526
1 77049 75318
1 192508 184388
1 41729 184297
1 146142 53749
1 81290 34540
1 137257 127985
1 172109 99910
1 70375 154922
1 147750 52105
1 151409 567
1 199552 189474
1 9343 47946
1 34624 138080
1 199150 63380
1 46257 197762
1 132752 79863
1 161904 110150
1 89658 143276
1 195993 35311
1 89097 196278
1 113841 58902
1 39735 62470
1 91413 123828
1 73821 172080
1 31650 156142
1 91208 31502
1 101799 136162
1 46593 76339
1 45640 75505
1 94999 79314
1 35123 177421
1 80048 172528
1 19656 136965
1 144016 8455
1 186116 38607
1 179496 192188
1 176687 35349
1 31011 143108
1 121415 161346
1 127469 47570
1 86124 46158
1 29380 129668
1 41869 164936
1 2371 175182
1 86930 66724
1 149996 113574
1 129931 64517
1 16757 149233
1 137817 70604
1 170327 40622
1 2780 138913
1 177107 13857
1 183964 146497
1 98629 35331
1 75003 67401
1 184174 43304
1 138971 141890
1 160572 29105
1 184395 172909
1 183196 136627
1 45624 187664
1 37571 81254
1 83474 51905
1 114872 108690
1 5756 38515
1 98086 1271
1 18999 68862
1 6625 60348
1 78929 7796
1 42807 135323
1 135050 29729
1 167288 147274
1 28743 137953
1 162505 127596
1 4154 29545
1 136357 96698
1 4689 146894
1 193972 120236
1 144478 99930
1 193617 119595
1 180487 55953
1 6934 69692
1 151215 137470
1 11947 124453
1 93924 182659
1 46734 114916
1 109130 75489
1 178213 157329
1 68423 149828
1 172098 114639
1 172657 105683
1 160501 171451
1 148917 39670
1 50200 158798
1 16456 11240
1 105047 27541
1 101331 176574
1 36159 59603
1 174427 151416
1 91912 186740
1 47022 74313
1 105253 100278
1 68116 131489
1 108939 134995
1 189109 771
1 72703 498
1 21255 84995
1 81445 73294
1 4988 84127
1 30791 123174
1 100969 89986
1 180963 196518
1 100793 6740
1 99576 163094
1 150226 94981
1 183761 83266
1 147144 94363
1 180498 90409
1 126785 150587
1 12034 67945
1 158312 187509
1 102618 179563
1 21462 169426
1 25677 137099
1 179134 6561
1 100248 48970
1 176215 166592
1 165900 186488
1 187535 86696
1 99289 18395
1 158062 2301
1 154525 63397
1 67144 28116
1 69933 3221
1 12072 83141
1 182947 126700
1 186360 161202
1 44969 114259
1 15477 106392
1 19588 129546
1 106195 146262
1 183716 52244
1 128684 54651
1 184235 161185
1 124399 70485
1 84347 8764
1 23302 170551
1 32581 62006
1 90696 113098
1 193039 19794
1 88480 137367
1 186758 182130
1 135805 93779
1 160004 14082
1 124604 42668
1 158819 37220
1 15571 140819
1 14722 106651
1 148095 35083
1 143959 108923
1 4847 117297
1 13750 130960
1 177458 51083
1 11041 64333
1 69150 12821
1 19536 83257
1 77379 145034
1 50498 37077
1 5840 188080
1 124932 134480
1 47427 13671
1 33921 113583
1 214 106803
1 184139 149111
1 189735 113415
1 165353 164700
1 140521 177236
1 37153 5551
1 181578 146834
1 184840 196419
1 157860 96206
1 108295 174496
1 180712 130613
1 77487 126316
1 157383 159584
1 117249 105622
1 168354 179040
1 99319 151748
1 184244 79371
1 186007 53888
1 74814 21896
1 75640 134750
1 72116 107607
1 86293 88433
1 184998 9124
1 38162 32814
1 21425 151309
1 151309 11104
1 187238 6193
1 155751 63502
1 57787 41916
1 130770 191402
1 6577 37680
1 113500 93436
1 39301 147190
1 51901 34638
1 170651 119141
1 69917 85912
1 74984 194386
1 119914 194286
1 190942 194776
1 71768 143784
1 91613 22377
1 187129 102930
1 76375 142038
1 6016 24405
1 11524 73179
1 34192 60774
1 193224 10671
1 161673 99885
1 73442 128394
1 111637 8633
1 177110 35895
1 112368 128290
1 68764 75868
1 105079 79102
1 164810 49031
1 185010 144903
1 74496 135419
1 80996 34636
1 81362 142331
1 129874 123352
1 65019 37654
1 1682 7264
1 159359 121396
1 117078 39985
1 113761 47135
1 189240 71001
1 177607 181909
1 179720 143764
1 93354 99853
1 136468 162617
1 190595 58312
1 145975 93477
1 11058 15898
1 113189 72936
1 29935 31161
1 54966 157743
1 122358 21957
1 169777 112754
1 20271 151639
1 72346 50975
1 35484 119183
1 188926 166278
1 177990 194520
1 139710 9030
1 121449 25727
1 120282 121719
1 103391 177332
1 38208 107993
1 168651 158687
1 117461 82109
1 195974 148583
1 7747 164914
1 27599 152831
1 196868 15219
1 13166 37298
1 155054 191631
1 182889 111151
1 114302 157528
1 109035 65368
1 78249 62608
1 7729 16968
1 69793 185616
1 61559 22819
1 68005 183739
1 39971 151138
1 33676 191586
1 104815 64478
1 100306 123193
1 4828 152860
1 3300 54778
1 130901 76314
1 172649 93080
1 192098 35738
1 102481 104679
1 103438 8108
1 65698 146762
1 159322 118272
1 185216 92444
1 103460 199660
1 35581 86051
1 74642 105402
1 63713 48049
1 163907 87605
1 142075 151516
1 37239 170549
1 167720 175649
1 9917 78506
1 7779 197844
1 103965 167717
1 2447 60428
1 164552 54701
1 68288 52876
1 154813 26496
1 154448 108788
1 19644 123687
1 58144 85672
1 193712 191999
1 22829 4993
1 117656 78021
1 35029 2803
1 77879 158050
1 157545 65407
1 194748 128567
1 79478 145050
1 198132 5547
1 172815 46301
1 175791 23090
1 196380 18734
1 169392 15391
1 48360 172974
1 42201 186733
1 87271 100516
1 80021 96266
1 66311 79786
1 125319 147366
1 75961 184023
1 184051 123642
1 126079 30316
1 151212 172444
1 152056 187138
1 49342 162242
1 158057 51955
1 142236 181972
1 117326 100104
1 55180 84982
1 28065 99940
1 71185 171990
1 118442 47918
1 131481 59443
1 4808 177924
1 13225 106735
1 38462 72862
1 28613 32022
1 4033 58624
1 6692 23663
1 186625 172836
1 98067 176578
1 17462 84519
1 104104 112618
1 70957 45683
1 150378 94045
1 136723 26732
1 57790 195961
1 6784 85343
1 72085 84945
1 16071 66791
1 73812 3897
1 193981 149729
1 135876 175950
1 45256 35219
1 167227 31240
1 102186 67992
1 57803 198468
1 94862 141968
1 112105 197261
1 5650 104325
1 75360 153323
1 123733 176480
1 55799 167855
1 118082 149517
1 27487 81277
1 56413 68395
1 93474 6299
1 62606 146617
1 149576 74361
1 88363 180733
1 17099 70401
1 49227 32695
1 65214 20832
1 43016 136389
1 9209 131029
1 50644 182552
1 14087 188601
1 38335 25174
1 175636 90064
1 192455 141073
1 35473 167311
1 87394 49832
1 134377 47406
1 66312 17916
1 107689 125743
1 39171 94806
1 106411 142063
1 71547 157975
1 153860 3373
1 75901 100384
1 63022 59481
1 55052 108482
1 106488 165854
1 98154 83688
1 93548 128498
1 76712 197059
1 143681 149342
1 161261 95863
1 100483 154057
1 118531 20292
1 153279 9353
1 1896 17655
1 16755 96172
1 73811 49361
1 135861 39620
1 24836 140344
1 193762 186033
1 139153 137437
1 159050 132211
1 84590 126893
1 79065 61040
1 45181 197372
1 182089 26306
1 16342 136878
1 133767 52677
1 171352 94887
1 129890 83295
1 157233 145590
1 120379 82064
1 6954 41086
1 136233 72444
1 12278 42468
1 183276 170551
1 110652 78015
1 58068 197776
1 176674 150461
1 18162 157472
1 135005 155346
1 115584 66388
1 199734 106982
1 91532 156025
1 132383 172223
1 22250 22472
1 94326 107180
1 60955 59571
1 179417 116468
1 6776 111406
1 25642 49854
1 170595 103104
1 92836 59138
1 144944 172044
1 122015 95728
1 139663 79131
1 33184 191774
1 8893 96108
1 35173 83000
1 163244 24958
1 171695 49315
1 42928 71389
1 118544 93106
1 42731 106348
1 196791 159372
1 143162 181937
1 89593 190557
1 5281 199399
1 63458 188541
1 128181 24703
1 125565 197918
1 11977 8312
1 182112 149177
1 61978 67809
1 68090 25210
1 91710 176428
1 178593 76651
1 21578 37749
1 8407 10654
1 124099 98771
1 57309 108831
1 113480 68638
1 39611 131609
1 165949 6657
1 62990 164936
1 124155 189378
1 86419 53471
1 79926 7248
1 149298 63098
1 185198 126540
1 2894 64838
1 168346 183130
1 141388 15343
1 50385 15657
1 143202 151562
1 157947 44865
1 100579 43716
1 70520 102861
1 5767 195338
1 183631 130793
1 55743 98490
1 124762 58413
1 15097 180491
1 131119 9658
1 147505 28280
1 109585 186948
1 38073 48242
1 90264 46113
1 99465 84806
1 90654 184593
1 10 41228
1 14252 36494
1 167712 114706
1 72676 192789
1 21430 122057
1 195183 82229
1 186062 90797
1 94762 108695
1 46216 47226
1 160012 169871
1 143346 171725
1 116059 167010
1 68946 175320
1 172368 111896
1 23472 185930
1 70023 72196
1 130471 52350
1 127020 190865
1 25260 52963
1 31138 42639
1 169183 29804
1 12853 119677
1 138834 5752
1 28163 189849
1 69848 31492
1 21862 116134
1 50256 46736
1 177700 180542
1 102577 112975
1 70042 119448
1 176856 17427
1 30822 191322
1 34000 12919
1 56724 198051
1 14176 96782
1 148300 69522
1 73051 30540
1 113913 36059
1 76708 13940
1 163773 182155
1 1792 123393
1 10067 16344
1 173281 30681
1 164228 58031
1 24495 11439
1 5390 16504
1 128793 72951
1 134226 147693
1 40989 165647
1 171005 7707
1 167700 27883
1 190008 193207
1 126593 72641
1 154708 84132
1 110171 173495
1 155056 75460
1 105369 127370
1 38701 113533
1 100413 132160
1 101843 138701
1 146532 153935
1 144581 154833
1 106125 151439
1 101602 66642
1 177895 69342
1 20861 186514
1 135520 161938
1 165504 31637
1 131050 44004
1 76636 163187
1 64016 104858
1 178996 43356
1 134970 128757
1 43530 140908
1 140478 12445
1 41066 67249
1 70759 119561
1 10261 13627
1 101577 198707
1 159088 16164
1 195270 176700
1 197678 79967
1 64410 74267
1 130555 59909
1 78190 141579
1 141290 7069
1 94811 144181
1 135265 47020
1 150588 11996
1 121476 185854
1 45369 87496
1 150623 69619
1 190353 126964
1 100311 167885
1 170728 110267
1 66259 90809
1 56849 199041
1 94247 152859
1 73245 72990
1 171905 135519
1 97892 162896
1 78871 137213
1 162579 120097
1 156112 139980
1 98295 159253
1 90865 165386
1 115656 117529
1 43531 26986
1 76601 135848
1 58852 97120
1 154816 134592
1 159523 32937
1 121633 123973
1 141503 104094
1 167615 140211
1 4650 144122
1 33573 127369
1 22265 91689
1 75793 47348
1 162903 174419
1 32642 132474
1 131883 187305
1 60355 191336
1 27719 134063
1 180216 9085
1 151698 18507
1 31785 78808
1 84728 51085
1 195213 77536
1 23184 80511
1 163800 3634
1 157710 44270
1 18824 128656
1 159914 103609
1 63404 174215
1 55056 30874
1 96885 22753
1 61193 138482
1 75202 159629
1 28713 1946
1 157734 97996
1 184059 21415
1 9660 40925
1 81386 91580
1 83310 100650
1 85489 26199
1 100738 58483
1 22597 27220
1 132966 3964
1 42752 121094
1 153021 35443
1 113937 95800
1 7466 144996
1 10659 130622
1 126491 24928
1 151627 79874
1 2906 83179
1 89589 101963
1 30161 96101
1 70993 160016
1 180507 98811
1 33338 22461
1 108370 54607
1 199079 188164
1 138902 151972
1 133013 11176
1 731 70863
1 15284 6726
1 196150 83034
1 177425 156773
1 120937 155322
1 132611 183167
1 124781 127731
1 171930 169872
1 181567 27978
1 5317 63646
1 17389 188523
1 186499 132234
1 101283 166428
1 26316 162582
1 188529 56354
1 198208 60150
1 81119 88690
1 94416 125275
1 163060 131099
1 38763 89406
1 191106 183921
1 84203 28714
1 5238 34941
1 164801 153997
1 149086 78499
1 11230 93248
1 51004 102547
1 159332 12373
1 42506 89076
1 163980 183392
1 108174 151693
1 77785 168777
1 168800 31158
1 132092 91408
1 12089 82367
1 78793 48802
1 68927 198879
1 169882 125019
1 51597 143583
1 168066 197595
1 175176 53191
1 77685 119438
1 144671 151305
1 48245 93431
1 104226 130285
1 72639 141117
1 192646 96893
1 170615 120312
1 8375 100338
1 176082 27197
1 170976 92254
1 114883 157608
1 148535 199066
1 11432 32233
1 57612 143858
1 54517 188882
1 91026 87120
1 138528 74080
1 139759 198119
1 32206 81607
1 65025 63073
1 7102 54851
1 156209 586
1 187892 139996
1 190780 34301
1 125993 50425
1 148543 62160
1 29681 53033
1 32451 14076
1 163501 29997
1 96393 158031
1 177778 69449
1 122135 77781
1 105592 156877
1 34371 178051
1 105863 74526
1 91583 21926
1 125087 99978
1 39462 147660
1 151143 81421
1 165894 32113
1 47513 78941
1 58286 189293
1 193067 137596
1 39290 603
1 92289 101054
1 177692 186317
1 165649 167961
1 103341 22574
1 140310 174317
1 40372 68663
1 142200 72852
1 72181 22038
1 111868 124716
1 116414 59035
1 142184 84514
1 171950 193317
1 92474 99200
1 10118 61837
1 69258 166330
1 144373 161233
1 85244 157429
1 65630 46147
1 17962 122649
1 74412 91059
1 93584 25177
1 24857 70874
1 24122 43968
1 124667 138120
1 160875 131902
1 170128 150096
1 106127 126579
1 194571 167793
1 181412 147003
1 64671 107208
1 138788 16186
1 139851 124469
1 23926 20202
1 41319 37451
1 107541 17762
1 154285 53564
1 82304 175657
1 166219 171203
1 171683 18683
1 75688 160084
1 89606 19610
1 185205 133185
1 12021 29593
1 114102 196141
1 178479 183781
1 81680 22134
1 27410 141461
1 180309 40159
1 198279 13876
1 182670 141884
1 26794 169867
1 9096 183201
1 85308 190132
1 46114 20044
1 175693 25884
1 175061 193810
1 145443 134424
1 105604 162567
1 16816 111468
1 120134 107506
1 95283 17943
1 87986 49904
1 79341 120099
1 182315 30887
1 95175 180843
1 64107 63214
1 125121 107693
1 144404 96954
1 7774 133587
1 16693 150796
1 111118 21628
1 154777 136089
1 137564 147216
1 191958 109499
1 137625 154243
1 83924 177494
1 168328 65257
1 142684 105100
1 49163 76155
1 35684 80101
1 181326 126760
1 8088 8121
1 142707 128096
1 108394 135839
1 93821 178269
1 79324 161371
1 183488 102643
1 30861 196163
1 44424 46169
1 80643 43443
1 192329 149815
1 148280 40690
1 162695 148082
1 124647 182372
1 85126 164470
1 27480 45809
1 180725 196739
1 85802 162741
1 129366 181307
1 98145 28329
1 162673 1259
1 199472 82897
1 82297 129816
1 11337 176936
1 137215 104459
1 135394 93512
1 185750 100895
1 136393 172894
1 5510 111883
1 121067 32462
1 125813 60011
1 1377 20067
1 142418 44307
1 74044 146682
1 186819 125463
1 139218 100974
1 93458 33940
1 192265 190150
1 86163 129859
1 186916 105374
1 5657 123967
1 141515 50643
1 124057 47252
1 171552 58995
1 148894 58827
1 107711 159012
1 86320 127155
1 90260 32147
1 160510 19441
1 178276 93984
1 2707 52427
1 57748 16584
1 68152 113329
1 38847 39442
1 123749 121293
1 60662 31102
1 70574 8653
1 134936 108395
1 22571 99758
1 6868 111815
1 135976 98698
1 105211 29500
1 176718 100517
1 156940 89241
1 53138 165045
1 176314 71679
1 72412 80048
1 172736 123405
1 134779 38426
1 177448 62669
1 132551 115790
1 120728 180256
1 128918 89228
1 85598 13671
1 82467 186308
1 4670 24820
1 128379 173602
1 120697 86704
1 196393 121114
1 172959 109774
1 186788 55606
1 39575 163823
1 3576 22877
1 101422 161047
1 139571 198950
1 87263 175888
1 139409 41373
1 149794 152924
1 72489 137365
1 145976 178209
1 5080 23278
1 155765 131344
1 171374 65001
1 3982 36311
1 67672 115434
1 113061 34120
1 40398 74700
1 177363 4872
1 3518 88107
1 148597 184572
1 52344 4525
1 31098 171313
1 29659 41939
1 50859 44107
1 28159 90239
1 160124 113776
1 94820 52614
1 170130 89973
1 70939 3639
1 166805 82505
1 108851 62956
1 70199 82784
1 136295 129552
1 164805 150563
1 188678 31473
1 170798 197078
1 180450 194057
1 11665 70345
1 45181 11463
1 112652 69891
1 85424 122595
1 180738 171948
1 112286 55969
1 135596 76986
1 39129 167141
1 66339 62942
1 43282 89144
1 199981 191983
1 152518 115098
1 127622 173142
1 156327 136457
1 49008 67068
1 69577 178959
1 61502 131249
1 21903 121170
1 103452 152670
1 119124 164696
1 101283 8237
1 80286 154586
1 175772 42935
1 196351 27147
1 70675 186926
1 18381 181736
1 84318 36171
1 156997 165121
1 99437 164091
1 175291 23048
1 69332 84869
1 838 111578
1 8918 173503
1 106345 72716
1 70324 164146
1 195972 72759
1 119287 99723
1 186811 196231
1 135162 86531
1 24551 126848
1 156027 139665
1 88124 181585
1 185443 56334
1 88507 112478
1 170131 107688
1 43673 57672
1 55473 12747
1 138223 137984
1 48052 103053
1 128227 179468
1 166380 191833
1 19094 56536
1 150485 38814
1 78799 116288
1 95965 176760
1 79016 93149
1 101427 179551
1 64952 35022
1 77651 151823
1 131520 149640
1 32015 76407
1 33049 141985
1 40352 127973
1 37981 16921
1 177069 145010
1 198613 47338
1 154523 193770
1 131492 134482
1 102102 135358
1 55218 1118
1 84894 91181
1 77338 41017
1 4756 148400
2 41261
3
