200000
1 174869 122887
1 85690 97812
1 12755 103001
1 196606 14727
1 88418 24925
1 55302 169625
1 31348 54068
1 174914 109972
1 46039 147523
1 150658 20734
1 40968 107258
1 124715 61050
2 63446
1 48101 157563
1 122323 75899
2 12946
1 194785 45223
1 88391 130670
2 53525
1 104111 123964
1 17365 31526
1 85062 83005
1 150581 144354
1 193081 170307
1 84765 124058
2 126719
1 104123 115891
1 157776 184161
1 63357 89945
1 63193 28182
1 80142 197157
2 107919
1 71570 41837
1 154392 21399
1 59680 129011
1 193577 8918
1 147102 175220
1 122823 99697
1 136787 190804
1 71914 59973
1 57872 131431
1 151472 13476
1 112051 49228
1 4659 185107
1 152029 88972
1 189993 31681
1 169776 13102
1 177216 1737
1 96204 46622
1 51770 119274
2 198218
1 176692 11270
1 176213 161337
2 48961
1 88 33752
1 91765 80776
1 89018 95706
1 87992 73643
1 149335 44388
1 151423 165572
1 137068 119572
1 75002 115688
1 51078 147957
1 74686 140962
1 105783 98016
1 87901 31150
1 187673 9107
1 838 26419
1 79687 40399
1 94879 41286
1 40281 199159
1 180769 2204
1 60639 91687
1 54452 88526
1 58721 78481
1 135627 147347
1 178709 147871
2 174209
1 1006 86433
1 64389 6005
1 54961 134354
1 75276 38179
1 63841 16284
1 6576 26500
1 52929 155156
1 60085 16359
1 63201 108204
1 136334 34320
1 122039 100398
1 182235 185425
1 56829 127291
1 172520 142504
1 68942 4164
1 16226 182872
2 199292
1 7070 113308
1 188510 49396
1 30242 22466
1 135191 104725
1 156212 134556
1 112035 174798
1 82281 162887
1 160710 124791
1 166072 3759
2 128494
1 106333 56528
2 80522
2 72256
2 175865
1 124430 91542
1 195187 173486
1 18424 167620
1 183800 156793
1 56952 155272
1 3183 3025
1 21409 111819
1 132286 183281
1 145278 150083
1 63535 189433
1 119860 82482
1 11239 144265
1 68825 143196
1 196389 66076
1 30676 182984
1 140414 49763
1 87158 150650
1 127768 101154
1 20696 165743
1 20068 107791
1 124533 171801
1 151008 57001
1 157770 164509
1 162316 144214
1 101676 54282
1 26028 45184
2 93481
1 65766 184319
1 140310 179299
1 104550 13502
1 58866 79081
1 61620 28312
1 134775 189655
1 43305 170219
1 49378 137008
1 121463 99590
2 106161
1 42187 184711
1 13474 32033
1 101829 138518
1 69019 119974
1 172782 79698
1 78263 87915
1 30200 188400
1 18344 7948
2 46877
1 195232 34365
1 60864 62424
1 12513 120508
1 199017 10336
1 77734 41469
1 79352 184872
1 79510 142346
1 74621 167508
1 55137 117877
1 70534 111357
1 11197 191481
1 43198 41896
1 192608 30997
1 64968 162946
1 171197 159269
1 53016 8287
1 50562 45121
1 106001 129332
2 159442
1 23668 63141
1 136579 44352
2 63554
1 89125 110395
1 3359 175624
1 160877 28651
1 71705 73335
1 29243 114149
1 165543 106934
1 55087 167272
1 152402 69605
1 196913 183936
1 164896 1363
1 105389 146912
1 134131 171134
1 141715 96509
1 62758 182922
1 41358 70318
1 153318 73860
2 52291
1 95456 52494
1 53601 49358
1 197462 19719
1 189851 59641
1 137085 90526
1 78182 19709
1 197566 152230
1 158328 16188
1 187842 131217
1 102426 60415
1 184746 177994
1 9283 150124
1 157708 116054
1 175224 94347
1 147311 811
1 176611 162426
1 77577 18383
1 75251 69102
1 117432 87413
1 65332 19373
1 54078 51989
1 18414 118536
1 55298 148298
2 119107
1 30293 20739
1 98423 32452
1 147120 68319
1 30946 37268
1 110754 116740
1 23100 88768
1 196949 37429
1 59587 23837
1 99182 145024
2 91032
1 188423 33895
1 29533 175929
1 71759 184560
1 130052 166652
1 31625 82695
1 54197 168015
1 93514 101142
1 118199 191726
1 114253 56781
1 38280 179238
1 134256 38080
1 10434 111560
1 51755 72387
1 179375 111280
1 159763 91396
1 48297 46648
1 31247 119848
1 11063 53304
1 55449 27178
1 96739 151424
1 119160 114096
1 60832 56791
1 174524 29039
1 189019 74357
1 197883 91393
1 149087 163838
2 164682
1 103556 71279
1 24419 130046
1 139317 121374
1 130465 1828
1 49656 192946
2 12739
1 24478 99033
1 168968 179858
1 49767 149610
1 163756 163958
1 136124 169661
1 107631 147276
1 144730 157666
1 189378 77958
1 188871 100450
1 179621 28098
1 48105 63484
2 151711
1 31155 15465
1 65761 54206
1 139247 157192
1 74669 87057
1 57423 118785
2 126365
1 4916 177089
1 4139 27731
2 54403
1 194018 127644
1 54351 76888
1 79311 137499
1 113103 102125
1 181460 193771
1 37650 68364
2 90148
1 196877 32218
1 120449 9745
1 106222 142671
1 106026 6246
1 152146 160762
1 194039 173895
1 64090 92992
1 77647 129548
1 72084 136992
1 131016 183003
1 98187 36398
1 152927 179141
1 180205 42386
1 129273 37154
1 45028 28284
1 72729 100015
1 64110 69353
1 40418 167272
1 147263 76124
2 138382
1 41547 39641
1 179860 71726
1 53870 181673
1 187657 16420
1 148200 78820
1 96381 88350
2 106362
1 188102 48972
1 121396 1473
1 40323 25541
1 132200 168053
1 178780 125190
1 124673 74147
1 198150 73049
1 43684 197927
1 180700 107726
1 61874 96045
1 176539 169881
1 72354 135465
1 82974 93166
2 180831
1 142205 138390
1 37114 82275
1 92881 57997
1 98215 51540
1 149247 121884
1 188373 161439
1 106370 99882
1 17278 118355
1 20910 117671
1 187640 190784
1 127243 45704
1 130224 125328
1 176239 197188
1 105325 182309
1 31322 120464
2 91906
1 79764 9111
1 193837 135828
1 42595 40080
1 100402 124878
1 121167 21105
1 98251 151393
1 124932 106753
1 142378 194177
1 9985 8445
1 159916 181085
1 11161 11382
1 123446 121119
1 103403 31597
1 99088 139363
2 172958
1 128227 198209
2 84318
1 65320 143376
1 182307 96916
1 125845 8587
1 73602 44680
1 123785 160546
2 192609
1 57024 86549
1 108935 14063
1 166112 68576
1 34855 82997
1 43317 75076
1 185306 120790
1 60854 57838
1 49138 8842
1 24840 133297
1 41377 110748
1 101488 83434
1 102802 76705
2 124439
1 125170 80521
1 100813 74244
1 190143 165118
1 162132 16725
1 118679 120246
1 131379 178815
1 126551 163428
2 81463
1 39854 169155
1 23950 81130
1 12008 152385
1 173273 82922
1 69086 15952
1 156443 125579
1 7956 158093
1 89860 366
2 85974
1 78851 191792
1 125561 177229
1 85628 43804
1 50939 93085
1 64624 150955
1 100437 28802
1 15002 194905
1 172359 151211
2 146396
1 149101 44991
1 78309 107997
1 169615 58961
1 50137 168802
1 145342 180027
1 79553 34796
1 107655 77655
1 159206 180497
1 138945 5024
1 141190 46622
1 47083 3817
1 17415 6444
1 20103 51803
1 176957 195841
1 35383 101423
1 113118 80298
1 23766 154476
1 11396 165654
1 33560 131426
1 150820 158005
1 132069 97446
1 69901 115601
2 45618
2 38293
1 45548 22065
1 64305 123018
1 157275 188231
1 130521 195931
1 145187 21170
1 43785 196950
1 85458 82213
1 148150 79487
1 169567 33835
2 183999
1 68502 97349
1 174013 186031
1 152489 199901
1 94711 92597
1 56363 175355
1 30439 126050
1 131099 47115
1 27771 25636
1 122791 165804
1 145412 164033
1 52654 103883
1 95321 121239
1 46773 24900
2 22831
1 99717 125416
1 182486 129591
2 164027
1 10917 186689
1 187568 77711
1 1044 15275
1 66655 25200
1 139619 131179
1 131335 28496
1 160934 20997
1 158064 174785
1 53703 149472
1 155482 184462
1 17438 50629
1 141821 105243
2 155791
1 91357 319
1 110163 19684
1 149151 182582
1 15026 10667
1 93693 55391
1 64320 109393
1 15548 29342
1 22968 110144
2 170193
1 92137 165710
1 18803 181306
1 137221 196773
1 172907 101022
2 167959
1 149588 120446
1 38386 110764
1 69548 155436
1 171058 117029
1 131939 63983
1 117578 193747
2 153681
1 200 1970
1 81410 62861
1 192864 120232
1 664 162762
1 10165 176107
1 164667 189938
2 158223
1 150640 168905
1 71913 121792
1 118 35437
2 124066
1 75696 88657
2 154386
1 158068 56612
1 164875 21610
1 47800 101156
1 22522 112078
1 59150 10786
1 190238 47103
1 145872 48887
1 62185 88953
1 137924 187417
1 70528 36242
1 25086 27488
1 45885 130190
1 189946 165947
1 159011 7749
1 181813 154541
2 44961
1 155554 51980
1 100242 194761
1 175659 20313
1 150707 14162
1 57126 177033
1 162582 169932
1 67943 6146
1 128402 3682
1 100079 188916
1 182336 50709
1 76456 113022
1 48153 167607
1 144225 58116
1 173075 125287
2 57867
2 36642
1 89932 154841
1 101667 111203
1 153235 152944
1 109286 89929
1 17517 39789
1 172465 188985
1 63427 72101
1 102256 35775
2 50428
1 19007 121024
1 73478 165746
1 109145 161800
1 14087 151600
1 185355 39319
1 95618 145584
1 100096 20415
1 173291 61843
1 101151 10481
1 89548 91297
1 182219 141529
1 128605 170498
1 38680 51324
1 131169 175293
1 36879 185169
1 135940 25967
1 57828 128093
1 123571 81743
1 65463 62738
1 47611 35425
1 79817 186921
1 90341 81847
2 125695
1 68435 82513
1 153830 181981
1 49598 53458
1 57017 164476
1 199398 176457
1 32075 42508
1 185955 137093
1 140933 14097
1 4726 143770
1 128141 31320
1 68798 158336
1 65693 23353
1 160186 113838
1 60902 51026
1 138753 116215
1 21284 151874
1 146751 117476
1 177475 114404
1 114098 189971
1 140273 75789
1 128421 175888
1 130884 102281
1 187819 50226
1 47566 4689
1 156767 27000
1 23359 110289
1 151130 192036
1 156923 163288
1 135413 110167
2 49916
1 178032 58881
1 128672 10986
1 144652 51523
1 13895 146744
1 96078 16885
1 175377 10946
1 43138 41530
1 120724 193189
1 160361 104352
1 189796 150750
1 16344 12060
1 188237 101606
1 156755 101697
1 198035 139405
1 138858 108866
2 106985
1 49064 76692
1 170497 186544
2 51119
1 47511 152623
1 155264 113327
1 84734 11048
1 35171 195955
1 147548 104524
1 13541 156409
1 168442 8008
1 71980 179567
1 4837 124909
1 49019 165428
1 180523 19217
1 111883 140237
1 137305 185515
1 179434 5861
1 36850 2026
1 138644 29898
1 27443 51543
1 181840 150884
1 36486 109163
1 104909 12152
2 93573
1 180296 136061
1 193215 152305
1 60191 125553
1 149536 180594
1 164171 35381
1 125611 169616
1 166403 162990
1 126788 20849
1 169135 5491
1 34548 30677
2 58275
1 122631 193611
1 30091 70750
2 86018
1 154181 127050
1 106295 164477
1 31467 39890
1 27747 55848
1 167484 171683
1 13539 148072
1 26234 194851
1 161485 47887
1 13479 182269
1 121133 141525
1 22211 99001
1 162214 43098
1 152903 170333
1 69575 95711
1 38818 27011
1 118381 95554
2 36723
1 82764 117849
1 64051 169159
2 57320
1 92627 165735
1 101446 144929
1 84267 45878
1 199410 100396
1 7149 14732
1 125149 75506
1 78796 44898
2 3065
2 62077
1 23830 105347
1 45517 140072
1 26378 193510
1 67102 53225
1 81918 192200
1 98264 139243
1 22001 178065
1 165876 59775
1 1141 105266
1 121289 183219
2 124561
1 50714 181189
1 96097 69404
1 194277 142061
1 166128 6487
1 116672 96022
1 75711 52043
2 64964
1 33604 99393
1 99793 23777
1 140047 123272
1 27323 117753
1 53158 150208
1 62465 30655
1 121828 177450
1 65740 74385
1 185217 119381
1 14123 40914
1 68658 82786
1 10894 58188
1 22660 103161
1 104325 99205
1 152564 151750
1 8245 179616
1 19026 2809
1 63131 115062
2 93078
1 1409 168902
1 142620 186881
1 62268 21647
1 169629 121656
1 734 21018
2 59774
1 51628 55363
1 12755 43171
1 178538 125139
1 148683 81539
1 161247 81574
1 159488 9767
1 2386 19991
1 116577 75432
2 24429
1 58814 120304
1 34358 190133
1 95263 54052
1 116212 151626
1 33970 1348
1 70451 27679
1 118358 189889
1 102527 75578
1 178254 87252
1 22497 167919
1 76158 24984
1 83385 197465
1 63337 159658
1 160857 117210
1 166378 162431
1 16676 157908
1 83889 10054
1 73383 90918
1 119423 79359
1 69752 63660
1 71843 167322
1 154190 75249
2 164470
2 27739
1 102071 133729
1 108685 2436
2 113066
1 174367 109869
1 115257 172704
1 189295 77754
1 199592 72533
1 106394 49971
1 139673 156325
1 48171 122352
1 21282 167242
1 151325 158652
1 107012 151638
1 28058 50418
1 93312 159092
1 105011 35798
1 180598 13339
1 66784 169014
1 183813 98899
1 35002 148546
1 156191 119725
1 189237 1640
1 106411 60284
1 197090 117236
1 141088 15769
2 93989
2 32528
1 163094 9330
1 179157 70257
1 39042 65394
1 53636 179152
1 130846 22724
1 90947 166431
1 93789 198189
1 142216 157544
1 155682 165565
1 133070 137612
1 52725 152178
2 91885
2 100441
1 38610 35324
1 113080 94129
1 180483 186583
1 65288 133140
1 148846 179127
1 31864 74005
1 34837 100474
1 77144 182794
1 65265 104228
1 78771 115239
2 8143
1 68154 184143
1 58255 1197
1 161225 72741
1 63923 155089
1 198976 176226
1 15854 125417
1 14974 46687
1 181449 72809
1 103769 144156
1 151565 114016
1 182841 99715
1 107259 60253
1 160760 31195
1 12873 199297
2 65592
2 115185
1 20134 30409
1 175887 84322
1 184815 22876
1 47487 25816
1 150960 123141
1 36927 118487
1 116033 48385
1 102531 191251
2 110685
1 101828 143494
2 137896
1 5804 26996
1 131239 31289
1 39376 8649
1 91153 110587
1 165096 154097
1 192273 96846
1 82195 146527
1 33900 88865
1 193746 133805
1 156478 62701
1 127491 181936
1 2583 94767
1 10077 158877
2 88467
1 50138 158892
1 189820 122557
1 141704 164429
1 117700 199141
1 154045 149356
1 24048 28095
1 169008 27838
1 43036 127871
1 109004 164026
1 42938 143411
1 125323 87708
1 85394 160417
1 118164 141979
1 62078 149986
1 84049 44905
1 120869 22461
1 100117 146093
1 58615 160455
1 144237 88381
1 32618 155515
1 164549 112030
1 165811 20629
1 81405 95808
1 84936 145972
1 178636 89332
1 129492 198704
1 62037 53488
1 30907 107768
1 170951 120645
1 67215 101232
1 50874 927
1 134803 13194
1 116104 151742
1 49903 133539
1 10089 102259
2 14836
1 173592 99730
1 71163 128529
1 40734 182415
1 120882 23061
1 92595 158303
1 107393 34343
1 60181 107344
1 58910 58500
1 25384 88924
1 74845 97656
1 84409 179523
1 167120 171486
1 111988 95914
1 115870 69212
1 186083 132979
1 120162 49241
1 193449 162781
1 151878 19586
1 116159 156701
1 133984 70013
1 115309 160254
1 154509 33900
1 972 189174
1 190924 20452
1 29243 198538
1 98462 57199
1 166303 122853
1 62555 66816
2 154719
1 76655 96855
1 62896 50398
1 74388 51317
1 167678 192891
2 162407
2 99261
1 191175 199264
1 182391 163958
1 20934 8864
1 100161 123480
1 40553 80511
1 115123 132117
1 57866 33674
2 170741
1 195360 142568
1 117092 63916
1 44527 50596
1 11776 64020
1 3792 115388
1 10991 62044
1 90917 21702
1 82400 121602
1 172822 37296
1 194920 1136
1 68006 97590
1 44034 54870
1 157399 27876
1 116556 180360
1 66303 140558
1 13310 9498
1 128299 1677
2 115373
1 42916 22773
1 159452 83456
1 60623 66721
1 177430 137969
1 195426 7421
1 190428 39175
1 151925 172344
1 166434 182482
1 193662 185218
1 50574 134119
1 141581 45414
1 50199 82590
1 153989 89892
1 170717 32905
2 47325
1 106886 63435
1 16638 18007
2 170399
2 74856
1 102271 151324
1 103241 80017
1 128423 140348
2 142604
1 192296 171745
1 14848 81809
2 138213
2 130869
1 13898 45168
1 40132 176762
1 66518 166987
1 160117 9485
1 44513 122870
1 197055 190925
1 7869 89721
1 127615 27048
1 52418 176304
1 197948 116407
2 9379
1 70965 108256
1 159083 6161
1 138630 120567
1 159768 86101
1 12305 43949
1 16638 129769
1 161925 88196
1 189368 198231
1 15573 177237
1 83592 159958
1 98448 74824
1 128596 107168
1 168516 122838
1 143398 171352
1 102101 110141
1 112674 131867
1 3737 128196
1 189833 117092
1 9846 38897
1 19951 19429
1 129279 134024
1 44473 2532
1 81035 187397
1 65307 101267
1 4760 81948
1 19215 31284
1 89439 36720
1 19481 127595
1 119544 136658
1 18105 105957
1 136240 72188
1 114161 95913
2 180072
1 168414 37112
1 60813 177457
1 66075 28031
1 77194 180518
1 117250 174499
1 131410 59721
1 64839 34931
2 144226
2 131460
1 196004 7987
1 95380 24367
1 154705 106263
1 102784 3308
1 197367 146401
1 122079 136495
1 194609 92165
1 76763 55409
1 36144 110929
1 185838 33709
1 72062 68874
1 167870 186522
1 62260 6091
1 8440 170218
1 55353 104282
1 76651 160259
1 70653 143052
1 83879 82173
1 118389 178843
1 16406 73628
1 103128 8389
1 133403 44175
1 120282 106984
1 111977 196905
1 73129 135387
1 54310 11871
1 150053 111119
1 9536 141058
1 58723 96999
1 23375 195325
1 11045 30357
1 40172 89810
1 132371 31478
1 131857 196305
1 197821 50927
1 130802 23194
1 126676 100680
1 127131 20308
1 114470 66441
1 127882 162477
1 187994 58579
1 74831 15571
1 186732 49665
1 161379 112819
1 112042 94271
1 105094 11442
1 120750 116778
1 30812 103977
1 158173 83881
1 42377 84196
1 99489 163852
1 194442 49821
1 58019 177059
1 26647 98422
1 105868 196192
1 5239 17909
1 11196 38064
1 117283 145091
1 78027 174038
1 128735 82023
1 83071 11722
1 118165 115327
1 134157 85010
1 52083 150015
1 149589 71646
1 146375 111598
1 187288 181864
1 89240 134367
1 183164 11981
1 180999 20076
1 84227 90278
1 30823 76536
1 43143 97578
1 171738 58917
1 55609 20552
1 165677 110676
1 86299 117953
1 143989 101725
1 176891 135875
1 27626 132302
1 179825 74700
1 93699 179879
1 65180 76606
1 66451 73878
1 1753 76350
1 104612 8111
1 70276 161426
1 160338 116975
1 80115 149562
1 167338 181171
1 31727 64335
1 48452 154803
1 92341 31706
1 149213 136387
1 40686 6200
1 53240 108556
1 172778 58667
1 25974 77895
1 39075 152387
1 47348 119419
1 189488 22638
1 122917 76791
1 164231 99740
1 108785 162451
1 64439 198551
1 157261 34531
1 17765 150561
1 106204 127356
1 11655 162192
1 96133 10603
1 14302 15078
1 68437 94706
1 182904 27380
1 175255 158725
1 127334 137969
1 43378 99717
1 82042 49878
1 172163 196924
1 176196 77117
1 174139 56794
1 71949 82553
1 76347 2030
1 142227 98424
1 178029 188710
1 131079 26840
1 5030 123595
1 30149 194567
1 113210 187704
1 85011 129054
1 140959 283
1 4957 56575
1 197829 170606
1 10606 70829
1 198197 120182
1 76978 130411
1 13864 105660
1 152619 48793
1 114666 174859
1 123313 89483
1 73584 71787
1 11950 121580
1 63351 176988
1 69786 156178
1 121886 111958
1 153331 198241
1 170052 105919
1 143423 19301
1 9702 80940
1 177990 199275
1 119859 48157
1 187082 181985
1 36529 52403
1 121482 22830
1 41492 82164
1 51319 34963
1 75932 53825
1 138228 62723
1 159408 196054
1 129172 73151
1 53049 46659
1 144143 88502
1 59968 44458
1 176518 181468
1 145675 92281
1 112440 100745
1 58933 110568
1 98245 92500
1 114509 36341
1 136610 194096
1 126512 167135
1 161948 77383
1 7914 59233
1 139025 123285
1 9673 42609
1 59820 144647
1 193411 55544
1 82400 178516
1 25995 175379
1 198824 96987
1 112302 14667
1 58238 182654
1 23604 98384
1 154329 45822
1 183092 87419
1 168746 81560
1 157303 191813
1 150425 56735
1 156368 146691
1 95357 135643
1 50043 199845
1 190106 124321
1 14773 57838
1 138270 49203
1 90844 27700
1 60894 5274
1 65863 73690
1 1294 181122
1 53607 104589
1 147134 51990
1 187870 64894
1 106780 103901
1 45792 145246
1 152166 149203
1 117001 114463
1 186543 196427
1 35837 112169
1 22869 44613
1 197766 15642
1 79169 198604
1 104107 144451
1 138144 133970
1 107021 166944
1 44768 127502
1 40518 117975
1 56110 107029
1 65028 191731
1 195694 22263
1 114723 186978
1 24699 170972
1 12618 77292
1 97184 77536
1 85768 88630
1 181591 118828
1 69679 91447
1 129665 2773
1 58352 53433
1 147814 179514
1 195896 33491
1 45934 121561
1 6218 168229
1 52703 3377
1 46109 139669
1 13977 95070
1 188024 144008
1 179344 10545
1 79629 150948
1 94216 147599
1 193171 73476
1 93910 193357
1 18599 27900
1 132565 176457
1 8868 97038
1 130023 120010
1 179200 109485
1 25582 189915
1 18666 43761
1 161227 33252
1 93794 180506
1 109205 80843
1 87256 39306
1 132124 76811
1 159497 157117
1 101791 50770
1 87126 102219
1 31691 91744
1 24230 9440
1 162871 151261
1 190910 17018
1 33245 194043
1 115486 71268
1 184794 128012
1 195550 181937
1 170408 166822
1 57034 17532
1 59994 51573
1 198138 105694
1 48792 137632
1 176182 46128
1 115613 32608
1 188425 87939
1 119790 154589
1 30052 97436
1 175069 124043
1 49590 21173
1 22974 13827
1 164233 37041
1 158696 197669
1 146911 34334
1 47790 123309
1 12045 153713
1 119455 9109
1 81175 78589
1 61884 71914
1 48653 143093
1 95225 166258
1 98405 122659
1 173943 28733
1 57370 49448
1 3840 8138
1 75140 37942
1 92995 2781
1 21433 47115
1 124881 52829
1 135332 173040
1 144471 186100
1 55907 85170
1 171550 134945
1 64230 38559
1 32576 173409
1 151557 190275
1 14893 110719
1 11937 99812
1 84510 106423
1 136575 186620
1 164056 97298
1 31905 42102
1 36900 175870
1 92775 109740
1 191116 74541
1 158501 171039
1 125210 125744
1 187525 73974
1 74061 185427
1 120415 175291
1 118108 98107
1 135702 80980
1 3567 18047
1 46261 65406
1 410 198404
1 101195 57744
1 130524 33948
1 65924 62701
1 11544 192992
1 105354 120394
1 18643 45836
1 55706 82018
1 173742 81626
1 48042 64183
1 179877 165667
1 61434 203
1 195463 136498
1 86137 66014
1 70072 65642
1 139930 120553
1 13540 43739
1 107831 2267
1 165957 111583
1 14502 82899
1 47768 116602
1 3098 55006
1 120604 143986
1 47740 127922
1 46732 157291
1 96778 76971
1 14621 327
1 73840 49477
1 84539 1982
1 51940 181146
1 131391 61241
1 180039 129437
1 99700 129204
1 178746 89174
1 34508 57235
1 196670 73824
1 125469 172548
1 154319 135456
1 122528 160407
1 165506 47944
1 79660 94427
1 14302 146251
1 77999 113145
1 93432 86434
1 133550 192789
1 28754 84416
1 194430 140003
1 175604 190161
1 101634 55431
1 172492 146297
1 79847 83441
1 9028 94091
1 74333 95543
1 118690 103048
1 89431 111604
1 32293 92122
1 123398 96224
1 171677 128015
1 29457 104113
1 68746 183514
1 198745 152625
1 29240 80391
1 182251 75425
1 36698 121983
1 100486 109389
1 29350 8444
1 162894 140144
1 2288 189838
1 4753 53642
1 98634 81677
1 79993 157184
1 168796 132128
1 23249 74228
1 95807 180975
1 139325 192293
1 105182 87525
1 148275 28617
1 199504 90921
1 125119 116777
1 192176 42141
1 176247 187389
1 160639 177879
1 76923 153288
1 126907 3935
1 170992 99510
1 75264 172777
1 17853 16499
1 176543 176596
1 3399 60238
1 125372 4003
1 139945 103887
1 56429 66234
1 177398 116886
1 122513 127260
1 108722 189557
1 71214 16676
1 36622 163599
1 152015 113217
1 15140 10610
1 161692 29367
1 88180 158321
1 110523 71698
1 91101 19526
1 55974 37292
1 80734 32807
1 143565 68962
1 117005 19943
1 124911 143507
1 122008 107855
1 87092 78425
1 145980 65725
1 127949 91788
1 70019 198844
1 154126 6324
1 96195 6309
1 60812 138125
1 134291 108469
1 145715 16833
1 198735 6896
1 4650 79201
1 162319 145654
1 39401 173157
1 41827 155299
1 187226 161894
1 110418 144876
1 52655 165144
1 48341 168567
1 57348 18636
1 58446 94907
1 98933 38310
1 185806 80601
1 94209 63195
1 127686 6074
1 86560 17454
1 113420 52969
1 1890 75179
1 63441 21363
1 168905 72036
1 73953 58237
1 122152 67244
1 161564 63525
1 15228 197841
1 104052 191261
1 130379 46238
1 5479 161924
1 65787 14224
1 164029 78982
1 36661 103639
1 177349 182
1 164219 126737
1 124876 141290
1 24774 158082
1 37022 192534
1 49060 129623
1 146625 75564
1 135504 16988
1 45102 84083
1 64467 97660
1 128722 194662
1 4890 11192
1 71173 39568
1 155993 6697
1 187146 72165
1 74592 66938
1 90568 93347
1 102395 70113
1 69126 50090
1 68367 103774
1 126444 194584
1 191282 19894
1 94969 172457
1 18763 27632
1 5632 24013
1 55595 116112
1 150439 196235
1 153898 24979
1 7714 94678
1 156230 176107
1 73836 84781
1 188408 156348
1 188998 125752
1 192088 76247
1 113972 88737
1 42612 193654
1 39605 143280
1 171 180856
1 40450 18666
1 147983 124958
1 105737 74412
1 179132 181830
1 198699 122243
1 43890 132391
1 54004 32398
1 5946 74444
1 2202 160727
1 6647 77909
1 148920 3758
1 177931 106987
1 101772 140552
1 122093 92547
1 50159 19863
1 118664 89175
1 77907 128554
1 71319 65183
1 97283 192454
1 179966 46870
1 185814 133254
1 175147 119147
1 28084 156913
1 120685 67718
1 134861 65626
1 95381 33725
1 128535 42556
1 166923 26837
1 40199 167509
1 123123 198909
1 34323 110659
1 187328 71177
1 140070 140062
1 47064 80747
1 99556 3029
1 63018 83384
1 38239 105485
1 55052 191769
1 149658 154421
1 191256 14095
1 150013 50542
1 171976 67179
1 38105 195802
1 173328 51533
1 128861 23747
1 77501 37852
1 108248 48046
1 114572 124230
1 174257 27648
1 184652 10682
1 141988 849
1 84599 42403
1 185919 36238
1 185037 19687
1 183837 12629
1 37874 197983
1 36258 162251
1 129162 101976
1 123318 197441
1 44755 145994
1 66822 94087
1 110211 108504
1 37432 183760
1 9954 116680
1 71661 70471
1 73386 152772
1 56829 72304
1 69277 24465
1 31279 117379
1 196198 150734
1 126903 46406
1 175859 30448
1 105139 32106
1 83666 11644
1 119784 79335
1 8331 156550
1 44793 30811
1 182973 161896
1 74281 12575
1 16508 53702
1 166034 13099
1 99050 84224
1 63590 94252
1 116756 21560
1 152036 36132
1 70416 151430
1 125406 175490
1 33300 176056
1 62314 28162
1 3161 164623
1 79525 159175
1 127920 134519
1 62959 153654
1 676 124678
1 169444 50005
1 69266 105079
1 26392 199973
1 100037 76712
1 69462 136765
1 104277 72657
1 18265 60776
1 126530 50759
1 192075 158080
1 60812 39857
1 3069 189835
1 25494 107785
1 49382 112278
1 76155 79510
1 165089 109200
1 116207 120488
1 66465 13161
1 15386 13652
1 177527 168044
1 186930 48946
1 147654 68185
1 165911 31380
1 121669 165895
1 77684 117960
1 170422 151480
1 124243 27281
1 34149 68158
1 13889 177953
1 176036 195342
1 120355 147034
1 10181 69410
1 165463 64903
1 146392 54292
1 148430 33365
1 11686 67384
1 198441 50262
1 146670 196090
1 186707 182393
1 154335 170169
1 20319 56642
1 102358 26211
1 98914 183633
1 162650 105106
1 54482 1488
1 160788 20262
1 27744 158269
1 159827 80611
1 136851 82074
1 132480 140365
1 140069 44210
1 164958 38466
1 177315 170254
1 158982 196567
1 53312 15735
1 179616 125623
1 160186 136558
1 197413 60664
1 166512 29352
1 26899 39679
1 5186 109263
1 150129 2198
1 35306 170741
1 29765 25163
1 155291 106139
1 123091 118092
1 87704 102050
1 32407 127425
1 19223 185233
1 69189 117417
1 152854 157575
1 124352 3896
1 109053 108034
1 107481 105072
1 90037 40912
1 21834 87486
1 22600 54995
1 97009 14231
1 81018 84028
1 83217 68179
1 29223 51648
1 145351 133834
1 53662 193311
1 107337 20013
1 41469 185174
1 90725 20647
1 37453 112033
1 129015 17332
1 31648 183542
1 9771 141377
1 8426 79423
1 70133 181254
1 73884 73175
1 143310 15136
1 75527 8264
1 138544 146226
1 160752 148482
1 6229 176765
1 92655 96415
1 99884 65151
1 7117 15062
1 182620 4617
1 11998 46973
1 50877 149796
1 194268 193028
1 199955 1637
1 79749 173358
1 96525 178255
1 109111 85714
1 161150 21353
1 116938 49937
1 52890 80416
1 16109 138905
1 83636 66528
1 59716 151643
1 17015 7469
1 160960 95689
1 18851 163783
1 170304 50195
1 142601 50815
1 89704 99426
1 160329 55444
1 51265 138453
1 98762 47953
1 174928 19835
1 161146 158699
1 169977 167825
1 29191 180950
1 64918 113405
1 96222 181160
1 121107 158923
1 153059 58866
1 18637 18087
1 117746 199706
1 197164 92571
1 86996 49469
1 3005 137993
1 159300 183684
1 171027 7276
1 10723 154693
1 93023 85643
1 68345 189853
1 159758 32255
1 40239 39819
1 123300 198694
1 71817 143695
1 126423 38503
1 136680 166915
1 124717 114919
1 168192 94777
1 3416 112396
1 20438 76055
1 132370 133233
1 186173 116079
1 107125 10538
1 71890 138978
1 99933 47354
1 167797 17975
1 199105 30098
1 114249 29687
1 101454 112203
1 71855 149196
1 50629 61478
1 70654 3930
1 134615 17795
1 189639 57885
1 100030 171935
1 146503 142403
1 71647 56658
1 155308 107340
1 162846 2441
1 196109 109473
1 50369 176896
1 44260 67442
1 46152 20355
1 111247 5267
1 157772 146150
1 133382 58263
1 142231 185985
1 73629 22702
1 132547 165681
1 77565 35388
1 198678 146700
1 78687 42684
1 147996 167588
1 60489 48596
1 22406 78271
1 77709 87097
1 166147 166037
1 82815 125572
1 3485 102218
1 111223 52885
1 104471 153773
1 119751 85353
1 105668 73584
1 99965 81975
1 28777 91050
1 90075 78736
1 199062 78795
1 54101 10167
1 33602 73502
1 49484 116350
1 89382 71173
1 198474 161890
1 32796 26864
1 64638 73768
1 89848 62814
1 100281 60280
1 147174 41112
1 166441 135673
1 89284 189227
1 73045 66030
1 144450 19942
1 85593 102545
1 173112 30675
1 70370 44206
1 26952 175802
1 157165 46594
1 196661 27539
1 196476 170068
1 145923 55754
1 187097 153171
1 173647 99833
1 69903 143473
1 63729 129057
1 181670 28543
1 119440 41706
1 33566 43978
1 34501 67868
1 94126 155253
1 45556 21278
1 172671 32344
1 79974 168046
1 87587 28184
1 66091 123040
1 93850 95176
1 73840 109339
1 22920 26751
1 113244 74257
1 143280 79546
1 1840 195775
1 42676 155700
1 77215 2021
1 30992 141444
1 118250 52870
1 159252 36598
1 32960 172642
1 150433 81710
1 29333 113395
1 167399 94905
1 46977 49318
1 56158 85429
1 87195 41435
1 23938 88739
1 791 104031
1 191187 193418
1 187804 62953
1 70668 18575
1 32617 17619
1 144099 195858
1 121194 128218
1 198209 181324
1 121174 112024
1 194755 68646
1 53004 16832
1 49777 106908
1 27502 108059
1 94078 186323
1 89341 29762
1 44736 48759
1 11190 116507
1 185265 93465
1 37740 154840
1 189094 144648
1 16103 5101
1 175182 130350
1 183420 179537
1 180334 67245
1 45037 31160
1 88860 113850
1 153475 59023
1 39417 156538
1 120682 137912
1 28979 50651
1 30733 151623
1 43834 168820
1 185203 153725
1 43522 95904
1 77337 18692
1 152506 57176
1 64208 172843
1 63499 32464
1 77592 87139
1 167251 91219
1 107838 67450
1 106403 62754
1 66227 59542
1 173495 91913
1 119854 166197
1 87989 16132
1 129732 84771
1 153704 113681
1 107653 137661
1 70910 7702
1 84506 198373
1 51519 6710
1 14812 83717
1 120208 176366
1 2039 77512
1 29864 44149
1 46144 192725
1 117841 6292
1 49683 194574
1 118242 72835
1 167217 100234
1 134971 83910
1 118809 41166
1 140610 30535
1 112997 141970
1 169756 193844
1 171495 14130
1 174575 101018
1 125444 124082
1 70806 5122
1 55760 104311
1 20261 140684
1 12075 196674
1 100318 139082
1 50715 64943
1 137331 92064
1 87595 164270
1 178815 17242
1 51460 24960
1 100031 51276
1 61577 15733
1 91286 87280
1 158968 106340
1 70208 172028
1 176575 17196
1 30805 126595
1 57819 148393
1 110017 14287
1 101111 121977
1 13058 33788
1 137988 46577
1 80995 142934
1 138069 79258
1 126711 15670
1 111421 83505
1 81945 134490
1 84844 128286
1 5154 62276
1 15622 70260
1 13739 154581
1 108549 116521
1 116868 168234
1 88273 47895
1 136757 138230
1 126493 194802
1 157748 169120
1 22597 19532
1 117479 109791
1 2982 134
1 77852 33429
1 65021 93145
1 178950 103785
1 148931 176453
1 199097 14823
1 106376 11672
1 175400 25692
1 164686 181730
1 35805 28142
1 196585 82486
1 70777 69113
1 2836 108517
1 8622 169008
1 148438 12855
1 198650 48435
1 137366 141482
1 171430 7916
1 168955 54511
1 123838 9135
1 124552 166114
1 42003 143954
1 130870 125128
1 95726 65930
1 68563 194191
1 191830 144775
1 190363 22529
1 198597 115345
1 29845 2058
1 36582 145572
1 28271 133675
1 13843 109064
1 53597 62206
1 153293 168501
1 100783 113132
1 106683 20198
1 115762 74412
1 18471 198524
1 44681 165822
1 56951 51542
1 131275 23783
1 140648 57005
1 35231 55791
1 13968 191029
1 193750 184088
1 120597 174706
1 191497 101024
1 176937 144280
1 143092 198010
1 17864 151463
1 60370 23752
1 89844 189829
1 136249 148060
1 180271 3293
1 194232 60528
1 178041 172216
1 65135 34404
1 115147 87385
1 75694 120823
1 121236 7198
1 90193 152776
1 71667 78484
1 180251 68942
1 113973 22939
1 119314 48853
1 36816 101627
1 9499 186299
1 186400 17669
1 128022 170922
1 106209 82478
1 128379 149592
1 67373 80552
1 187253 197948
1 118711 122242
1 131199 28562
1 41031 193602
1 89982 133778
1 23480 129345
1 97310 43181
1 187759 172167
1 144367 132744
1 68829 187559
1 27266 6652
1 169912 77853
1 177344 104206
1 152950 72998
1 51339 63276
1 19147 146207
1 82647 191720
1 43427 47585
1 161419 158584
1 117218 157211
1 155603 35182
1 116891 154738
1 78665 33140
1 5071 3094
1 100548 4747
1 73127 24805
1 195520 68933
1 7732 119365
1 45103 158336
1 34086 124157
1 71519 179429
1 175306 2964
1 26829 30816
1 68745 83437
1 114056 20321
1 33885 130529
1 169802 97043
1 183253 174494
1 123604 179612
1 151372 97279
1 57608 130582
1 19622 172973
1 122955 61900
1 132812 60086
1 180636 117175
1 192873 69547
1 31407 142522
1 70372 142655
1 97230 189596
1 168095 143710
1 124144 90693
1 98992 187594
1 75739 103803
1 117214 126525
1 183095 198109
1 57312 33915
1 195700 62881
1 94482 147318
1 5470 49034
1 133624 161894
1 83774 61229
1 125814 177001
1 183091 41573
1 109071 50777
1 29138 47571
1 38430 10732
1 112891 79963
1 169682 112528
1 133244 34396
1 194478 57799
1 81643 132207
1 159233 142976
1 93054 169187
1 22562 129080
1 147694 52599
1 78959 109712
1 85197 54552
1 63110 114606
1 63908 93788
1 82052 111257
1 161809 91455
1 161917 191120
1 16415 146268
1 86141 95723
1 118567 198511
1 87549 130101
1 93351 145738
1 190376 85896
1 197728 117077
1 104335 15147
1 149493 69515
1 156266 163497
1 194625 167665
1 2001 58355
1 31737 169368
1 45435 68599
1 17027 54294
1 182838 145089
1 73622 87872
1 143207 117329
1 100883 59308
1 73155 78014
1 62179 47269
1 62861 76939
1 146258 121967
1 49105 57160
1 191850 193469
1 145889 117163
1 158803 79152
1 151439 118446
1 132907 140945
1 196844 97003
1 52641 182801
1 134591 125623
1 85720 186367
1 199049 45948
1 92025 157963
1 154999 34074
1 63000 24378
1 164263 86144
1 60554 152041
1 30048 189830
1 61638 170886
1 173068 54093
1 30266 92620
1 105848 54681
1 183089 147455
1 3918 152558
1 12131 55016
1 147090 46891
1 160795 87185
1 99674 97187
1 61776 79683
1 33042 130498
1 28221 165759
1 169584 48223
1 124418 109115
1 199859 28381
1 150399 39902
1 99235 12807
1 161199 84351
1 42820 152492
1 118787 113561
1 130267 89144
1 129855 99666
1 104485 18067
1 3737 194478
1 141076 191743
1 192016 28557
1 45388 110637
1 40330 173421
1 138334 111968
1 132209 161884
1 17412 38085
1 106831 51965
1 160093 108562
1 22249 73087
1 154474 32285
1 183321 114457
1 91593 159999
1 72751 62088
1 69104 85994
1 136585 84877
1 29229 160263
1 182577 79970
1 90909 51603
1 74167 64700
1 37162 51964
1 127952 87814
1 3657 113591
1 107246 24283
1 153011 138085
1 74016 122245
1 199203 68198
1 197676 194485
1 56529 33917
1 178218 79427
1 16557 51749
1 119076 149031
1 116894 31347
1 179948 151863
1 34876 10413
1 103165 65059
1 159756 162410
1 15638 48495
1 135035 12075
1 18899 180720
1 156061 1848
1 138764 158601
1 180391 124479
1 130227 92070
1 185003 97257
1 86057 31673
1 85267 97022
1 182369 59316
1 66015 108091
1 183928 124871
1 33315 188850
1 143635 150044
1 31612 8674
1 196603 171600
1 142226 22167
1 77366 42291
1 51219 7044
1 61670 141506
1 178990 51166
1 130918 119012
1 102222 143164
1 131683 58915
1 62169 61676
1 4408 128556
1 43496 153624
1 199437 137
1 63048 177818
1 64370 16093
1 24369 125277
1 42423 57952
1 108678 128565
1 591 50333
1 78029 89600
1 139365 132906
1 72112 40893
1 113726 43238
1 14772 71980
1 194000 56056
1 101496 92200
1 148897 116422
1 72753 99457
1 42468 98676
1 173156 170526
1 45009 184351
1 170148 103890
1 104323 176281
1 124750 22972
1 101847 184806
1 161411 193636
1 7041 144375
1 9572 130643
1 158898 13094
1 148307 125107
1 18408 163698
1 104488 129065
1 20629 57084
1 33073 11759
1 102708 188417
1 122031 52469
1 14696 11098
1 128718 159545
1 37462 76145
1 88675 107492
1 14084 149702
1 54636 155241
1 121779 156962
1 156035 33753
1 184826 152538
1 191652 172873
1 100708 39495
1 111840 74407
1 175499 13764
1 66913 163992
1 150134 45928
1 123937 919
1 19631 99205
1 68133 127114
1 126825 57505
1 159358 195814
1 85777 185908
1 15553 197893
1 144306 54307
1 194181 169094
1 101007 73915
1 183071 180196
1 107515 112176
1 33370 124314
1 49340 188567
1 68410 87158
1 102368 71585
1 82353 111484
1 58079 63642
1 72993 96126
1 71410 83617
1 125012 65785
1 67315 91050
1 142266 103923
1 191286 175154
1 63778 188754
1 40808 75201
1 171579 147070
1 79013 51685
1 18636 175611
1 162078 88685
1 151153 167233
1 77868 22180
1 170968 151197
1 132527 109583
1 163964 46540
1 130155 47145
1 120032 28694
1 113380 42974
1 16527 170344
1 131192 68870
1 28818 65397
1 48829 127075
1 12146 148431
1 156635 194142
1 93679 45633
1 100588 105725
1 99073 74415
1 5841 158824
1 3342 40561
1 190103 144093
1 158700 117741
1 121100 98545
1 185497 151283
1 23451 189961
1 149303 141278
1 63407 192280
1 135500 161000
1 60614 141787
1 54778 73741
1 77780 116754
1 67259 81764
1 163099 189633
1 106721 890
1 102536 61222
1 98443 166065
1 33104 67388
1 92586 112920
1 103179 93616
1 5494 36234
1 139729 120931
1 192684 152972
1 10643 179872
1 37130 4386
1 67132 110495
1 83020 153522
1 170888 15610
1 108328 49245
1 148645 16431
1 107272 152858
1 187080 160086
1 172295 168788
1 101457 125796
1 75438 164101
1 9058 81952
1 147376 99987
1 86205 16164
1 154660 195818
1 158493 56982
1 46722 3228
1 166166 168744
1 17248 33974
1 195248 53583
1 5294 186979
1 98049 170560
1 175727 155397
1 27209 182256
1 76474 107282
1 5138 184972
1 46000 69356
1 115977 92279
1 56703 123204
1 143383 94339
1 121304 140593
1 39108 14834
1 198381 189836
1 153485 98414
1 66606 150287
1 170755 4743
1 98564 133486
1 105639 94252
1 58190 115637
1 142276 151148
1 115355 145315
1 57036 189549
1 136872 189958
1 93878 123693
1 181403 186135
1 18455 158905
1 77504 179800
1 92992 129900
1 36867 163052
1 61208 64105
1 96941 78071
1 11577 112154
1 116643 87927
1 27919 118954
1 3805 85665
1 148271 107713
1 79331 7680
1 81462 73856
1 171277 32010
1 137507 117564
1 140796 50308
1 68854 6974
1 63763 33240
1 145289 58683
1 78715 179188
1 122543 153616
1 70487 131301
1 114251 1346
1 42627 52853
1 92402 96500
1 18323 61058
1 59205 50408
1 103498 13024
1 188360 126203
1 156633 148848
1 186567 170459
1 82841 14529
1 35435 73482
1 41803 39
1 69784 144728
1 43727 196378
1 170250 102429
1 67490 120658
1 135088 125685
1 170780 164192
1 16264 55424
1 128938 10191
1 66171 182810
1 112840 52987
1 29947 162646
1 1282 85617
1 119067 120193
1 114219 138056
1 26607 20053
1 166366 46783
1 144164 140155
1 118133 102424
1 35874 12422
1 81479 125045
1 49440 181229
1 181222 142449
1 89863 178375
1 176024 200000
1 128971 124300
1 84692 138378
1 76934 115531
1 31809 47044
1 129878 42087
1 149226 126864
1 146680 187350
1 193413 6168
1 85990 70620
1 172198 25254
1 58030 124740
1 177022 93318
1 91219 55584
1 106264 57054
1 23337 139521
1 137814 27405
1 84908 129913
1 12520 185796
1 58273 179344
1 5325 4001
1 130160 13445
1 123214 722
1 180992 59591
1 155576 55400
1 156500 189107
1 165465 7674
1 105638 23759
1 73278 93565
1 3586 52806
1 108011 55202
1 124965 180134
1 19099 191215
1 26070 4824
1 121722 7713
1 97412 159710
1 17824 12481
1 42721 63827
1 79311 119429
1 136447 7262
1 42799 53929
1 55145 165751
1 126920 29198
1 83267 58718
1 163969 150419
1 34660 198489
1 8280 82866
1 50036 20462
1 109345 88221
1 162434 192224
1 59715 91481
1 50664 159726
1 124144 160795
1 70242 14344
1 7140 83937
1 122347 90644
1 111329 20626
1 158874 92961
1 21226 168665
1 167036 44075
1 80701 15423
1 191538 15183
1 195028 32328
1 44428 160208
1 32031 3280
1 56295 99210
1 73595 80421
1 145092 159285
1 4278 16487
1 51178 76510
1 101959 99486
1 71934 135457
1 185032 52572
1 58593 172905
1 56758 34196
1 199369 35564
1 188395 114810
1 194723 68194
1 79386 120027
1 88872 66117
1 159052 87486
1 113597 25102
1 189657 81852
1 94865 174318
1 83050 57438
1 121138 91083
1 88238 94389
1 39727 162300
1 171418 77950
1 15413 11399
1 196453 38518
1 141411 137562
1 194179 124090
1 58863 26696
1 61729 67107
1 131005 10437
1 53793 190241
1 154301 96036
1 39511 27863
1 119814 22927
1 171396 171702
1 92976 82120
1 65554 187357
1 32567 143071
1 105552 140912
1 127694 17011
1 196015 182199
1 109761 39981
1 58684 25337
1 83214 41146
1 148896 73113
1 162309 52744
1 27094 61425
1 185054 191428
1 160235 102893
1 191387 124818
1 185211 62506
1 194014 194829
1 11754 62479
1 192525 80896
1 79586 90539
1 44516 25317
1 150603 176975
1 126427 53981
1 64720 183407
1 160441 13743
1 173456 60532
1 97975 1798
1 67426 135524
1 156568 167397
1 9934 185526
1 184584 193197
1 79177 166575
1 199796 86993
1 103856 2753
1 134761 148824
1 108999 155045
1 114928 167700
1 81971 184247
1 175849 28065
1 87925 59218
1 164327 101793
1 144489 20845
1 31499 46454
1 133695 129844
1 5732 27328
1 73784 4138
1 136902 56409
1 37732 24895
1 74153 115022
1 43354 81005
1 166660 18207
1 132537 179800
1 15530 47097
1 153309 23590
1 164132 11762
1 183204 15900
1 111632 191430
1 182051 115578
1 198458 118225
1 94819 159257
1 150265 82509
1 87393 46082
1 187148 141645
1 105797 113873
1 98420 57466
1 114145 65291
1 131413 35212
1 62638 30588
1 199112 83660
1 131010 191253
1 189123 84936
1 63381 185860
1 110573 180055
1 60853 143253
1 85371 33295
1 3975 36361
1 164495 160708
1 134016 172597
1 108434 188291
1 96868 19293
1 156496 136014
1 118781 62225
1 145172 28633
1 150815 88648
1 94980 160197
1 126682 114234
1 126335 74587
1 43264 105347
1 28981 101388
1 68441 124534
1 28742 45928
1 45539 32382
1 51806 104285
1 34639 36604
1 7569 3569
1 164664 164060
1 195826 136130
1 8806 112249
1 80249 38076
1 124164 114356
1 19541 181339
1 14621 68944
1 153679 162403
1 66716 67792
1 145568 57821
1 187717 146643
1 141716 125780
1 5487 140655
1 61087 2191
1 97604 1485
1 39104 166352
1 132155 119173
1 163860 165261
1 173332 1595
1 10429 121774
1 148180 47672
1 149940 123272
1 119683 172172
1 48939 122904
1 47523 171107
1 153318 60866
1 159922 29542
1 21596 120522
1 147618 57045
1 84169 113812
1 100248 17762
1 80279 18968
1 142499 154129
1 21614 96297
1 155966 102797
1 125271 100135
1 153289 68173
1 26840 104514
1 15043 142632
1 71627 8689
1 15563 80373
1 98944 152434
1 15448 106598
1 28246 185476
1 199990 166887
1 35093 171682
1 126467 95859
1 42510 173761
1 178729 85302
1 181622 60556
1 150941 137193
1 73983 199711
1 921 178602
1 186233 121026
1 187926 20315
1 17000 78567
1 186637 196540
1 98662 87078
1 106478 2444
1 119802 13432
1 77409 167773
1 42682 138610
1 46844 180982
1 151198 163203
1 11973 144686
1 19238 71727
1 175210 85958
1 175982 50637
1 85181 197895
1 113231 59264
1 11188 38045
1 50681 190514
1 8417 124147
1 190030 26902
1 106670 59919
1 110785 171615
1 188636 136687
1 151792 127611
1 81981 181541
1 62 101525
1 8943 147312
1 185461 17482
1 22234 166109
1 111003 47467
1 192173 23517
1 9171 74099
1 25429 119654
1 160054 100874
1 62078 108303
1 135922 116666
1 198542 147559
1 17634 100848
1 35039 62614
1 121583 81911
1 4604 170423
1 169447 64624
1 18654 135221
1 2716 87381
1 65448 196389
1 52414 167087
1 59937 137443
1 15484 118613
1 88433 25071
1 39768 41639
1 6942 78666
1 24841 166282
1 80967 82701
1 135318 88357
1 48545 169673
1 17008 161820
1 184754 165285
1 70544 172556
1 39756 53364
1 190545 193352
1 65547 34198
1 24656 162642
1 4944 76753
1 113282 80924
1 43391 172144
1 192662 17344
1 98359 178203
1 158347 87805
1 137553 7927
1 197972 66292
1 45660 150337
1 128682 142883
1 118615 67750
1 99377 77473
1 191279 122469
1 138702 179994
1 195834 190120
1 109832 36684
1 107443 122335
1 106334 36225
1 8376 71903
1 177896 11662
1 88898 63162
1 189297 12557
1 26468 170847
1 112212 19287
1 15878 59060
1 125461 131716
1 55010 118642
1 133314 104039
1 125632 143681
1 37195 70532
1 13038 13076
1 56414 39892
1 89603 164870
1 188679 48892
1 62292 188918
1 18311 26057
1 191415 928
1 100850 146352
1 40951 114109
1 24526 11652
1 106072 108124
1 166442 29751
1 159053 185666
1 121276 60117
1 48630 6143
1 19519 153662
1 29919 190929
1 186123 156516
1 36662 165694
1 148725 98949
1 55051 3052
1 156330 80297
1 116749 124484
1 183175 134879
1 6212 83080
1 5627 63091
1 60874 48625
1 117856 137908
1 112398 173580
1 81878 10212
1 157899 130391
1 170018 67456
1 72453 8855
1 182278 20338
1 37124 53885
1 160993 35347
1 25045 13498
1 161929 142438
1 12798 149086
1 100646 35985
1 9985 173880
1 26322 137118
1 123476 179369
1 116143 113202
1 140638 63179
1 178632 11916
1 136373 48321
1 114732 152898
1 124055 27103
1 130759 191287
1 186215 32253
1 180930 97183
1 92457 18262
1 195356 180151
1 135104 172711
1 179593 196672
1 120871 15301
1 36171 163963
1 40429 142270
1 180368 149418
1 175797 189812
1 110667 77509
1 22574 175478
1 112534 26235
1 136270 77600
1 188806 80299
1 33109 191733
1 18064 171106
1 76481 153210
1 132892 90710
1 146636 10198
1 121384 167010
1 126509 35688
1 68639 40260
1 57678 1576
1 40954 52820
1 199243 195137
1 145494 3719
1 39916 42221
1 167895 40036
1 69603 44243
1 187644 136005
1 102792 196701
1 104516 58194
1 49619 20894
1 113152 102969
1 86682 169955
1 167161 38640
1 174541 122328
1 122565 73839
1 165808 95261
1 116005 104488
1 154135 73577
1 178657 192010
1 47079 64479
1 100839 33589
1 55564 182766
1 98336 179839
1 156790 140718
1 75092 41639
1 172632 70969
1 98433 104665
1 198626 159623
1 161142 118306
1 20861 51789
1 151605 183733
1 138184 187607
1 108937 161758
1 26003 78628
1 85157 19781
1 185945 162050
1 16062 149862
1 92353 29099
1 196331 5391
1 182359 1311
1 168443 164379
1 88455 19587
1 110038 193965
1 181467 149433
1 92759 24048
1 186167 163264
1 81768 39053
1 147409 62797
1 199007 122477
1 58805 61675
1 60697 166257
1 98424 90960
1 127509 188527
1 107452 58561
1 23188 57646
1 45925 109097
1 82734 132580
1 69210 82548
1 4407 166639
1 143871 62641
1 100690 109842
1 198065 71656
1 34325 87665
1 102146 135544
1 16862 50831
1 127222 113141
1 183413 173190
1 9662 47937
1 109540 37063
1 96947 175017
1 86547 41236
1 28630 75266
1 113063 19067
1 124999 196037
1 74460 121109
1 12996 156903
1 21729 159231
1 171875 162621
1 148980 144151
1 133650 171535
1 36287 197178
1 197006 6522
1 98354 72316
1 8481 192331
1 14497 20904
1 33504 173146
1 171488 161529
1 3300 168164
1 150173 34072
1 14344 167917
1 152958 47512
1 64163 70548
1 98299 93360
1 89543 7863
1 37182 138104
1 43514 105674
1 187193 146215
1 87092 108659
1 94471 31242
1 40154 180840
1 94982 178376
1 90169 163148
1 72308 21204
1 77573 60615
1 129544 176755
1 130835 120932
1 35412 50864
1 100948 46959
1 48985 110429
1 187284 33871
1 163497 109964
1 76210 29089
1 113796 37005
1 71394 100375
1 144940 172458
1 23456 71824
1 173194 101344
1 90487 88120
1 116998 164575
1 99122 19617
1 112865 126468
1 105760 1699
1 96342 42389
1 102286 97521
1 172530 103998
1 192641 142268
1 127664 49611
1 92850 8525
1 181016 135910
1 164942 180062
1 14937 122130
1 16109 184185
1 67942 86311
1 17169 162004
1 57870 178960
1 33250 111660
1 187167 25602
1 106409 7456
1 39421 24319
1 100491 15889
1 1278 119499
1 47751 116855
1 42696 133164
1 122738 160325
1 137070 137192
1 25905 89537
1 165767 122811
1 53303 9629
1 164560 168791
1 188289 187611
1 18629 51680
1 5967 56607
1 25275 111783
1 153188 122646
1 196928 65125
1 155009 124359
1 142133 173755
1 122270 174007
1 2731 125801
1 150313 198402
1 187965 93580
1 58435 66103
1 135341 165277
1 120823 199092
1 48707 22182
1 83901 135234
1 140834 36679
1 61999 174899
1 62571 176233
1 109579 96890
1 22103 109056
1 194537 109387
1 162960 147847
1 78717 194228
1 82704 83320
1 117328 60986
1 21181 20298
1 130747 159032
1 9732 118319
1 131109 110900
1 16948 138445
1 3326 133507
1 104541 94012
1 99771 169951
1 84649 170944
1 194260 108230
1 138683 104328
1 168123 128534
1 185094 127079
1 93598 43558
1 149423 143762
1 121887 126503
1 20135 32666
1 3731 41852
1 105283 146731
1 33529 54871
1 3165 131652
1 109884 186645
1 198703 144569
1 97387 84699
1 69805 119718
1 97080 171377
1 73186 160629
1 182191 62111
1 125775 141395
1 140215 110982
1 3777 86575
1 113550 117441
1 40818 66164
1 44929 25532
1 69218 165895
1 58795 199380
1 183477 165891
1 24495 159472
1 195918 25460
1 175223 92640
1 98925 114642
1 188334 178804
1 12231 78655
1 116284 12446
1 39140 160771
1 155265 62859
1 107453 46278
1 59477 131006
1 114774 187983
1 163198 157615
1 16089 171580
1 195698 170276
1 79412 171074
1 199886 77901
1 97589 88870
1 132567 123300
1 42211 100219
1 24240 39045
1 45023 3421
1 47835 128012
1 96572 63087
1 150644 16749
1 120796 178577
1 73515 10904
1 172876 155492
1 68866 197518
1 29857 113922
1 197255 55485
1 157331 146040
1 139475 95843
1 12889 104327
1 96706 86113
1 186950 64282
1 96244 42783
1 76132 2185
1 166212 37728
1 26831 7886
1 181448 357
1 62036 116870
1 167178 132807
1 150986 77867
1 178757 178319
1 148465 44305
1 11618 665
1 163913 29726
1 154228 77418
1 148980 23182
1 100017 82383
1 32143 81959
1 18675 114551
1 67405 171641
1 137775 75922
1 84054 106713
1 190005 51754
1 60575 178782
1 108392 162945
1 9419 128092
1 135358 37164
1 66049 116832
1 80763 144048
1 98958 82861
1 31978 40475
1 43773 118389
1 28764 73893
1 133621 45082
1 45669 30599
1 172691 70054
1 16340 104794
1 91912 145928
1 106098 191348
1 162357 42065
1 137278 184064
1 52484 89647
1 170471 77917
1 95498 168937
1 190026 56505
1 138203 165146
1 132653 161901
1 174317 13426
1 54523 176091
1 62512 148970
1 99778 60614
1 35756 136199
1 118827 95217
1 5469 179219
1 27000 94460
1 20556 118167
1 58500 13947
1 35503 156251
1 142966 44377
1 160387 108578
1 98118 88812
1 615 22048
1 122036 56536
1 57146 161086
1 36678 73321
1 146360 90193
1 194881 93868
1 166995 155670
1 6827 35855
1 66638 142321
1 60479 139577
1 85406 92199
1 122801 132523
1 835 1434
1 107940 69784
1 64292 165444
1 69352 36673
1 11882 199350
1 8761 153813
1 69406 22353
1 169076 67144
1 93318 124549
1 103324 4978
1 9789 27657
1 174349 133482
1 82898 125404
1 63935 154467
1 66722 147643
1 49022 118023
1 70969 76578
1 87017 112530
1 56933 120390
1 32680 94577
1 79836 177171
1 169394 134363
1 116561 140835
1 54591 179951
1 138321 4799
1 76297 8207
1 66596 90586
1 88201 112380
1 93089 43210
1 115440 169651
1 182097 103625
1 15588 89031
1 30727 160108
1 178940 115775
1 119295 96034
1 62270 81075
1 197046 181104
1 165720 32994
1 66634 167275
1 166941 104918
1 65170 54455
1 61953 26619
1 19583 117247
1 191447 161596
1 11635 131508
1 5513 138208
1 150050 16138
1 125977 15715
1 360 112623
1 181719 187288
1 35177 144334
1 189922 35007
1 124207 184965
1 101027 53794
1 35393 34211
1 151431 33398
1 75328 122084
1 62972 81391
1 183558 179760
1 138862 50466
1 119169 116562
1 159299 69154
1 125901 72117
1 145557 175316
1 199633 120997
1 44272 195093
1 56988 69572
1 69515 154702
1 113152 114954
1 199946 5268
1 176046 108289
1 134260 178118
1 56275 137792
1 160113 131810
1 63538 102695
1 71496 81447
1 37890 73627
1 193815 87857
1 39498 59460
1 119570 118993
1 112508 184900
1 69888 140780
1 86095 160442
1 24691 104023
1 96096 6966
1 58119 177711
1 155401 118270
1 133534 53822
1 63875 107521
1 159130 143244
1 191802 198938
1 175963 51074
1 58927 110089
1 197882 67846
1 16722 96941
1 132614 35091
1 154080 109317
1 191743 21207
1 141178 194984
1 164624 61394
1 187847 86915
1 94992 22252
1 36299 134994
1 38971 69398
1 151177 69472
1 79085 198245
1 65430 100675
1 73376 63916
1 64126 85842
1 196071 27096
1 34204 96425
1 74411 79696
1 144949 72352
1 38756 22541
1 13589 58568
1 51675 51511
1 58989 7975
1 98910 112002
1 108268 24756
1 57540 146631
1 76252 85845
1 99427 39142
1 60159 135512
1 163535 9115
1 111338 31855
1 95445 35808
1 35681 84976
1 34231 117826
1 112628 3981
1 116073 142727
1 175705 122640
1 187020 75263
1 80267 82075
1 138537 93929
1 3106 169374
1 151281 64073
1 29428 96536
1 11572 79558
1 119339 178257
1 15008 154377
1 188456 100440
1 36731 14676
1 109783 90618
1 142819 149857
1 163860 152708
1 175876 116988
1 46973 124410
1 113946 92641
1 192152 18838
1 1705 175385
1 86119 133574
1 120250 77970
1 16714 179616
1 79128 15806
1 54229 179752
1 113674 11054
1 49458 103941
1 133970 6766
1 56632 18111
1 140134 78051
1 115597 25980
1 98094 71588
1 167801 110524
1 90750 95190
1 37900 187282
1 169173 100427
1 56050 22181
1 164951 103708
1 40468 88679
1 582 79237
1 13682 194452
1 196102 152768
1 148287 138413
1 47890 109734
1 25724 118774
1 160890 192386
1 111383 178222
1 185247 130359
1 8838 65999
1 129841 118357
1 90016 94982
1 151015 124854
1 45692 172467
1 51583 69726
1 104909 133283
1 151159 39699
1 149116 113036
1 127052 72441
1 59143 129738
1 20915 78450
1 33178 51609
1 91285 44854
1 120811 153490
1 139983 101806
1 94491 25258
1 173033 175382
1 130763 17961
1 61717 174802
1 164412 131431
1 46379 87184
1 26026 333
1 168676 97760
1 126570 96201
1 106004 28625
1 105731 191378
1 79916 125260
1 24330 102046
1 171760 131317
1 10625 416
1 182069 91392
1 35568 179783
1 174814 165841
1 158789 9524
1 72792 86104
1 185962 125691
1 96403 48619
1 75237 66396
1 129731 114661
1 66741 100099
1 3094 136382
1 14890 97406
1 31415 5740
1 102148 28477
1 39107 26937
1 133775 51536
1 144523 45477
1 26302 78108
1 163722 104383
1 67911 108191
1 105832 44607
1 18494 182629
1 134447 37222
1 193973 103114
1 106252 197145
1 59539 47154
1 100810 81210
1 43892 646
1 87498 103752
1 86016 95664
1 199302 137977
1 78863 130457
1 27463 193174
1 61756 108962
1 163940 107735
1 16712 180129
1 133500 81343
1 39537 94302
1 69559 63994
1 47507 110989
1 155001 132148
1 170687 60557
1 67559 56700
1 145113 16289
1 122718 57818
1 153911 110062
1 50352 17582
1 62840 163381
1 40418 99274
1 183202 94161
1 54499 45713
1 94656 169204
1 107726 20817
1 78906 185310
1 78178 109469
1 72566 89759
1 56128 69359
1 29998 72910
1 18854 129341
1 123282 70025
1 191019 163354
1 85473 93806
1 154683 21967
1 73283 121434
1 16531 177273
1 183913 22881
1 163008 141990
1 34407 84750
1 160532 1004
1 20882 75037
1 18729 176137
1 51350 28790
1 196378 20929
1 159386 168811
1 128895 80244
1 21846 169780
1 147944 149246
1 120244 191273
1 124893 102612
1 22822 190785
1 10260 16860
1 126856 152586
1 163507 151949
1 46198 131560
1 92103 144200
1 19311 149138
1 42884 36662
1 138667 72842
1 37823 88098
1 82170 122973
1 55466 78361
1 160606 24411
1 123599 100288
1 18666 77015
1 120143 196853
1 17499 149601
1 38683 10666
1 182775 86083
1 136499 156414
1 7076 107066
1 61215 159453
1 129547 11063
1 97899 35226
1 123438 25813
1 7271 34443
1 127238 91036
1 36958 13348
1 141473 51254
1 80854 192855
1 59066 42224
1 172681 82859
1 14682 90356
1 19298 23451
1 40046 49669
1 170298 183922
1 33258 10876
1 168404 38244
1 2654 167554
1 15446 146287
1 21398 172557
1 53578 184691
1 109495 174303
1 78933 32590
1 11735 6588
1 138102 40764
1 185949 60651
1 173058 22445
1 40601 151984
1 19679 157480
1 89382 152520
1 44030 186848
1 2495 125669
1 54109 195156
1 5086 21612
1 51645 102828
1 29531 73836
1 27743 157714
1 131396 16224
1 80645 67342
1 115448 115367
1 126439 158309
1 130185 20930
1 96628 12468
1 164755 23310
1 169419 192328
1 155734 96836
1 140280 175552
1 55515 11951
1 64819 108006
1 88453 21356
1 104855 152266
1 30838 9448
1 178912 133600
1 40357 2261
1 147879 16284
1 60029 43309
1 64097 154829
1 54137 93995
1 34645 143926
1 82941 1478
1 87709 9523
1 695 109553
1 544 18123
1 44086 97808
1 141198 162001
1 172362 165500
1 20829 157952
1 191646 184250
1 21379 60182
1 27667 16503
1 148979 6961
1 38813 167175
1 59803 121705
1 173474 52063
1 52318 103853
1 124368 97296
1 132559 165153
1 63039 89990
1 114030 184887
1 153673 147137
1 294 148109
1 100838 126354
1 167431 6982
1 107531 121817
1 43584 110827
1 90820 73278
1 62305 160068
1 68817 88109
1 176015 131443
1 114558 70806
1 170695 127441
1 83333 188580
1 37655 145803
1 37225 73404
1 95130 38527
1 153163 65274
1 74099 81938
1 43984 170280
1 1677 166293
1 42166 32447
1 160849 6488
1 31155 22689
1 148136 68750
1 61775 119191
1 73715 81890
1 76740 138631
1 57992 192024
1 189140 189753
1 76398 150312
1 132586 115019
1 64923 27096
1 26996 136754
1 11053 98969
1 195648 179572
1 78374 104931
1 17622 49634
1 71405 155156
1 40981 121946
1 192385 22917
1 17233 70844
1 179904 114158
1 22188 37804
1 85912 64700
1 121011 82376
1 87244 192689
1 100348 85419
1 141290 60156
1 57213 169827
1 30667 74777
1 164591 5295
1 160460 29482
1 148259 133883
1 159563 197719
1 128996 41439
1 36 62115
1 11407 32981
1 65006 149456
1 164079 150651
1 12016 183669
1 1500 23305
1 92969 78685
1 2006 99092
1 130687 198946
1 132893 55363
1 14790 119178
1 15699 185616
1 18677 147682
1 185814 101186
1 62052 98649
1 90455 26601
1 61193 105951
1 67903 82587
1 185844 179903
1 114628 45165
1 103368 86201
1 13702 165556
1 28540 38116
1 28912 118398
1 82834 33026
1 124108 56715
1 25174 107109
1 117543 38737
1 99802 129666
1 196326 126383
1 25008 134035
1 186855 170736
1 106728 108210
1 148571 8452
1 122699 56371
1 146787 16506
1 148888 22338
1 42346 7169
1 183999 121534
1 97027 49888
1 3803 192021
1 160323 34931
1 153523 196257
1 109024 163496
1 154163 132546
1 69067 131641
1 55719 42556
1 141834 194988
1 150329 174483
1 150938 58888
1 94380 98533
1 97093 161562
1 95640 186311
1 67071 176167
1 31464 37220
1 83653 174259
1 174481 127122
1 164089 165043
1 194453 167414
1 191032 110222
1 26423 145562
1 131069 49114
1 66688 180044
1 174587 70484
1 110131 144698
1 21301 103777
1 43021 104780
1 191393 183172
1 169088 130049
1 47421 21920
1 106224 41869
1 72049 164655
1 30125 17522
1 159718 62018
1 113651 40861
1 71782 170619
1 42336 46147
1 166389 177224
1 195381 162748
1 52463 994
1 23375 100256
1 97251 15813
1 173030 72608
1 53743 72561
1 58119 40743
1 174364 57826
1 140750 37809
1 168188 1804
1 131495 130923
1 58371 97561
1 88134 3725
1 111330 105895
1 23972 69556
1 23402 9532
1 9660 97475
1 92128 127244
1 81477 137531
1 43548 183790
1 176625 99801
1 12647 74394
1 192550 154417
1 189589 94630
1 93692 46601
1 179552 107905
1 100471 13879
1 8902 100721
1 173446 35838
1 150885 124425
1 88252 21413
1 30997 49774
1 23118 151897
1 44293 104843
1 162829 85318
1 67865 73554
1 81189 180400
1 94786 69108
1 3349 195479
1 10783 21667
1 92784 117836
1 90260 56328
1 128725 193485
1 27562 96383
1 185131 1640
1 180454 183642
1 106656 187343
1 126060 167318
1 151331 30647
1 75606 103703
1 607 37558
1 85520 196329
1 198137 142300
1 187575 120570
1 55500 115474
1 113907 8851
1 119076 141618
1 127057 130391
1 188472 88102
1 62244 14910
1 147949 147140
1 150493 63187
1 186440 133353
1 62441 150443
1 52082 55252
1 20748 106919
1 70770 83525
1 56507 39277
1 170342 101398
1 109631 73827
1 154115 86361
1 134535 58796
1 173710 110003
1 4558 5159
1 157722 80889
1 153966 124197
1 181123 146505
1 8387 159466
1 59307 9131
1 49156 62310
1 41269 129448
1 94942 91829
1 50047 65194
1 161426 37332
1 181988 173269
1 156113 3622
1 133041 23397
1 195925 90472
1 61990 193480
1 146371 31984
1 135473 3070
1 171263 26411
1 85543 96048
1 117007 91351
1 146819 30989
1 91827 116095
1 140834 77356
1 94084 93175
1 175998 56093
1 175884 63512
1 6059 54673
1 10533 12156
1 11215 65772
1 130069 41084
1 166054 73193
1 29288 112489
1 149110 75694
1 43855 57865
1 162639 16623
1 58937 146964
1 26630 5704
1 113264 814
1 199154 13142
1 179895 41062
1 133159 86423
1 150689 173999
1 46578 154626
1 154931 136285
1 168213 186472
1 146429 174115
1 36741 63052
1 83574 170892
1 53473 37312
1 43159 162295
1 70772 108929
1 71162 168407
1 11565 158740
1 160627 121579
1 171997 184097
1 117293 114810
1 143154 179791
1 43401 106450
1 84914 28641
1 160692 133697
1 67451 72017
1 85959 111252
1 28666 120939
1 52580 105359
1 173673 163564
1 166478 92973
1 56397 180507
1 144457 70810
1 82096 164839
1 165490 183213
1 43995 125570
1 159201 63723
1 144662 126461
1 10749 55352
1 120739 166629
1 27615 178912
1 198841 157277
1 166827 148422
1 25022 76733
1 55338 138347
1 114120 24938
1 157164 115811
1 45588 91831
1 167966 113491
1 50694 195451
1 4071 16046
1 57891 176243
1 134792 173232
1 193164 181210
1 144052 34523
1 169085 32582
1 186604 127473
1 133702 61766
1 11423 4146
1 170441 12794
1 65217 77080
1 169140 168499
1 175978 184784
1 158719 44236
1 22833 134522
1 31465 165127
1 152329 59236
1 118062 120235
1 50204 27970
1 162061 51357
1 122406 119793
1 13112 29565
1 33428 182765
1 109916 96132
1 8413 85329
1 25491 83419
1 40096 183822
1 152678 152382
1 189503 21741
1 180871 185042
1 72763 180361
1 35343 40707
1 16657 40584
1 66548 93474
1 80212 98713
1 45134 96254
1 6988 104755
1 154188 17025
1 172046 51468
1 90417 5837
1 147548 51480
1 118291 185559
1 181695 145732
1 42134 25988
1 169251 50418
1 179108 174146
1 118771 69559
1 142833 131112
1 52278 107409
1 102957 119761
1 40233 174637
1 125706 119158
1 24989 194393
1 157168 61770
1 68754 95942
1 114814 123803
1 118229 98114
1 199234 10919
1 76439 128180
1 50875 14331
1 128719 97943
1 134094 67475
1 162066 93307
1 52743 156781
1 130736 156345
1 43089 94447
1 73489 159862
1 172664 6076
1 155089 128155
1 124189 184529
1 68057 68627
1 116858 116581
1 50623 57094
1 81881 88385
1 20319 142228
1 92047 134941
1 96186 179476
1 136253 85885
1 101007 144782
1 54792 84747
1 54456 164726
1 177112 73076
1 59143 74732
1 38415 112264
1 41761 81969
1 79179 26381
1 166490 193899
1 65055 44772
1 188946 30491
1 90894 18655
1 134351 5981
1 20936 148130
1 130972 90208
1 173480 179000
1 115234 91944
1 160110 29176
1 87364 131842
1 199033 176985
1 108736 14534
1 15944 44626
1 146627 127122
1 191602 52150
1 16717 88197
1 26979 117519
1 74758 118394
1 27353 70265
1 154592 109702
1 51999 57792
1 159214 140469
1 84744 80573
1 11459 53057
1 169135 101550
1 121550 177491
1 93549 38997
1 67766 29565
1 30171 80403
1 42994 89207
1 165066 49157
1 14571 9882
1 160512 37854
1 107092 27419
1 64756 80645
1 168137 30729
1 144844 154481
1 37734 20105
1 39125 168004
1 192363 14864
1 43204 18661
1 16718 74529
1 104044 43488
1 174496 159497
1 91264 80450
1 63523 175512
1 48842 8241
1 29994 168162
1 159980 158345
1 104243 3830
1 108885 46973
1 42178 75420
1 38151 58733
1 72255 152597
1 43463 141187
1 48209 99278
1 165157 156307
1 190267 179046
1 156782 87923
1 115254 143458
1 3759 126168
1 157264 75053
1 150188 196914
1 187589 197845
1 90847 63689
1 93788 193858
1 26742 94617
1 124611 34809
1 93447 100586
1 52910 97617
1 56534 137844
1 118637 33012
1 36490 64050
1 177101 183833
1 179883 146181
1 44529 161407
1 175455 20939
1 89584 82606
1 174694 98240
1 60337 138154
1 43923 190869
1 185413 113336
1 149901 85647
1 168645 181462
1 171845 139810
1 28973 157108
1 190073 131918
1 30264 7864
1 63914 77817
1 122300 170417
1 98202 148622
1 188296 81242
1 14281 24278
1 169980 96722
1 15984 99604
1 14184 175643
1 13502 171686
1 160232 89297
1 75154 43161
1 14079 4395
1 178489 125772
1 104115 133751
1 26730 9610
1 141737 161938
1 123134 122657
1 143553 150503
1 161268 170567
1 45427 79913
1 133989 135022
1 72746 46483
1 160452 35301
1 69985 123550
1 89754 165426
1 6205 74243
1 121599 11118
1 103530 159922
1 188571 107617
1 153848 117523
1 135263 7326
1 110712 33148
1 5567 142497
1 59859 169587
1 46833 180775
1 73643 171301
1 65387 58253
1 74484 10727
1 32409 83436
1 116692 114348
1 186141 168499
1 91066 22918
1 78155 120903
1 141692 182433
1 12451 3736
1 50677 23550
1 2833 170948
1 126110 145772
1 9955 101681
1 2346 117836
1 91401 119526
1 41254 38982
1 156563 186090
1 152018 90631
1 134438 185759
1 175162 10621
1 196607 94049
1 77593 122452
1 146541 180571
1 80496 20978
1 196105 134057
1 90209 118896
1 100855 38644
1 90513 110300
1 67618 166090
1 113599 29100
1 122612 69820
1 178335 1924
1 176020 187197
1 123770 30314
1 141796 31096
1 39690 151816
1 138490 155314
1 135313 49699
1 116062 122594
1 159035 156187
1 108100 56781
1 143349 37667
1 96331 41189
1 167756 118722
1 96118 63586
1 118537 144457
1 79913 133730
1 57035 14934
1 78503 122623
1 120742 186442
1 146059 101039
1 138557 90567
1 8709 142624
1 115355 18989
1 112086 56148
1 63319 114773
1 160717 153210
1 50279 47309
1 3267 77071
1 111556 27030
1 10581 144627
1 84032 193372
1 42914 35919
1 169060 116149
1 89413 58599
1 94734 125469
1 142035 21563
1 126601 120688
1 67287 143843
1 150510 159272
1 38348 69418
1 49467 40279
1 88924 114730
1 188337 109224
1 32217 31978
1 196531 3858
1 159673 164981
1 82716 132765
1 169941 87163
1 183329 177434
1 179556 180781
1 142120 184604
1 8755 96980
1 95464 45948
1 21865 189809
1 3458 112972
1 173114 62107
1 28575 138459
1 199977 114773
1 47498 44458
1 88195 82287
1 109840 161580
1 12760 172703
1 16278 122052
1 46011 16415
1 169211 92282
1 83964 36809
1 57006 182719
1 86053 142578
1 147218 160547
1 85491 30404
1 160464 94803
1 108310 20255
1 71676 146199
1 53612 128306
1 175723 70476
1 193721 74516
1 85332 194398
1 78186 136937
1 186213 101257
1 143436 6514
1 52904 35280
1 153031 194804
1 191192 103486
1 153183 195661
1 48637 8028
1 92845 16275
1 195919 73780
1 37018 42223
1 113416 77764
1 62812 2041
1 57291 8965
1 61045 37588
1 188213 14238
1 26793 114763
1 63554 74275
1 125503 177325
1 86819 1619
1 26363 41062
1 99292 181969
1 171674 153630
1 23715 9505
1 526 180247
1 172279 55718
1 90939 117378
1 91582 114202
1 126834 38754
1 128290 192143
1 113453 131876
1 28141 63525
1 193995 140414
1 165860 128715
1 176974 27846
1 3873 3962
1 34385 107797
1 9204 61551
1 148878 70621
1 19643 112872
1 136336 182215
1 158208 165986
1 186356 24592
1 168083 188817
1 120743 94886
1 164585 186592
1 179227 188734
1 161908 30122
1 148170 145209
1 197955 55353
1 75759 30711
1 30044 72254
1 93185 191291
1 10967 14609
1 41970 101184
1 198910 51434
1 174377 183195
1 143651 166624
1 77116 87378
1 136065 143009
1 103792 114556
1 32855 93681
1 84021 71705
1 34944 146535
1 44380 130036
1 5207 93221
1 29403 49720
1 62667 21655
1 64387 198287
1 102974 25391
1 194944 67393
1 44579 166175
1 121170 170571
1 117015 37400
1 19722 173823
1 171839 63425
1 84104 123356
1 97636 90938
1 165235 75630
1 177292 92242
1 133306 47592
1 33753 103239
1 23817 166655
1 130470 187325
1 138831 66633
1 14176 162177
1 68590 63767
1 165986 22207
1 137987 149776
1 106580 134721
1 98583 195855
1 107526 137322
1 157414 156671
1 189960 90099
1 34511 75252
1 166349 44900
1 191195 131340
1 30592 128150
1 115315 182214
1 132774 189672
1 106652 122530
1 28085 161535
1 147317 33915
1 14003 88642
1 198003 189601
1 124435 170836
1 6619 123067
1 96909 73556
1 78081 170843
1 96828 153299
1 111168 41379
1 125180 38293
1 32057 152344
1 78212 51915
1 170192 72452
1 26754 98447
1 21923 67409
1 182773 184672
1 148237 31588
1 196559 157791
1 104796 37879
1 143115 7690
1 89102 163002
1 5388 81655
1 29714 108523
1 41911 34452
1 111165 172147
1 53010 541
1 12746 179332
1 8094 58974
1 128151 2418
1 88050 148267
1 59676 189135
1 121433 78877
1 170606 112778
1 16173 148431
1 23604 149832
1 164148 145049
1 140712 148036
1 185019 72075
1 140881 106404
1 106802 80492
1 111743 123229
1 25863 88628
1 139911 44169
1 48901 170503
1 139201 195463
1 142447 81332
1 30463 133266
1 33688 55086
1 114447 119397
1 105862 56522
1 10740 72206
1 15751 29689
1 48672 2129
1 146643 177351
1 105974 184192
1 48611 9748
1 13118 194904
1 99921 52369
1 182120 143263
1 39921 197566
1 193734 140411
1 38831 140258
1 42692 158740
1 46122 110283
1 23274 153582
1 138512 19848
1 165204 12097
1 136891 68452
1 63408 67354
1 93835 43364
1 88888 66102
1 40452 108804
1 88754 124125
1 10730 138925
1 64229 60220
1 72411 106554
1 146333 42374
1 142701 127405
1 58978 164429
1 60680 151980
1 82933 87388
1 112645 4033
1 16523 51543
1 44040 133520
1 89486 80342
1 153947 28251
1 196561 126143
1 86605 185139
1 108690 17954
1 174153 21440
1 3190 158874
1 109434 176629
1 134272 58465
1 127454 197708
1 191379 143539
1 171369 127113
1 72361 112679
1 57821 123436
1 39443 194826
1 53863 96631
1 14195 167166
1 56956 185633
1 15863 74450
1 130868 47707
1 116440 31137
1 178855 89602
1 166354 148784
1 51718 181349
1 61349 771
1 14844 16505
1 18061 150720
1 157765 197465
1 188414 149256
1 125646 96514
1 66850 177042
1 152655 29647
1 65622 87944
1 94053 125617
1 104419 103079
1 66611 167090
1 197690 93714
1 68795 198379
1 155378 69878
1 22840 20291
1 148293 55077
1 150398 153450
1 182345 161644
1 112597 24533
1 191979 49526
1 28818 169851
1 62897 136741
1 109432 155984
1 61873 28591
1 5134 93762
1 85453 160822
1 197698 75505
1 133169 133995
1 107069 562
1 24142 114981
1 51335 182279
1 66648 29949
1 118941 33176
1 116734 63405
1 151568 2677
1 151786 151017
1 99233 35855
1 94264 61053
1 59803 173684
1 570 86184
1 179056 185099
1 113580 83832
1 108439 152272
1 199093 80742
1 167525 81
1 123358 99060
1 134443 114536
1 14998 170181
1 101711 62842
1 40102 161277
1 173038 59377
1 102321 19738
1 21873 6262
1 93231 89489
1 66350 83058
1 154410 100653
1 167170 190469
1 75450 195556
1 75756 108103
1 196221 33979
1 178092 104062
1 190234 88668
1 88796 121184
1 167351 29301
1 143311 79562
1 114615 46867
1 139560 136640
1 108921 150464
1 145468 51495
1 29134 23194
1 92908 170241
1 84537 185653
1 10748 126696
1 93613 152306
1 26296 178637
1 19651 51744
1 132681 57074
1 12025 195347
1 151379 197349
1 23986 149379
1 166162 86846
1 84714 64104
1 50101 2652
1 181306 174739
1 67962 412
1 118028 155279
1 91658 142042
1 67679 10616
1 77655 18924
1 134846 28187
1 151604 187163
1 177853 73871
1 65397 199652
1 107061 7251
1 61895 27376
1 40128 174761
1 166354 192719
1 141239 64435
1 137997 166139
1 199659 107020
1 64161 60491
1 97186 164904
1 176322 25205
1 15828 96559
1 125834 163016
1 92389 109270
1 64855 55145
1 2724 38847
1 112998 114894
1 26948 80404
1 70129 181625
1 345 179487
1 182598 78709
1 196694 174764
1 168936 170326
1 139590 195169
1 77803 153837
1 151176 66589
1 189259 89162
1 63887 89169
1 91341 4022
1 107610 146331
1 54809 121775
1 137968 170025
1 114134 199270
1 115871 117324
1 61191 72631
1 153205 76699
1 13094 26216
1 63039 141195
1 94015 183141
1 140033 21389
1 134991 64697
1 71734 162343
1 58269 126800
1 79177 124054
1 104664 91628
1 25876 46563
1 85426 120101
1 187352 184772
1 30653 10405
1 177917 65205
1 19715 41060
1 1356 39063
1 105259 176032
1 146601 69833
1 74697 197663
1 21909 185733
1 37574 67497
1 23908 637
1 100593 123905
1 190522 51766
1 132964 14499
1 44812 93029
1 67803 40195
1 17430 76040
1 13073 155523
1 16408 49670
1 131229 190774
1 62165 149002
1 48844 96852
1 29453 195165
1 73919 141118
1 71226 163715
1 3974 162931
1 34249 41432
1 199422 26323
1 31642 63978
1 178152 124435
1 699 93401
1 9675 192384
1 114848 136813
1 92876 44344
1 46630 23352
1 171659 99494
1 185545 64685
1 119937 102653
1 86499 97663
1 44120 6008
1 19432 117182
1 110538 90065
1 178270 51054
1 124220 179967
1 169121 104809
1 13981 6707
1 92247 50296
1 181691 76437
1 97967 37996
1 79781 99516
1 7072 104514
1 8647 24108
1 151776 4471
1 165379 182804
1 45283 49768
1 63436 51974
1 44950 186286
1 55815 152569
1 194907 60665
1 61156 71292
1 169670 166124
1 64953 54973
1 45208 172152
1 162209 19066
1 150523 76348
1 194197 61894
1 166910 55388
1 118793 74560
1 173394 152224
1 198984 171598
1 28805 99727
1 83539 180448
1 44541 112588
1 174455 183459
1 147448 39985
1 17197 87748
1 133059 172074
1 150711 116135
1 116408 186260
1 160631 162919
1 159868 89814
1 14675 138255
1 140344 75774
1 50375 47641
1 199959 147616
1 2251 69862
1 35776 21420
1 109990 164606
1 182742 137423
1 199185 22153
1 171053 8524
1 72143 15181
1 101518 53531
1 63180 29482
1 141037 56065
1 116661 199700
1 21161 432
1 52567 64079
1 20998 186785
1 103099 79792
1 190374 30768
1 80513 22035
1 181326 88632
1 87036 101911
1 14358 180336
1 120845 2593
1 132529 65092
1 191491 116049
1 195040 103799
1 76658 12990
1 23408 169593
1 179601 6008
1 105468 173572
1 19226 119742
1 157343 71228
1 18013 150589
1 158073 75271
1 123044 196556
1 83365 49514
1 181837 81765
1 87096 49125
1 162404 115493
1 10110 84881
1 31424 196038
1 98864 43127
1 28320 196699
1 108153 10227
1 30085 198156
1 190571 20426
1 66130 93140
1 120636 17608
1 143395 28088
1 2438 144350
1 115371 173898
1 46590 82234
1 58962 84254
1 185715 175336
1 165837 63115
1 39242 151465
1 52478 102885
1 45496 155602
1 197774 92856
1 85824 58343
1 91145 166856
1 39471 33848
1 11706 101768
1 31829 107132
1 162439 137433
1 186438 39979
1 69711 84229
1 1744 56097
1 187394 32315
1 110142 84529
1 128128 113548
1 76238 144262
1 92085 67493
1 117550 143745
1 37045 38031
1 165949 108558
1 71699 16868
1 68224 27592
1 179847 59924
1 31266 71632
1 84992 122392
1 161584 21224
1 104646 9781
1 12757 48470
1 26069 81140
1 173202 65590
1 160310 107423
1 134401 53151
1 179038 20352
1 141899 137914
1 110923 162070
1 148839 122399
1 56989 16216
1 174549 169713
1 86131 145454
1 27931 13564
1 61383 132588
1 122238 2701
1 154571 151825
1 72131 33617
1 156355 110080
1 105127 155505
1 90022 198846
1 48029 173165
1 26288 161772
1 155719 53431
1 91147 45958
1 31864 152146
1 111262 141851
1 65960 99756
1 118389 198543
1 89271 129465
1 107986 49614
1 71526 23760
1 104019 68562
1 23955 48459
1 125125 10201
1 16373 197657
1 29192 77791
1 4312 139175
1 107684 120098
1 39386 47920
1 3114 103702
1 109734 84960
1 138511 134503
1 15919 26864
1 24709 121006
1 191663 22910
1 197340 58294
1 177698 79659
1 27032 102385
1 73917 77114
1 103955 75893
1 78388 31655
1 24404 66363
1 52523 149317
1 79153 191322
1 39100 137691
1 35874 84544
1 14698 19264
1 32999 53746
1 186147 60213
1 115804 66245
1 2299 835
1 95770 194652
1 18600 53334
1 137937 13028
1 187897 39256
1 198883 35021
1 100699 127762
1 131011 5386
1 138318 128255
1 9743 173132
1 178660 179762
1 106538 185722
1 162875 26410
1 127326 95221
1 54012 76020
1 149681 69578
1 11411 60545
1 54790 107448
1 35888 112135
1 93878 184803
1 174207 134045
1 70383 80281
1 161316 110546
1 15244 24900
1 186233 51214
1 19126 70127
1 7051 236
1 61499 88958
1 124819 95127
1 73388 29415
1 48049 49316
1 49980 171126
1 89839 75759
1 184599 78273
1 79668 126776
1 163776 127208
1 121542 121600
1 104430 83536
1 109573 16095
1 129256 28064
1 39460 197993
1 142303 164541
1 74921 7618
1 156108 159746
1 98600 127358
1 88010 76290
1 29820 59581
1 75958 80577
1 2759 185797
1 61317 51440
1 101930 51616
1 149030 81193
1 56263 42233
1 27288 18156
1 113079 51378
1 88846 109784
1 93126 90441
1 180993 54188
1 170486 151147
1 41045 123774
1 86707 43351
1 154479 167100
1 32403 136567
1 55062 29219
1 38610 179323
1 7049 85949
1 396 97272
1 181216 76512
1 6074 153536
1 96934 199139
1 167089 182594
1 24438 102562
1 143320 189796
1 48724 127157
1 92458 70687
1 34958 124524
1 42604 72987
1 36436 111247
1 196143 99979
1 65492 78036
1 12297 28810
1 4058 77920
1 133072 142519
1 181223 64771
1 26135 8142
1 174415 70894
1 36013 156488
1 158232 24183
1 62483 30580
1 83857 78991
1 147964 10007
1 179760 133251
1 197067 97089
1 71472 156721
1 146632 124848
1 105321 172811
1 18724 48873
1 155696 182417
1 169967 161685
1 16881 104587
1 37782 19610
1 114828 133061
1 98081 21179
1 16621 126159
1 2284 185841
1 82479 180404
1 92838 60681
1 123954 108154
1 198791 158977
1 14331 193626
1 126102 145694
1 125772 64897
1 4123 190609
1 182788 151112
1 74144 196299
1 175161 115439
1 125358 69724
1 61459 171104
1 110726 111315
1 19372 141729
1 734 19217
1 50598 193690
1 55454 9520
1 60492 109002
1 69210 95187
1 12717 122692
1 77073 25934
1 114805 113838
1 26469 162233
1 22861 132476
1 90781 163023
1 106612 169193
1 193497 38733
1 168606 195958
1 153812 113288
1 34957 173927
1 96352 30542
1 189615 168059
1 136989 150785
1 17399 188523
1 170234 105392
1 182271 31717
1 172016 71735
1 35740 54858
1 135356 82329
1 57667 82918
1 162972 90331
1 3996 57583
1 18189 27108
1 73125 193409
1 183043 62995
1 156873 81559
1 873 107168
1 29697 141
1 187098 83446
1 154154 103316
1 124192 10127
1 71976 29687
1 65068 155345
1 30586 2253
1 62550 85097
1 9758 192382
1 30550 170663
1 66792 163322
1 76675 191129
1 147038 170231
1 130314 94763
1 121111 83818
1 192178 3261
1 159700 137609
1 99279 125382
1 121245 72063
1 30468 53225
1 108896 165872
1 20349 178133
1 78022 65902
1 95660 97378
1 189399 156668
1 75907 34538
1 188945 69890
1 126130 79269
1 155395 103057
1 20387 35656
1 69999 154520
1 83955 159199
1 179872 170534
1 156914 161385
1 38153 84066
1 36765 14516
1 71711 74697
1 141531 67130
1 73145 87591
1 169526 127163
2 122144
3
