200000
1 156775 81217
1 189645 190093
1 183944 140296
1 49036 134290
2 177620
2 94628
1 111556 86121
1 186300 33400
2 164437
1 108959 49307
1 8048 117808
1 27555 100590
2 183457
1 41827 95158
1 169239 154787
1 118654 175359
2 127810
2 1337
1 29323 29745
1 78859 141071
1 50132 17297
1 68028 150391
2 93332
1 8304 29483
1 189728 129931
1 163787 166773
1 23240 40780
2 147621
1 56173 16212
1 51867 146517
1 49262 81405
2 97223
2 53011
1 162219 51921
1 20756 134765
1 60002 190792
1 35956 75798
1 60522 172165
1 86948 32620
1 126527 48083
1 154532 199751
1 78522 84580
1 67682 73703
1 86271 106591
2 1475
1 160561 196521
1 1235 94704
1 148167 55411
1 51845 149605
1 133232 92520
1 80870 145206
1 102586 34509
1 62524 177379
1 132190 3021
1 196118 136413
1 183309 110117
1 17083 119449
1 154813 50384
1 176530 113492
1 141557 181494
1 20883 121255
1 54293 196240
1 187438 105165
2 11049
1 80166 140025
2 186711
1 8846 153200
1 319 82403
1 158756 3631
1 70244 156852
1 15406 104117
1 60196 164332
1 100908 52080
1 151078 185704
1 5499 110904
1 12410 136236
1 56835 95190
1 114794 93645
1 173857 138325
1 72452 104029
1 156119 128717
1 141861 166236
1 199283 67181
1 36488 199197
1 7485 185032
1 1743 25590
1 66149 176100
1 25552 123884
2 78764
1 154934 133092
1 46014 78161
1 41789 142316
1 141510 45439
1 98793 95780
1 83996 61493
1 133549 57132
1 163374 181
1 176485 60372
1 48543 84849
1 90110 98984
1 57299 31474
1 51747 53757
2 44855
1 129623 29612
1 34572 40532
1 1708 122115
1 124214 50644
1 122710 72790
1 13738 139541
1 100483 101571
1 130818 67439
1 112418 173953
1 61460 22528
1 98478 121675
1 84899 72832
2 73531
1 80632 110407
1 33434 125505
1 129221 144794
1 44982 126439
1 192506 139365
1 31544 42193
1 144913 2186
1 155619 169388
1 21138 188914
1 111332 173945
1 31899 66745
1 113409 5465
1 54129 180889
1 161472 99288
1 43784 162901
1 180436 39548
1 86608 82663
2 190285
1 122575 68288
2 16353
1 192555 51056
1 5581 45939
1 50566 46578
1 47728 1318
1 142974 40904
1 51040 30010
1 48870 37905
1 32763 16043
1 118928 24586
1 108379 68093
1 36317 138035
1 151238 119817
2 56580
1 175943 9625
1 98723 116703
1 58054 91058
1 153663 148284
1 41242 131293
1 30663 81250
1 91616 124226
1 136964 89121
1 192646 91596
1 179238 146975
2 159692
1 192004 17846
1 117103 62557
1 185175 80766
1 147236 170894
1 14050 67767
1 158342 31221
1 142545 120500
1 59660 86830
1 95770 67724
1 43985 109482
1 193741 138253
1 103434 93625
1 171166 81567
1 92269 81049
1 53617 118326
1 27552 115135
1 178149 43836
1 30880 189733
1 156387 172606
1 132083 38420
1 90793 109141
1 89999 181363
1 133394 157784
1 67340 70097
2 19880
1 146404 191496
1 42966 85548
1 13297 162457
1 143174 167269
1 198721 37496
1 1215 30311
1 1692 118635
1 8100 78118
1 153707 190259
1 34039 8891
1 181315 124983
2 12100
2 142939
2 84401
1 86412 27107
1 107209 191768
1 132468 109025
2 23018
1 161667 129135
1 6987 7252
2 112324
2 58237
1 158444 127367
1 117 32058
2 20494
1 69136 51193
1 160277 71189
1 50833 129241
2 116723
1 199947 188446
1 122463 140961
2 177348
1 164982 24221
1 83343 93896
1 9919 149406
2 162525
2 50940
1 91014 86388
1 116085 23206
1 171774 176504
1 118324 39320
1 95425 23167
2 134401
1 144080 5541
1 10167 100515
1 48814 98409
1 16926 122756
1 156149 97150
1 115028 68576
1 125803 57560
2 184015
1 165193 887
1 102895 134165
1 137970 13712
1 124717 194184
1 3537 138600
1 22547 35251
1 71594 36948
1 74778 62164
1 99962 86463
1 77943 98666
1 137284 18064
1 198908 25729
2 31321
1 26155 96909
1 192605 171432
1 41131 198534
1 39221 198662
1 2306 156267
1 182122 170686
1 104761 139408
1 182681 104861
1 132702 22730
1 131012 4919
1 82638 194645
2 144568
1 800 64707
1 58566 122943
1 26006 104801
1 45863 159688
1 122467 15997
1 143440 170132
1 75026 11759
1 75931 149282
1 68302 148890
1 52018 92572
1 62930 65721
1 42523 173762
1 178643 101484
1 9284 80408
1 53803 87939
2 108432
1 67584 111689
1 52001 199458
1 128445 9432
1 186074 6761
1 82183 172397
1 155865 88044
1 124399 195124
1 16576 3544
1 52144 157661
2 180693
1 87701 86519
1 187527 182257
2 192134
1 77725 104260
1 12188 199528
1 51048 80972
1 198806 111439
1 2260 186687
1 42903 3464
1 23726 60003
2 27102
1 9757 40653
1 32584 104103
1 40698 102017
1 142922 42862
1 62348 162297
1 90931 53442
1 132116 51508
1 159135 172812
2 108210
1 139901 187207
2 177230
1 41019 167171
2 144450
1 65055 114455
1 135315 160636
1 9021 71024
1 169932 106783
1 123623 118045
1 165638 46936
1 176469 64208
1 77030 144886
1 92900 130746
1 145207 85816
1 146854 83965
1 53846 63132
1 72624 191058
1 111327 117349
2 58975
1 198845 157591
1 35655 16109
1 155738 193563
1 107773 179763
1 103472 173704
1 55482 182142
1 158174 36653
2 160199
1 26361 81412
1 49159 79724
1 185464 73612
1 58883 98715
1 80822 17785
1 41179 86684
1 34477 166324
1 69829 92409
1 78914 169621
1 65259 15339
1 29738 135470
1 14584 10820
1 19288 50590
1 194596 99485
1 140842 90709
1 35902 77058
1 146644 100514
1 38970 167197
2 4620
2 46865
1 59233 146635
1 130290 103551
1 161208 101005
1 176930 146914
1 62254 195305
1 149408 187330
1 187102 113531
1 199379 8193
1 3358 111940
1 63367 166785
1 56103 3506
1 159936 169489
1 111879 91634
1 121026 52382
1 110154 73337
1 41690 179672
1 59621 4366
1 55985 183138
1 96037 43484
1 145106 93693
1 150616 42487
1 9081 79671
1 130106 108781
2 72798
1 43671 193315
1 165008 127746
2 109111
1 57663 32402
1 13376 10271
1 7739 157504
1 90487 150052
1 9770 19986
1 141220 127568
1 1127 89841
1 43053 90599
1 123404 185378
1 50805 20020
1 126209 76715
1 107402 62489
1 50308 120202
2 146832
1 102827 73915
1 150184 93229
1 100428 103032
1 11289 134455
1 197259 82571
1 85474 169755
1 130872 146254
1 35703 72910
1 183628 117933
1 131171 159929
1 2519 137397
1 116886 110753
2 55275
1 104186 198576
1 863 196426
1 77148 111436
1 125591 128462
1 63321 193873
2 68057
1 137973 30296
1 129869 133561
1 119931 49492
2 51746
1 23785 191869
1 96430 11311
1 181021 117241
1 23557 188255
1 126539 55086
1 23642 149208
2 154117
1 130504 170494
1 72305 69806
1 77711 179807
2 28209
1 106264 190703
2 64142
1 70442 107792
2 163175
1 21512 134804
1 60689 68196
1 84599 131766
1 168624 162337
1 196854 116750
1 121854 6415
2 31806
2 24335
1 84928 135860
1 85747 81651
1 95864 24302
1 19099 181603
1 151609 25454
1 135558 91769
1 149257 78110
1 25178 180127
1 70727 199035
1 158318 41050
1 57582 108153
1 133047 181210
1 113576 161778
1 175094 146049
1 123095 64725
1 26656 24625
1 117279 58700
1 163022 198363
1 87544 46574
1 743 53637
1 39154 9062
2 31690
1 198840 13001
1 163369 62656
1 81000 189036
1 26722 158881
1 43114 76552
1 27049 155460
2 18497
1 93317 187201
1 162093 61313
1 188437 21703
1 143852 76150
2 43576
2 144303
1 58131 21779
1 199723 56747
1 119583 159651
2 14336
1 137112 132251
2 171254
1 89140 21754
1 89647 3017
2 93509
1 181621 143180
1 47241 177462
1 195037 99536
1 44349 114763
1 64930 25666
1 192746 47166
1 190293 107179
1 153352 181740
1 157705 190628
1 196452 199295
1 24134 73956
1 159467 197276
1 115122 139977
1 35062 49358
1 49724 125415
2 28502
1 67917 39178
1 97690 97825
1 135629 157862
1 71684 108350
1 32846 58084
2 50906
1 166045 78155
1 165511 72748
1 184991 170792
1 55937 198743
1 112188 63811
1 40652 37868
1 45402 183613
1 70393 7329
1 18790 110472
1 108461 177015
1 198656 92274
1 2475 41003
1 148517 84851
1 180007 42977
1 92828 99827
1 102664 52238
2 145701
1 101268 54780
1 161422 73055
2 62958
1 124995 4031
1 185583 118904
1 108509 19212
1 133142 65051
1 136298 100657
1 73478 45708
1 122126 193381
1 109919 1203
1 20488 86240
1 23691 117343
1 194012 159277
1 82566 81000
1 6850 194802
1 161389 8228
1 28176 134461
1 182664 133517
2 176358
1 23117 199258
1 30771 48472
1 22070 69224
1 193073 23713
1 70640 113416
1 40001 186693
1 176031 133548
1 97742 110407
1 34308 105710
2 140331
1 128651 141226
1 169754 163176
1 99939 29459
1 160479 34644
1 14206 70053
1 58795 10323
1 172400 110033
1 7694 50722
1 38831 52869
1 114549 160360
1 74971 169043
1 109400 147328
1 37133 119520
1 71525 178243
1 123749 138065
1 125804 32219
1 131854 185843
1 3788 154245
1 128661 72874
2 153629
1 94565 132266
1 36310 48159
1 151089 9269
1 2891 108259
1 30860 120797
1 198169 94008
1 176245 8021
1 28282 198169
1 174772 30184
2 25732
1 114354 100879
2 163347
1 196030 161822
1 9614 161651
1 97302 31842
1 16478 84298
1 89078 174002
1 27225 113536
2 129345
1 37833 187512
1 138306 105992
1 182709 156884
2 55976
1 121095 187202
1 30986 89306
1 137501 129947
1 155134 94463
1 196913 77000
1 116449 54343
1 42445 158164
1 80835 54968
1 139413 192064
1 42829 71478
1 94224 64490
1 157481 96979
1 93430 7544
2 118511
1 179799 154940
1 65003 135252
1 20962 96030
1 130763 142990
2 42311
1 6595 33504
1 22073 65562
1 156995 194491
1 174725 94130
1 111438 191779
2 18198
1 167926 66339
1 56457 135878
1 175703 160002
1 154671 65462
1 139403 32598
2 154084
1 137511 2009
1 155387 194399
1 159289 42288
1 3640 82361
1 172837 114417
1 122733 108768
2 78816
1 113498 10497
1 70853 100163
1 35509 84968
1 167858 65396
1 64726 101429
1 130078 153428
1 8223 127843
1 3581 162346
1 118203 150496
1 75197 125648
1 164301 83740
1 24015 184477
1 93785 79248
1 629 61970
1 46514 171410
2 141454
1 67649 72996
1 148738 19807
1 125199 142178
1 159995 125988
2 80677
2 135052
1 139479 106058
1 159063 164620
2 148928
1 69875 134719
1 109406 9406
1 33058 71343
1 128974 154004
1 44707 35499
1 352 187447
2 178620
1 27109 145158
2 125610
1 60601 135512
1 20460 43725
1 101038 9760
1 131907 112569
1 13072 116467
1 31881 27538
1 89732 57135
2 169622
1 99509 194619
1 20883 17341
2 20542
1 71599 166690
1 42791 114421
1 153252 92813
1 87673 116337
1 9342 129863
1 149342 122285
1 97434 94882
1 182966 159692
1 52099 25722
1 85259 163054
1 183297 55584
1 97350 129586
1 112101 84681
1 151315 140300
1 57107 61112
1 94545 102345
1 135121 15337
1 191615 91041
1 120335 82240
1 175011 93500
1 166071 40113
2 170429
1 65124 169142
1 5310 196203
1 194047 161035
1 104234 94558
2 135021
1 141095 24693
1 94833 191578
1 13449 32605
1 4176 28663
1 131045 106136
1 156060 119855
1 184508 145502
1 97727 4815
1 186705 94009
1 49781 102385
1 160220 28561
1 21850 48618
1 62131 164211
1 175864 159028
2 180789
1 144264 100945
1 87540 51832
1 98894 2666
2 188520
1 176894 105225
1 184935 45108
1 5347 124765
1 178825 8639
1 183449 34826
1 114021 195551
1 184414 2141
1 182329 60194
1 114409 112343
1 164443 18138
1 117114 83166
1 61736 182951
1 92967 23971
2 89136
1 24299 111972
1 144563 84895
1 124135 67347
1 140221 158383
1 63032 53260
1 113401 29005
1 72226 196270
1 70132 193288
1 88813 87015
1 13839 161473
1 126165 61056
1 75210 121743
1 195059 11756
1 155026 118002
1 186284 117970
1 3982 7162
1 142744 60632
1 183591 31416
1 35445 129395
2 141078
1 24874 188685
2 102092
1 40786 22575
1 93365 67397
1 176336 79262
1 122476 135314
1 178081 10985
1 119663 152570
1 53022 12740
2 129824
1 126685 78505
1 70266 34682
1 13195 134998
1 174551 184341
1 41948 72341
1 183481 188406
2 56892
1 91394 153227
1 197982 99348
1 62388 172756
1 161577 160147
1 86515 97505
1 119000 168127
1 182690 129586
1 163602 198587
1 163591 178596
1 8835 36123
1 102877 125727
1 198147 14438
1 102357 171520
1 58372 46699
1 24686 29321
1 66559 154631
1 122423 159752
1 168800 58805
1 54434 99653
1 180849 131606
1 22923 58992
1 160132 80195
1 91017 52682
1 155941 19537
1 20148 107794
1 143295 138212
1 196215 194419
1 35022 159992
1 111192 178988
1 153989 68971
1 75910 184767
1 110976 153038
1 192482 184798
1 104556 9709
1 134544 121938
1 121525 72028
1 198143 81262
1 61744 103109
1 150967 183347
1 2314 125168
1 37539 12165
1 149872 155601
1 125407 101966
1 156352 74840
1 194499 119345
1 101041 5237
1 94192 109490
1 187326 173610
1 8218 63907
1 46680 185877
1 113751 51282
1 192076 80957
1 189991 14577
1 107378 153245
1 183492 170502
1 126808 124975
1 87403 141396
1 62511 82938
1 180971 97864
1 139059 10975
1 119917 139880
1 17312 49632
1 100357 36090
1 194579 9778
1 95096 102961
1 126590 27396
1 24718 16413
1 196048 136336
1 184922 14994
1 169444 69154
1 68487 98393
1 67049 148582
1 60069 1110
1 173778 160246
1 136115 163066
1 77566 20324
1 64111 32042
1 173610 83781
1 89500 185391
1 111318 35006
1 59092 179935
1 18869 180051
1 83854 159435
1 99225 69486
1 155120 148842
1 182621 89900
1 148121 173957
1 17876 147438
1 67624 21477
1 182962 66462
1 88209 32250
1 23226 156160
1 158945 142605
1 22183 81275
1 108622 14505
1 18399 185192
1 85381 96452
1 145301 29018
1 194542 140916
1 155517 57518
1 113667 21327
1 69237 100949
1 157201 138083
1 155889 196895
1 155981 100888
1 197991 182665
1 46426 165474
1 155005 178634
1 150938 19371
1 50224 128731
1 83443 173888
1 186502 141446
1 193763 39802
1 71413 78448
1 174407 114224
1 179477 52201
1 128360 190747
1 169412 95026
1 196296 167241
1 117528 88336
1 2283 69319
1 197642 166800
1 125225 129480
1 105632 101404
1 86386 78875
1 143899 79229
1 100898 36108
1 23651 173552
1 18375 131224
1 36271 24814
1 101553 182167
1 41401 1590
1 45946 73189
1 164002 160670
1 103381 190097
1 123425 71834
1 106587 119370
1 4529 116619
1 194771 169734
1 170235 169803
1 140738 43380
1 1922 112952
1 167860 36197
1 44686 66623
1 119561 177078
1 60058 149931
1 155523 73281
1 49345 109294
1 60495 161348
1 15143 152879
1 58385 77650
1 80484 10196
1 15221 151545
1 38582 187921
1 185203 191731
1 97063 11313
1 188770 39760
1 148667 48485
1 136320 148643
1 162015 83851
1 115136 96300
1 66382 12992
1 11670 36230
1 50886 198248
1 105727 33682
1 156331 165693
1 146388 167332
1 123449 127191
1 3024 11948
1 190191 26235
1 193375 58022
1 48250 119078
1 69673 91142
1 99040 38619
1 101023 60766
1 82926 39083
1 41541 52626
1 99555 48644
1 183361 174654
1 86814 87293
1 131619 64998
1 137158 76705
1 22901 91358
1 110328 108794
1 102404 43835
1 18678 18016
1 56687 121145
1 909 38913
1 49456 29934
1 115975 107059
1 70888 158383
1 145235 82488
1 51952 158912
1 104434 105552
1 33821 136514
1 42659 96709
1 170898 53464
1 74064 31859
1 68621 138906
1 137529 132950
1 147626 21566
1 69026 41112
1 115452 4803
1 156409 151003
1 89998 104800
1 157642 154244
1 60404 37164
1 175398 142857
1 144664 133519
1 148497 88316
1 154177 74792
1 196587 19095
1 188326 120512
1 138017 178186
1 73843 138991
1 192533 39747
1 18458 106381
1 71690 14717
1 96158 74780
1 166549 152396
1 47708 52276
1 128256 173671
1 190107 166318
1 165248 151863
1 8597 135957
1 78681 113375
1 169926 178378
1 63184 76812
1 176372 694
1 166353 9214
1 155840 96949
1 11938 51480
1 40428 194176
1 32072 190757
1 33004 47004
1 196472 137259
1 49393 17346
1 113857 98803
1 190964 154958
1 49847 17945
1 56896 134187
1 87203 89489
1 75779 118654
1 120809 43131
1 144086 196882
1 88825 52649
1 36171 199556
1 187450 183149
1 109046 187952
1 39539 136808
1 128127 101403
1 71228 99856
1 23398 188770
1 118309 83073
1 161176 90403
1 112485 142984
1 94129 90666
1 179973 196140
1 21073 63134
1 21773 99261
1 133668 109164
1 195631 188705
1 37869 75380
1 194419 10652
1 148307 60211
1 38947 24351
1 199214 15665
1 15928 74196
1 98899 44204
1 32260 32873
1 184094 178628
1 11040 104923
1 108223 17704
1 127768 45253
1 132616 112512
1 48278 49961
1 175158 161948
1 192397 167742
1 141053 99741
1 16935 36986
1 135321 94243
1 109552 138978
1 182098 130550
1 7171 69775
1 6415 12216
1 152822 41090
1 76895 48139
1 44866 13739
1 156675 91455
1 137717 125751
1 122303 16510
1 162331 109080
1 19747 183419
1 166697 56921
1 67348 86360
1 121324 149538
1 18976 166422
1 67506 6728
1 194435 3907
1 56823 128856
1 66483 95455
1 143955 143909
1 191218 127055
1 193889 126992
1 88148 56325
1 175795 96664
1 47695 168303
1 96884 18146
1 129155 164127
1 156125 76298
1 186378 152123
1 90908 104554
1 116226 156326
1 54785 40489
1 59480 175598
1 50155 17288
1 35350 106935
1 84595 114345
1 172784 72679
1 61975 111841
1 51467 157844
1 94185 155648
1 196687 171499
1 82937 165534
1 85167 197794
1 183616 7592
1 60918 6687
1 55246 42026
1 134932 102442
1 125366 131999
1 165801 109456
1 115959 77110
1 58833 70170
1 95150 47591
1 184304 19437
1 130491 42615
1 113536 1091
1 174961 122440
1 15832 85962
1 118018 113317
1 132223 23706
1 44265 60491
1 68593 104093
1 145114 140347
1 92336 72057
1 139047 20799
1 134543 123458
1 127219 99067
1 80763 107422
1 69084 149687
1 150667 71160
1 138981 145321
1 56778 128681
1 112546 196040
1 178689 23780
1 75367 84814
1 90442 26593
1 76594 38412
1 96018 183115
1 44248 131893
1 4270 135533
1 66541 80676
1 186530 90
1 90808 21231
1 183789 189917
1 103126 148976
1 165209 107424
1 72109 138448
1 52545 75936
1 158420 185943
1 87011 141905
1 171904 57777
1 151593 80077
1 84914 148803
1 160562 196419
1 170207 21487
1 90406 104861
1 4577 163172
1 179641 156082
1 78940 143721
1 16511 186029
1 77938 85738
1 138417 99645
1 92779 101892
1 128638 111935
1 81119 94093
1 12374 181545
1 97317 8424
1 147763 164408
1 172993 96264
1 180905 117339
1 51465 39874
1 139695 126113
1 137881 80663
1 108845 91936
1 149240 25665
1 72456 23592
1 171786 86078
1 128940 18664
1 125175 145564
1 66457 84254
1 11419 91844
1 199153 123844
1 135727 183561
1 133249 46841
1 88183 156465
1 51982 41709
1 191598 44357
1 40225 160593
1 47278 8214
1 135829 78846
1 102244 63889
1 194145 79653
1 172340 134020
1 88481 74103
1 172329 158832
1 154281 39189
1 70816 51410
1 187533 157178
1 126580 140268
1 196202 57319
1 175340 57881
1 105593 49872
1 68324 198801
1 81173 73541
1 173881 130809
1 131722 54563
1 140921 28462
1 143329 192316
1 148106 98515
1 66473 117379
1 21337 77849
1 102727 117820
1 143430 40591
1 103553 108003
1 44046 125738
1 115079 150620
1 133240 47510
1 182723 21276
1 139268 52285
1 183459 7765
1 94481 65495
1 90724 2983
1 199757 108211
1 77280 69764
1 61090 135428
1 14299 164196
1 11487 28911
1 177867 105515
1 96997 199956
1 168230 35672
1 73619 87771
1 85680 124079
1 166067 25281
1 188548 78760
1 45542 197090
1 144994 177113
1 32397 43849
1 127802 173666
1 147898 78070
1 3128 45015
1 136662 67374
1 81040 119475
1 133524 82761
1 180940 2042
1 88661 118264
1 104915 34671
1 140893 134742
1 194876 142584
1 191286 136753
1 13587 19470
1 126754 127000
1 40939 186090
1 36423 31782
1 191204 199404
1 69974 48207
1 153919 146764
1 126973 171690
1 39584 10950
1 16974 170752
1 139810 30914
1 134830 144596
1 45089 158274
1 199170 157044
1 164931 96847
1 104919 114622
1 137161 71909
1 122513 116790
1 93397 188382
1 50454 81223
1 57148 86109
1 59195 114263
1 51661 147323
1 198703 184336
1 143586 7095
1 127398 79788
1 145510 98905
1 44233 832
1 160615 186279
1 194588 180556
1 53023 155148
1 166575 65154
1 78077 152773
1 152649 45844
1 169017 141902
1 146258 3523
1 120407 135117
1 198848 39782
1 146683 52349
1 38020 159351
1 146158 64668
1 28853 13859
1 170672 123096
1 111100 30995
1 142399 12728
1 192706 7159
1 73509 155143
1 38487 175187
1 107208 176263
1 1892 165644
1 174638 143315
1 199891 188147
1 111120 3604
1 62525 21651
1 31521 124776
1 37844 61048
1 154526 84623
1 189393 82752
1 35095 115096
1 163041 116902
1 113086 180619
1 182603 176844
1 54064 76697
1 101349 58633
1 17154 96257
1 34104 116659
1 136397 147587
1 124465 188783
1 142653 122954
1 61385 80310
1 172502 167189
1 54903 104810
1 156807 99687
1 160980 77977
1 140980 199535
1 151630 84432
1 128318 9274
1 80657 5924
1 99414 34904
1 62003 42237
1 17858 132492
1 61471 62500
1 130926 115640
1 97156 105102
1 11062 174855
1 37886 114857
1 175027 176924
1 55557 8486
1 179268 7739
1 73365 53895
1 155230 33399
1 1309 90986
1 84055 193436
1 10091 192791
1 175151 126173
1 119384 129030
1 146208 106752
1 33008 118453
1 5544 23688
1 43748 41705
1 32532 145060
1 86131 188033
1 4943 199318
1 146838 56067
1 178475 178853
1 4267 64545
1 42734 61127
1 80741 143436
1 65568 96905
1 193841 125052
1 135636 80321
1 73003 60798
1 58486 102774
1 184642 127294
1 198292 177293
1 110249 176343
1 119407 90807
1 197184 121817
1 56835 195865
1 137730 74074
1 12884 76540
1 98288 67456
1 127804 39030
1 45181 191437
1 149938 191833
1 93883 34603
1 141725 87066
1 83782 69882
1 186905 93060
1 133999 79064
1 136073 25310
1 197868 168305
1 10846 35801
1 62909 64903
1 47206 63615
1 148385 188098
1 134744 50776
1 74235 170299
1 145375 27550
1 54015 142725
1 49125 8228
1 191841 74494
1 175137 153922
1 156288 165076
1 164836 144579
1 193550 158811
1 31072 95891
1 48579 124046
1 177209 101155
1 19907 171875
1 3921 54750
1 31052 179348
1 9487 177361
1 167012 157611
1 80239 186326
1 119426 167565
1 114256 71682
1 111740 130634
1 134137 17999
1 134001 25700
1 161260 196876
1 162615 21278
1 150000 94403
1 142279 56519
1 55258 44651
1 91304 53190
1 119132 88784
1 53529 191720
1 87376 28415
1 13635 181095
1 64133 49782
1 141598 30845
1 20363 140107
1 109154 3370
1 85436 49563
1 148465 168514
1 151052 23798
1 83970 159738
1 181458 18504
1 20497 128755
1 149527 187915
1 24581 102792
1 17310 172332
1 113954 100821
1 62900 13242
1 52528 37384
1 2617 122326
1 92203 114284
1 69871 138391
1 45228 17844
1 44611 154109
1 70744 41732
1 53274 27928
1 25799 102342
1 92510 46649
1 28151 122347
1 128584 197274
1 126706 171392
1 183215 75017
1 28349 61171
1 33170 133851
1 35907 3558
1 42402 23630
1 125505 143027
1 180628 54398
1 47347 159360
1 188389 177292
1 115966 85829
1 158574 194828
1 130398 23963
1 71723 116334
1 37971 30087
1 156102 65391
1 45192 126471
1 120104 12737
1 37380 44444
1 101507 124088
1 68820 89752
1 139225 56374
1 23160 80618
1 60369 27608
1 124557 30631
1 93947 96738
1 92347 166811
1 31458 9449
1 2144 180816
1 96721 60864
1 157819 46046
1 169512 146980
1 40221 71156
1 68577 111851
1 61517 134118
1 109342 117610
1 11259 180727
1 49078 99878
1 17832 135912
1 158015 159614
1 134355 142273
1 169437 176022
1 161127 106143
1 15435 181703
1 54115 85182
1 5609 121285
1 39049 123337
1 83719 71632
1 98379 47392
1 58738 71455
1 92978 10473
1 174140 116106
1 46801 66394
1 122896 156598
1 72297 147269
1 186421 54854
1 9502 22757
1 161378 61632
1 112474 121704
1 51203 107006
1 7616 145597
1 145483 97942
1 191700 145375
1 113403 99403
1 168 18402
1 109361 196021
1 36234 197438
1 77237 26606
1 152044 129306
1 197887 7359
1 87060 159002
1 7628 185098
1 188357 185259
1 129891 14392
1 195949 109262
1 141026 24230
1 122127 61732
1 158606 129739
1 87732 14713
1 127771 100781
1 120462 190035
1 106873 112069
1 63789 6780
1 7968 38384
1 114149 93134
1 168924 141335
1 191423 91007
1 31708 32928
1 134175 155309
1 7415 159254
1 86006 127979
1 111040 166487
1 5033 107596
1 172555 77501
1 67329 65774
1 28480 46862
1 3156 82891
1 82400 22375
1 84979 162684
1 16661 160422
1 84885 117007
1 22911 101399
1 25668 93643
1 127612 130466
1 191174 3585
1 172855 157427
1 25550 89941
1 166388 167145
1 116644 155788
1 66010 21634
1 137171 155287
1 24385 155526
1 158353 50337
1 92414 3379
1 139252 176214
1 156461 105642
1 30354 111093
1 109887 93656
1 121017 170263
1 152580 188198
1 175185 138559
1 135546 182373
1 115470 17636
1 176278 49076
1 10138 87869
1 18642 143796
1 82562 14604
1 73591 42285
1 163615 90734
1 185965 75970
1 17864 16801
1 33472 72978
1 82870 98775
1 176629 26288
1 43512 153466
1 65165 47814
1 124248 142272
1 39513 58565
1 118476 169521
1 62847 2384
1 143010 32310
1 107595 102697
1 94630 1444
1 195066 117916
1 981 182921
1 124034 27690
1 185991 97142
1 144934 86776
1 75288 164621
1 39352 26233
1 31895 64461
1 48495 182425
1 137139 1883
1 91755 184811
1 74018 24467
1 123847 114709
1 125331 59088
1 164958 39995
1 148183 197496
1 130529 181481
1 147787 69195
1 165464 185220
1 27593 142252
1 130997 8883
1 111119 173808
1 173601 124874
1 14704 99495
1 33985 58935
1 85626 96810
1 32010 35696
1 160359 19172
1 22917 29020
1 77895 98466
1 88995 122496
1 43245 17695
1 98052 34029
1 194329 156811
1 150404 116521
1 20966 160604
1 157896 76315
1 4981 92504
1 22984 9978
1 93786 58593
1 198812 174520
1 166277 158786
1 127243 171946
1 28402 185657
1 196818 73211
1 39061 16581
1 92977 147538
1 39424 15090
1 4988 50113
1 144663 11426
1 51041 49071
1 95031 16990
1 28085 140552
1 137697 6173
1 900 170147
1 144044 33107
1 126424 135156
1 82348 192637
1 76680 101491
1 127133 117548
1 187909 3404
1 114197 165329
1 124001 65928
1 127465 86216
1 108577 192827
1 46685 155431
1 173573 187888
1 129234 5001
1 85461 142226
1 89451 134101
1 70701 150492
1 78528 192084
1 90828 86339
1 195783 60275
1 76121 195617
1 119871 126037
1 9847 69157
1 70431 33117
1 32651 100602
1 90814 183226
1 140042 16693
1 126532 132532
1 57672 71555
1 103696 100469
1 178047 152081
1 76267 32411
1 152796 199101
1 182061 60541
1 34256 17469
1 92910 14844
1 143637 47630
1 47536 155980
1 59711 5792
1 142795 175746
1 151558 53376
1 32729 41120
1 181648 90502
1 65122 64542
1 105667 184767
1 82570 17339
1 24971 187037
1 68153 104773
1 57705 99038
1 13451 113573
1 45693 11962
1 118522 52398
1 133333 21841
1 170440 151655
1 147830 21588
1 139185 8663
1 64938 197170
1 19088 33937
1 87947 79237
1 528 188991
1 42702 85246
1 181910 180979
1 114451 54542
1 171949 50091
1 178539 6807
1 138802 98469
1 41835 17106
1 46337 49188
1 106289 20610
1 194911 188097
1 177268 16664
1 65769 71797
1 192848 77672
1 109053 72229
1 136017 185996
1 68391 102191
1 159104 162583
1 196622 96372
1 123692 9213
1 29343 12519
1 22651 4736
1 185978 14420
1 119665 7198
1 4060 82100
1 111872 119032
1 156301 131120
1 177488 838
1 114187 104691
1 180752 88826
1 153270 93557
1 84925 86706
1 21821 93829
1 70322 70626
1 187721 111447
1 61233 172608
1 174312 188302
1 187825 11569
1 182331 152779
1 13288 66548
1 7012 128502
1 115290 72781
1 124650 139277
1 22051 35829
1 102831 90282
1 171201 136320
1 196885 184409
1 77157 94351
1 174380 16026
1 59323 135863
1 103518 126899
1 182648 155440
1 92638 34811
1 88356 23874
1 64398 157090
1 58151 112429
1 139567 34820
1 180504 171736
1 199439 185455
1 117572 103869
1 189550 128050
1 106812 171346
1 145201 149992
1 79394 22459
1 144138 123270
1 94708 194734
1 89511 65761
1 130585 91686
1 133146 199107
1 61996 185548
1 55433 189616
1 144391 57058
1 71255 101619
1 18834 198769
1 16594 95662
1 87052 190966
1 147166 100386
1 152088 172489
1 198050 31291
1 50507 51214
1 198513 21280
1 46261 161311
1 23675 133369
1 15469 184760
1 192629 137601
1 28130 89445
1 35077 21966
1 103264 92073
1 109875 146654
1 94431 147569
1 119052 5860
1 85522 42360
1 16409 100499
1 76014 120507
1 27519 131306
1 115577 54304
1 68024 55232
1 187157 100194
1 191282 133842
1 127308 107584
1 150597 152715
1 89694 132134
1 2395 168147
1 117129 92060
1 149786 106714
1 170712 182254
1 166998 168934
1 179503 110875
1 112053 19100
1 62549 30785
1 198690 123852
1 139779 103817
1 122614 117631
1 49580 50895
1 53220 148037
1 84621 41749
1 81380 87225
1 5879 176872
1 111969 137943
1 148890 182482
1 147366 140930
1 123092 14657
1 14342 115663
1 116922 47991
1 127116 22486
1 84966 92212
1 128610 43577
1 177090 139233
1 8069 69685
1 52243 82174
1 83305 113961
1 70025 38030
1 185512 147364
1 95878 103425
1 120945 184500
1 174188 137442
1 140974 28972
1 102700 52866
1 92086 84469
1 151244 162852
1 66932 151256
1 39225 126699
1 77719 85962
1 157005 173120
1 41212 107641
1 12130 31752
1 155033 109078
1 28247 4485
1 126699 165540
1 188450 24843
1 20641 172992
1 83159 185382
1 8330 153136
1 18168 123786
1 128701 181936
1 187645 120187
1 67335 152763
1 189413 112829
1 73050 149591
1 125885 71487
1 100659 52068
1 32880 189379
1 146124 118694
1 27216 85649
1 20228 1744
1 187236 108316
1 133003 152595
1 107250 157429
1 162322 147367
1 97551 177903
1 188338 21977
1 71268 143442
1 67868 195414
1 10435 964
1 196033 139255
1 98922 155124
1 81154 135053
1 133334 26888
1 179098 175727
1 138252 140234
1 135370 149761
1 96612 119886
1 141894 7366
1 94806 1127
1 130334 35817
1 94025 50506
1 36207 126152
1 107546 44163
1 107467 65474
1 11178 88151
1 55973 161603
1 19819 137656
1 134017 187661
1 93547 20400
1 67100 5705
1 125666 76040
1 120407 177486
1 185465 27064
1 113834 181105
1 132507 8468
1 33478 31181
1 124415 91316
1 93259 57108
1 146166 190756
1 120171 131799
1 112371 156365
1 67614 21714
1 89497 112548
1 107016 110716
1 8648 57874
1 78056 73741
1 91946 52003
1 136514 185360
1 6523 74162
1 127630 116523
1 59224 74772
1 176354 110444
1 137 69636
1 86430 137366
1 4305 26063
1 143062 180908
1 134069 17600
1 2629 117117
1 119371 98318
1 134512 44913
1 33541 80581
1 159063 133331
1 58045 819
1 73763 86942
1 99395 70292
1 59660 153805
1 17637 153279
1 113483 14685
1 152191 82513
1 174656 51493
1 111491 80410
1 190819 92186
1 175433 32839
1 22192 123676
1 31514 138640
1 97295 22980
1 3449 5603
1 110466 56562
1 42739 174416
1 120274 18385
1 146729 30774
1 148731 91310
1 112987 156269
1 36823 144825
1 150071 63797
1 52617 186586
1 148963 185631
1 22250 1464
1 54790 43386
1 80249 176070
1 167709 89153
1 95678 81231
1 79741 64259
1 85439 36994
1 4131 49554
1 197415 186689
1 65604 129008
1 164019 119463
1 146066 23606
1 41695 65752
1 2828 19207
1 85265 155341
1 177033 26037
1 51140 107487
1 72262 147185
1 111798 179475
1 136877 102841
1 134998 183015
1 39848 117244
1 129000 147869
1 42406 111441
1 113146 40069
1 99565 86234
1 11789 132303
1 141473 103923
1 141372 194641
1 64276 172703
1 164528 99605
1 52366 61171
1 104071 138790
1 57566 151940
1 177537 181789
1 87074 180751
1 153261 180455
1 2067 146536
1 142356 4184
1 85908 43814
1 44388 132662
1 18876 110284
1 75039 31295
1 188065 70522
1 77636 70076
1 60967 132501
1 186942 88650
1 100938 6899
1 110668 51238
1 6824 53516
1 186353 5817
1 106643 38301
1 99997 174053
1 83349 153694
1 118618 100366
1 165508 95143
1 173627 142315
1 94280 49758
1 81922 132878
1 18729 82084
1 70417 62258
1 189534 78529
1 178451 1862
1 17812 184716
1 555 177399
1 191612 134495
1 4573 2306
1 86744 151674
1 156860 142329
1 192135 37238
1 185172 91989
1 63950 150510
1 189528 49149
1 196649 194920
1 56590 84758
1 41682 159562
1 102841 100107
1 158545 43451
1 99848 133726
1 28421 190230
1 12861 125872
1 71985 57750
1 52703 32653
1 82058 12222
1 163876 113404
1 30528 101320
1 12825 51269
1 159947 146193
1 165972 58051
1 163128 7811
1 95260 145260
1 40948 99522
1 92118 180510
1 94231 84187
1 11059 15789
1 193524 69737
1 99992 99050
1 288 19657
1 101838 97461
1 129089 7297
1 198955 162374
1 22297 42348
1 196481 90423
1 177491 136042
1 100933 88022
1 96717 120645
1 59842 30058
1 114726 116774
1 134527 98948
1 135561 43897
1 11821 112136
1 110970 27165
1 35222 187772
1 101089 137873
1 90562 161104
1 179669 76955
1 75179 169326
1 101994 173947
1 31908 36803
1 189437 170127
1 46469 112462
1 74687 164168
1 63706 164456
1 50880 27213
1 133068 162517
1 71422 3757
1 99343 184394
1 105199 67082
1 161101 40063
1 28363 102852
1 17747 119478
1 58012 31269
1 44475 101260
1 187338 93131
1 90266 118528
1 62626 34010
1 24618 144706
1 19175 169954
1 81082 141630
1 151580 37966
1 65749 54888
1 106639 189839
1 133167 26633
1 45930 58377
1 54295 131338
1 111414 171196
1 81753 173056
1 84593 97013
1 192179 39738
1 91218 178037
1 38843 47367
1 166169 108322
1 50510 10698
1 80412 33709
1 3580 41282
1 190159 70275
1 80177 85397
1 96980 143672
1 77799 178141
1 174915 101936
1 171915 195766
1 152187 198288
1 21932 6
1 73834 92132
1 67307 115981
1 110873 6866
1 12127 71535
1 57147 116863
1 161928 189504
1 114039 100671
1 135094 181775
1 195252 55235
1 97274 135093
1 108644 188030
1 100430 74911
1 141716 133336
1 142080 14746
1 130546 20887
1 144037 87903
1 199583 127818
1 47227 194144
1 121720 102456
1 30174 83729
1 80352 110536
1 179184 39865
1 191695 111858
1 160706 190011
1 147424 62438
1 131592 191776
1 135576 177531
1 148540 31143
1 54706 150490
1 77520 153295
1 167410 69803
1 124058 60068
1 95466 48384
1 187899 1737
1 15494 13057
1 185681 55429
1 176287 48151
1 60893 120528
1 188286 108893
1 174135 133342
1 90478 146692
1 196017 173869
1 75271 186437
1 190984 116748
1 135032 156684
1 45522 24237
1 66388 69539
1 97316 188461
1 96928 188188
1 185283 28640
1 12764 12099
1 193486 75618
1 17680 70275
1 35753 190299
1 121049 4952
1 27245 133458
1 113012 166581
1 183758 48437
1 121609 139126
1 88972 42599
1 156731 123464
1 129566 108811
1 121135 167639
1 35420 25552
1 55771 123256
1 103787 21118
1 166674 54744
1 60142 48768
1 118412 164901
1 171435 52786
1 104058 17147
1 16380 142892
1 88394 24657
1 5239 31951
1 11064 172644
1 180255 147023
1 177110 99300
1 37068 91842
1 69148 80479
1 38360 187624
1 124723 168875
1 151436 193723
1 89023 151767
1 55498 57464
1 42603 187411
1 158267 124526
1 119929 65950
1 164412 64391
1 138505 123184
1 40260 165332
1 97258 553
1 145625 146013
1 159903 88250
1 12980 81705
1 149427 23827
1 102962 133067
1 117184 69580
1 126012 119598
1 20539 146711
1 171384 150562
1 63940 73446
1 80689 197671
1 142125 38361
1 113221 56120
1 95113 158314
1 174542 187676
1 84599 149276
1 93650 165609
1 104366 147745
1 183278 197017
1 8843 35595
1 164224 159890
1 147737 115125
1 175444 99888
1 2144 125682
1 43794 4885
1 17072 57526
1 138790 119284
1 89583 105412
1 127343 160666
1 106081 174424
1 6379 184958
1 189304 189909
1 140258 114890
1 163229 163313
1 1618 143786
1 154941 19679
1 85532 84116
1 33878 135037
1 98925 25176
1 3 10367
1 49327 35946
1 73543 81755
1 97200 89005
1 112471 157879
1 68562 128003
1 15402 31568
1 12149 85650
1 37189 143660
1 1442 108312
1 149697 143618
1 182073 78770
1 50592 189159
1 151772 59306
1 128784 111356
1 89053 30783
1 31039 57238
1 20262 68728
1 44000 149742
1 16360 52908
1 139195 103498
1 36678 185483
1 160955 30827
1 185154 98609
1 42933 8249
1 61480 87021
1 116148 137963
1 159929 61388
1 141517 73147
1 124314 144811
1 152735 163978
1 186814 177724
1 119914 10511
1 25809 4376
1 170899 43973
1 191846 177735
1 153206 10197
1 2020 182347
1 4013 127234
1 31596 154227
1 168800 143060
1 35085 198174
1 37006 86982
1 139371 18318
1 16923 64755
1 174957 37680
1 37210 147711
1 110055 58344
1 19996 146690
1 14919 61922
1 159609 143418
1 174403 45142
1 33310 53169
1 36994 146651
1 137304 157867
1 40266 155695
1 109280 63829
1 6313 173894
1 96551 184810
1 145960 3281
1 3235 8680
1 118765 19984
1 132890 21939
1 29551 117211
1 25134 125447
1 44896 26477
1 172202 32931
1 170773 89266
1 187724 372
1 30713 184018
1 45779 92544
1 42867 150718
1 75210 116564
1 137429 12026
1 56342 32304
1 24390 67756
1 192060 108784
1 189938 128804
1 193846 79678
1 25648 154924
1 12152 149494
1 163060 108561
1 133565 127258
1 189558 182834
1 46103 171320
1 77922 168393
1 22390 47256
1 116609 144375
1 123513 5225
1 117287 3029
1 126451 97966
1 34847 107832
1 80831 183973
1 106964 60548
1 136199 29688
1 193921 113524
1 77393 193128
1 59867 105000
1 40459 8566
1 43261 105775
1 157592 25683
1 92115 91799
1 125531 134218
1 102795 691
1 186179 175917
1 34105 109
1 89303 24893
1 27850 82508
1 14020 168797
1 107435 44039
1 173348 192121
1 53562 97546
1 6033 117299
1 36717 198535
1 33963 21519
1 57537 182913
1 100774 157983
1 177382 19733
1 133079 42544
1 121769 50122
1 57152 25782
1 104226 154330
1 106266 187061
1 156894 30721
1 153122 177330
1 112015 54149
1 42150 193882
1 148659 4487
1 28818 151472
1 72770 104969
1 128694 110204
1 81884 156735
1 34778 34546
1 180530 48667
1 5829 26593
1 10995 120019
1 158857 10333
1 1785 197941
1 70867 127727
1 134197 131567
1 133426 185851
1 114264 174040
1 6373 197361
1 182788 72002
1 181545 4728
1 110258 94532
1 169155 10519
1 129189 171266
1 131467 124006
1 40462 19072
1 143162 31157
1 40449 144551
1 145014 17467
1 33816 115350
1 174235 69441
1 95846 95149
1 180107 25679
1 80863 93525
1 87032 46871
1 192837 29396
1 93745 145121
1 93654 73104
1 67051 94263
1 123572 127777
1 76370 83794
1 113364 141340
1 33297 124740
1 21419 172061
1 163486 149542
1 71254 195348
1 151753 153093
1 27337 19859
1 144454 65352
1 127802 195607
1 129976 12517
1 35726 81364
1 47936 2885
1 8004 130630
1 177798 107636
1 32096 66997
1 29191 29134
1 155419 87240
1 135200 135462
1 40457 97422
1 86938 185784
1 7819 9992
1 157238 67473
1 195830 27578
1 21882 111613
1 26434 68340
1 18236 195249
1 76535 83740
1 94190 191354
1 23701 73022
1 31595 114150
1 16835 170198
1 641 180338
1 71867 161564
1 27775 150771
1 96051 96017
1 173889 191112
1 156815 74889
1 189241 181375
1 160901 143162
1 54528 25286
1 51472 3908
1 190109 132373
1 60057 16897
1 116180 194842
1 138530 47759
1 28595 96805
1 103732 13403
1 173017 10005
1 9804 66735
1 24392 198659
1 191938 163647
1 38956 2221
1 175418 92080
1 10283 63397
1 118350 72490
1 151023 8507
1 109882 51424
1 42418 21352
1 195658 20893
1 68618 59900
1 95873 35537
1 166325 193034
1 162380 115036
1 230 174610
1 84646 68570
1 114256 187566
1 25996 80111
1 31730 159233
1 138084 97429
1 142564 6557
1 146857 168227
1 111008 138612
1 96602 78432
1 115732 97346
1 5155 142856
1 73511 33272
1 145996 82910
1 76618 136363
1 15969 44722
1 44161 167486
1 92065 111732
1 1585 189965
1 112363 94266
1 197676 90715
1 33253 16847
1 61179 161022
1 119278 19517
1 15467 158409
1 194695 168795
1 86491 58362
1 97789 15833
1 186692 154854
1 32026 146507
1 64905 37473
1 136076 131829
1 125697 70002
1 140757 129878
1 108739 43254
1 104565 158264
1 86578 148051
1 69461 18742
1 135433 23968
1 6005 179663
1 132583 132242
1 18520 142314
1 85854 146410
1 182126 128553
1 20344 119646
1 43586 163699
1 143115 61701
1 103973 126652
1 177663 138950
1 169755 46168
1 25310 102466
1 58500 170432
1 182875 181121
1 178508 43876
1 71845 64283
1 136343 68017
1 107309 64680
1 122407 6372
1 182197 111593
1 38160 87312
1 32412 116856
1 122014 47340
1 116392 88749
1 77317 95712
1 68371 1490
1 193161 89105
1 104536 92298
1 187758 67115
1 98304 199037
1 126307 45294
1 94056 21959
1 74090 88508
1 176148 108001
1 158731 154850
1 100730 10127
1 170554 81061
1 145672 142476
1 17861 124686
1 127863 150643
1 104834 128696
1 596 168751
1 70264 85978
1 156748 141220
1 65421 86480
1 16120 134367
1 196976 147055
1 44137 68732
1 192520 64136
1 53749 159958
1 198236 47611
1 116226 1524
1 41923 69056
1 101779 55218
1 171279 81522
1 170257 97261
1 94646 34525
1 112219 58547
1 40513 167370
1 155920 25322
1 48760 150344
1 4252 12095
1 39628 199548
1 156481 166738
1 100039 112684
1 54888 161696
1 141234 97224
1 15720 66480
1 26053 5178
1 113237 49026
1 16340 80112
1 66189 177013
1 163831 176103
1 160959 145591
1 29242 142266
1 107645 101555
1 126086 131114
1 173571 59125
1 14480 63536
1 23239 28833
1 191169 187201
1 31748 34645
1 37541 117345
1 110530 5404
1 8983 191211
1 129511 30164
1 96492 150239
1 119236 180386
1 153503 112301
1 86745 150292
1 198013 145217
1 9898 22422
1 55121 186703
1 72390 115290
1 22867 38945
1 77588 110593
1 140812 34974
1 139425 193999
1 153933 164701
1 171752 141006
1 35729 16746
1 149857 179137
1 12847 196632
1 169229 198475
1 70148 179976
1 199616 159841
1 198816 58744
1 45487 128877
1 80560 54095
1 154684 119876
1 104172 183591
1 133440 142347
1 75842 197660
1 11608 162404
1 322 160149
1 95219 114399
1 199435 40656
1 67866 175967
1 17269 87730
1 73729 26826
1 175296 138063
1 108941 86325
1 111805 43830
1 144230 113871
1 31291 119937
1 198654 152780
1 105013 110171
1 21730 1941
1 114170 1363
1 91905 74030
1 16668 135648
1 197499 89576
1 176861 172276
1 14891 65543
1 139222 65030
1 74807 8438
1 89706 55643
1 169111 138218
1 156075 94804
1 61349 160020
1 101898 46398
1 3172 157259
1 95877 199253
1 19411 166328
1 204 3546
1 198195 127620
1 120435 186391
1 26775 103807
1 13727 144815
1 103276 192722
1 91627 40619
1 37000 193319
1 79130 196291
1 19639 137623
1 93825 23914
1 99844 73364
1 111541 10141
1 83589 184343
1 132339 49708
1 190506 42253
1 64527 61129
1 130183 145598
1 166880 119761
1 109343 149821
1 174889 57049
1 146868 77078
1 25610 152634
1 137484 188277
1 2280 13920
1 182981 78100
1 76377 192911
1 106204 197159
1 79445 49527
1 138746 16650
1 37913 160057
1 178688 158890
1 88477 190521
1 89172 193523
1 97209 20967
1 181677 151739
1 157779 170825
1 134299 113069
1 24780 131467
1 21978 107960
1 26348 61705
1 171864 132024
1 23434 97244
1 56197 5285
1 71360 164003
1 69722 88507
1 191182 166547
1 27757 190505
1 55117 131458
1 53875 21117
1 188632 121328
1 110806 77904
1 42549 100247
1 193722 25134
1 110730 138613
1 167627 142536
1 14014 192087
1 155849 79453
1 179180 154728
1 62230 162470
1 121039 19130
1 160190 40449
1 6762 63763
1 74504 34593
1 199991 101499
1 19132 119731
1 45779 98053
1 60661 190739
1 167656 74269
1 72105 111857
1 13978 138961
1 40950 109693
1 160054 180642
1 126447 176282
1 11095 42636
1 181735 64898
1 12443 163539
1 123005 47030
1 99589 193873
1 14569 13417
1 113908 124221
1 149830 33709
1 88900 6846
1 133792 107422
1 127938 67696
1 174463 4109
1 81302 105078
1 91508 195440
1 38508 74305
1 146595 192135
1 177635 167071
1 143505 52114
1 78394 5319
1 142832 115249
1 160055 30692
1 78185 30875
1 10522 153376
1 49514 45572
1 146625 48690
1 144687 93064
1 73821 96939
1 120789 150236
1 185365 88573
1 24732 89399
1 87800 47373
1 149372 100797
1 174569 162426
1 72300 10540
1 152965 183022
1 198255 17930
1 122073 86052
1 99488 165774
1 75970 199867
1 152703 107022
1 36 166074
1 16187 20457
1 83983 177316
1 113282 115765
1 184686 138429
1 58695 135467
1 88050 85085
1 14995 96850
1 91391 151477
1 198608 122729
1 79637 145823
1 54929 26073
1 84545 12331
1 58277 794
1 100164 165670
1 127005 168228
1 30980 158573
1 21020 83673
1 89650 125491
1 120095 110000
1 21307 99023
1 23949 43237
1 114163 175946
1 174208 194591
1 150334 113255
1 153684 56610
1 134401 147507
1 30511 89782
1 49032 147534
1 128977 35863
1 43257 86394
1 34270 100766
1 86009 9828
1 63849 142896
1 57244 39537
1 93571 145829
1 9043 144011
1 64645 171515
1 21137 189611
1 93338 36284
1 170430 7400
1 87184 181421
1 129632 134337
1 173728 74297
1 1735 121703
1 74235 57629
1 160119 199311
1 195672 199509
1 37851 51382
1 164411 48838
1 165351 139958
1 2951 130028
1 181902 121800
1 153095 17991
1 80806 131993
1 101818 152258
1 178776 51666
1 186845 121892
1 166156 187810
1 92285 45370
1 34132 170190
1 42172 31556
1 108376 35772
1 4899 178975
1 199233 53820
1 55849 171891
1 120042 13337
1 129539 100574
1 19140 3486
1 169517 104032
1 173896 16364
1 118007 176135
1 166178 19962
1 38419 111518
1 119196 159149
1 167581 146002
1 125768 123931
1 46956 96228
1 110514 172122
1 104216 72982
1 161670 86926
1 66892 16527
1 70333 174770
1 40014 37713
1 45773 111335
1 194188 23133
1 163281 117883
1 57194 99941
1 154998 167099
1 190409 132338
1 2216 145851
1 148121 96279
1 119740 27941
1 64226 129046
1 118623 157568
1 163471 120080
1 168767 74755
1 115836 18546
1 189432 140507
1 27329 44574
1 194433 134968
1 142591 57624
1 137943 61150
1 1962 60914
1 52587 189419
1 100120 81530
1 17928 56036
1 73161 41314
1 178055 46660
1 106998 33200
1 52662 198087
1 66975 159463
1 40453 104116
1 27536 40565
1 118131 1385
1 72691 102110
1 122040 118508
1 50524 21224
1 145524 55662
1 65296 101704
1 173272 52706
1 17047 122445
1 105556 19711
1 169604 124492
1 177216 143633
1 40066 186827
1 97550 199879
1 138080 160497
1 73456 155320
1 66144 118830
1 158470 78519
1 54653 169511
1 143050 53144
1 60603 26021
1 104575 158979
1 8563 86782
1 1495 118969
1 61151 47747
1 176740 183140
1 153058 2027
1 89281 145572
1 45723 24000
1 151809 168151
1 112300 106376
1 59480 83496
1 154757 54774
1 77769 19099
1 82742 161107
1 10512 63191
1 166709 194919
1 118864 162292
1 181484 87724
1 188735 113288
1 66823 167412
1 123920 57133
1 76604 194201
1 118497 42388
1 54300 95461
1 104038 72783
1 62680 451
1 93014 87259
1 27607 127398
1 171604 42285
1 19575 184568
1 199520 142335
1 46562 195142
1 164607 166810
1 171411 187305
1 180392 199718
1 159400 6776
1 96560 55983
1 97514 10988
1 185592 133242
1 87642 193748
1 191765 33225
1 199039 18170
1 97216 106922
1 7213 75989
1 146047 16006
1 139416 55984
1 194259 60520
1 57369 35546
1 131300 38733
1 54591 35983
1 1066 12779
1 164058 57575
1 175516 517
1 89795 102782
1 3742 183405
1 103664 114723
1 98534 112026
1 87287 148037
1 47983 141805
1 152224 34266
1 199522 108734
1 41008 154897
1 91394 14252
1 134899 24635
1 159895 10212
1 98505 179189
1 177181 148273
1 175604 43609
1 150253 166469
1 54112 58726
1 120939 171206
1 15540 135724
1 148657 176797
1 122840 151164
1 169724 181243
1 161031 121615
1 54102 21356
1 41303 89461
1 181763 144992
1 79815 33281
1 73904 35639
1 33480 158387
1 84121 145229
1 192654 136166
1 198777 29831
1 164249 12155
1 35831 46877
1 23230 45190
1 126798 122407
1 4027 131191
1 118205 37292
1 141179 199371
1 51505 6313
1 85799 106675
1 10032 114079
1 22126 103172
1 130695 92832
1 161749 66465
1 4086 186906
1 194498 185575
1 27609 70372
1 147013 51671
1 193050 133897
1 126120 185352
1 193877 111251
1 178488 55502
1 79500 124377
1 89172 46373
1 108557 167372
1 189877 128035
1 15648 17214
1 170239 42013
1 10164 191860
1 145479 8472
1 127372 62510
1 9765 96114
1 57446 103732
1 828 176977
1 138220 11426
1 128519 159244
1 143903 5047
1 147814 1945
1 25408 176026
1 157417 11319
1 17088 144238
1 84316 50909
1 164842 196824
1 145683 15330
1 135504 40525
1 53751 140910
1 17075 153249
1 71698 101152
1 114230 138190
1 87255 168065
1 113285 108737
1 192245 191209
1 141826 129195
1 20190 127920
1 6321 86790
1 167507 94936
1 110308 73062
1 152626 22521
1 103400 149955
1 57282 36333
1 114865 166403
1 186237 165692
1 174915 166412
1 95775 173130
1 109731 174986
1 62126 171199
1 184894 149054
1 123658 97335
1 110743 21512
1 93943 163628
1 73334 170998
1 160361 159072
1 178895 159373
1 156495 44367
1 155889 175639
1 44131 159764
1 24816 168750
1 73072 106970
1 142677 27271
1 117860 54406
1 116036 191874
1 130840 161763
1 133485 123120
1 131742 93262
1 19127 76070
1 54410 116195
1 145577 171138
1 165444 144807
1 172891 88379
1 1676 115191
1 115229 150509
1 131790 73649
1 4454 36197
1 100521 154401
1 76607 136041
1 55354 110830
1 190768 79500
1 160686 79301
1 168299 180592
1 15048 70918
1 88248 115484
1 90607 135150
1 44769 6465
1 139771 110469
1 182751 191879
1 99137 83593
1 177540 43485
1 136476 65498
1 172393 108096
1 92287 102503
1 106395 155787
1 124985 46425
1 80385 122112
1 173831 103486
1 1169 172566
1 183904 65976
1 167860 176259
1 57917 179942
1 100150 50827
1 175335 35795
1 79731 197962
1 96709 139038
1 7294 153022
1 181669 167721
1 109651 34200
1 118091 29574
1 108863 189572
1 157368 113630
1 111950 174903
1 65020 131044
1 140726 183737
1 46079 164858
1 136258 65458
1 110860 194914
1 118336 87993
1 130527 167911
1 8815 148251
1 165937 102796
1 156003 169513
1 14593 155189
1 34363 22981
1 105892 179732
1 14853 123949
1 43472 106711
1 87407 116872
1 25637 97552
1 153201 138545
1 98237 95525
1 48889 98754
1 178101 188921
1 60440 140963
1 19260 98074
1 100139 96595
1 180956 6316
1 193803 12149
1 184966 123670
1 87224 168990
1 111331 111531
1 130051 62238
1 21656 122587
1 85244 173709
1 25177 6811
1 58908 73943
1 73841 42513
1 87795 85131
1 49680 81669
1 199636 141344
1 99670 150597
1 35007 3529
1 83615 164951
1 143438 98363
1 103951 67940
1 34468 51836
1 126815 173346
1 94675 122798
1 74153 52674
1 909 42267
1 171888 120603
1 62798 112387
1 39796 166487
1 113415 162788
1 95156 152157
1 47373 67657
1 136580 172286
1 104323 159766
1 87825 110179
1 52741 27602
1 63154 28215
1 35222 71862
1 12529 76304
1 17612 141685
1 175642 51748
1 176890 82380
1 93572 42410
1 190494 67788
1 170653 28429
1 93965 113061
1 173562 13592
1 93531 31221
1 107999 113246
1 152271 18705
1 155275 97194
1 102854 191059
1 164232 147623
1 38374 124773
1 103025 109903
1 59590 187724
1 18948 106073
1 148443 142264
1 102250 51102
1 40998 89547
1 49093 64269
1 136093 128552
1 11129 94416
1 175895 6589
1 94590 74558
1 104059 125268
1 63460 109506
1 176298 74774
1 97384 1228
1 154156 100256
1 14134 155318
1 38489 36427
1 5119 136633
1 148425 4535
1 37245 85329
1 143293 121943
1 195587 107822
1 190031 125826
1 197642 31388
1 1559 62137
1 165434 78133
1 82527 178164
1 104438 182405
1 190410 180338
1 37290 195262
1 41280 82112
1 17753 99101
1 125981 79177
1 196066 127452
1 25242 142559
1 125778 169370
1 93051 190985
1 65328 171719
1 40571 43726
1 174981 174292
1 21685 83200
1 130602 174362
1 82900 196939
1 120726 48586
1 116796 155840
1 189032 60373
1 10554 184541
1 153969 132828
1 126442 158559
1 175621 89434
1 142055 19019
1 69956 193233
1 31544 187385
1 92132 68146
1 138105 9633
1 170369 26896
1 106183 191402
1 39975 145223
1 113712 25521
1 176030 69929
1 38490 162135
1 115383 24553
1 61618 62094
1 186327 161227
1 72344 66213
1 13826 95628
1 185161 189841
1 86121 120653
1 85196 80766
1 96374 164870
1 41185 175894
1 60758 63208
1 112551 137809
1 3336 178131
1 156236 172285
1 57510 118074
1 116219 67728
1 79090 85971
1 89536 55404
1 52834 101634
1 28927 94578
1 69102 160264
1 108374 64521
1 188313 62312
1 11472 141680
1 88703 199835
1 73291 33283
1 65822 169653
1 96108 86410
1 157031 142806
1 169985 100040
1 136837 123029
1 40758 119234
1 24751 50665
1 21565 106638
1 117931 17946
1 46967 99550
1 159460 67175
1 11048 192077
1 173421 17913
1 31962 169384
1 118294 117577
1 148176 193024
1 3694 119373
1 92781 50480
1 76697 87976
1 121446 119658
1 114964 141650
1 29925 7366
1 75142 181764
1 105343 717
1 77898 183145
1 72025 196290
1 76474 182018
1 8981 75954
1 14205 115864
1 130691 137598
1 85844 59304
1 169542 163366
1 55073 134857
1 71812 30937
1 133752 31329
1 127378 18106
1 125355 175241
1 123423 73908
1 10000 17469
1 30815 42368
1 40342 60104
1 166075 143030
1 45832 144111
1 99383 403
1 199712 2141
1 166244 132233
1 87952 91280
1 108358 91789
1 178701 81985
1 55432 48221
1 172572 102553
1 61919 52688
1 169249 17042
1 29628 803
1 198821 189611
1 173302 66368
1 148072 91664
1 178870 131537
1 169191 83720
1 130725 140229
1 83951 193633
1 137363 88034
1 139235 25561
1 124649 62284
1 18442 172174
1 10257 112917
1 95708 122344
1 165796 81029
1 27022 56389
1 77652 177835
1 117212 139365
1 104603 106853
1 104471 163031
1 134819 74732
1 51375 5860
1 108023 17187
1 170626 154682
1 93034 15457
1 29220 145627
1 25542 192316
1 163953 81606
1 82807 54104
1 146577 133542
1 117305 158769
1 154316 123962
1 67839 54309
1 96462 10437
1 165413 191302
1 73276 118455
1 60760 6942
1 48759 72346
1 102597 142019
1 95151 183169
1 151039 111709
1 118444 76526
1 84020 188788
1 129626 175555
1 79954 138624
1 155731 67691
1 150709 168107
1 47792 118602
1 161173 146857
1 10002 97634
1 125486 178875
1 115246 54406
1 132271 117248
1 155544 189316
1 192934 154749
1 17617 101518
1 76844 79470
1 161747 56682
1 120589 1805
1 165020 188892
1 115706 75490
1 167417 142928
1 136242 26124
1 109525 43851
1 23086 25743
1 11777 100883
1 11725 2206
1 104902 28254
1 79935 38569
1 27305 119609
1 42740 34730
1 89534 151418
1 88199 65453
1 38640 148008
1 39784 17823
1 22479 20584
1 45319 26200
1 411 16747
1 43463 5419
1 79440 137814
1 161570 187693
1 68787 100850
1 96601 4612
1 165403 95062
1 84895 145650
1 120835 2769
1 17094 127266
1 114191 95259
1 141994 34610
1 81948 62782
1 137180 29377
1 190669 193281
1 2642 110906
1 180242 88470
1 106253 181665
1 139772 72068
1 61450 193694
1 61055 175830
1 135980 154696
1 124166 12997
1 20905 182707
1 101757 72228
1 18933 124732
1 170011 78283
1 64940 193364
1 32814 133190
1 154627 29644
1 132907 171262
1 193713 129376
1 630 189991
1 148698 183942
1 119151 105515
1 157948 147512
1 65149 87383
1 191069 191488
1 137119 99717
1 157684 145667
1 186160 44810
1 131735 11857
1 112378 56928
1 96613 158636
1 114559 35606
1 25588 55831
1 4484 16119
1 84541 81057
1 50014 165240
1 162503 58417
1 141441 50405
1 170897 58643
1 41287 164685
1 142724 141316
1 765 96365
1 69400 29307
1 122036 82843
1 44293 125624
1 57926 140852
1 133933 72657
1 90983 83848
1 33415 123514
1 102766 128388
1 92431 111445
1 138787 26335
1 34732 191162
1 192587 184777
1 28898 127880
1 68210 182353
1 183417 68461
1 48569 150165
1 175149 87922
1 182432 112111
1 855 36234
1 68501 32350
1 32284 81244
1 158013 112883
1 50260 159375
1 58049 107773
1 163901 160213
1 167645 63862
1 15330 34235
1 132197 101103
1 6277 87983
1 59352 13049
1 102356 69139
1 150506 36373
1 121035 138753
1 34893 82782
1 80550 6047
1 44223 187318
1 37706 79525
1 190169 4078
1 49780 56236
1 56662 87482
1 83361 66233
1 97507 198932
1 150655 66377
1 25574 4910
1 147732 26143
1 177297 134942
1 63533 2125
1 191977 62981
1 197642 137407
1 166674 34881
1 14856 125134
1 138909 83732
1 19215 96771
1 151188 87507
1 44349 32745
1 16005 78419
1 28882 10136
1 26765 149008
1 104476 28223
1 7655 142816
1 5606 165489
1 18869 196760
1 148573 194867
1 138317 6589
1 146946 31749
1 16648 26286
1 96791 128751
1 156231 164367
1 182723 58702
1 51654 105657
1 13640 28575
1 138085 60064
1 161959 68363
1 110196 170372
1 186898 122931
1 113727 61084
1 47826 124861
1 92699 73792
1 127738 46111
1 42415 199638
1 193100 24811
1 36358 62974
1 83049 13019
1 141204 3265
1 96894 101727
1 10758 18808
1 101933 108453
1 50383 60089
1 139962 89641
1 6320 20551
1 184375 182653
1 33287 142522
1 147826 101274
1 58907 158636
1 62941 117094
1 69607 53414
1 176062 195208
1 147365 72650
1 43736 30634
1 22940 28865
1 121497 13838
1 47789 45736
1 5 32533
1 149402 1782
1 10210 21707
1 170072 135217
1 154021 193590
1 173655 134034
1 74269 49184
1 4366 170870
1 72799 82787
1 37388 141062
1 116273 77812
1 4092 124904
1 156986 82483
1 104505 119528
1 138922 46514
1 79890 124577
1 4262 171268
1 735 121136
1 135991 110344
1 50245 17114
1 194547 38326
1 116294 198460
1 58219 135784
1 88204 56628
1 3222 110380
1 195255 112207
1 164990 50697
1 180388 22578
1 187817 60943
1 5376 41676
1 73483 62564
1 75790 176059
1 21290 118796
1 198709 160253
1 171729 155129
1 182542 15386
1 43769 150804
1 23468 90705
1 113588 22730
1 111916 38144
1 96540 128153
1 74367 55511
1 81339 68700
1 30389 188351
1 152764 81750
1 77644 176006
1 91026 113148
1 35257 137422
1 133799 20805
1 156085 199607
1 8072 67510
1 82124 143114
1 192782 5224
1 160546 73447
1 73808 52125
1 174471 6321
1 18695 175427
1 59773 53688
1 127490 99336
1 33222 189286
1 17291 30815
1 170867 62382
1 3097 191633
1 165034 95474
1 37687 41479
1 6263 140148
1 73460 179926
1 149718 114496
1 143308 112844
1 130816 61719
1 131287 14074
1 165812 158686
1 198001 134530
1 67592 144136
1 117417 34787
1 191984 8449
1 118318 80962
1 32461 27421
1 167734 169339
1 39993 37376
1 113073 32872
1 167314 128974
1 55021 153713
1 180229 169941
1 64394 110933
1 76765 47482
1 102753 62008
1 41804 52257
1 195569 182701
1 110009 48929
1 81354 32325
1 97418 139111
1 194365 157784
1 12531 13033
1 183235 38547
1 132800 82830
1 97644 197827
1 66527 69468
1 18827 55777
1 80561 194978
1 130016 175326
1 81426 166694
1 105286 41328
1 186663 22737
1 187038 86621
1 64999 66777
1 150716 123655
1 15853 39280
1 77712 93561
1 131261 76715
1 68951 52913
1 54164 118325
1 61122 24814
1 60789 26037
1 119591 176763
1 87921 62525
1 127910 168765
1 56054 38837
1 153183 120441
1 732 134150
1 186962 135209
1 63403 180682
1 111447 52673
1 30320 184052
1 150271 154172
1 72258 16188
1 28617 113132
1 146640 177550
1 198986 28290
1 166829 111603
1 172311 97434
1 170590 170560
1 3765 144458
1 179234 48125
1 76226 135340
1 177795 54552
1 131044 77098
1 189021 193675
1 135922 106890
1 194348 61835
1 124834 1274
1 32475 92659
1 113587 196893
1 1289 57199
1 31324 53974
1 38366 94829
1 193332 91412
1 81039 120321
1 26659 23966
1 175278 84568
1 42952 49185
1 168245 184223
1 67308 145848
1 133076 178036
1 62055 146875
1 55417 92429
1 136529 113674
1 59871 126823
1 103980 95707
1 136410 98418
1 153104 105474
1 117729 61947
1 39447 20737
1 177501 57370
1 111881 67153
1 80945 19868
1 141258 43247
1 197194 139891
1 178498 118826
1 145321 156317
1 76109 111211
1 187694 144914
1 53029 193541
1 16423 116338
1 125964 90751
1 117657 82990
1 169086 155936
1 67470 3637
1 188438 21690
1 44191 93537
1 154559 170554
1 170116 76259
1 126494 13935
1 107929 32813
1 180926 18776
1 193331 185502
1 102844 83315
1 101604 142578
1 111988 66179
1 90762 151403
1 127083 86561
1 127774 169467
1 187774 192134
1 97276 188787
1 61323 70743
1 64878 22448
1 192478 29042
1 180414 132868
1 113182 30520
1 63931 92643
1 103096 197659
1 147595 165583
1 150028 8874
1 195378 186246
1 58328 55003
1 86177 21162
1 160289 49624
1 60291 102128
1 157096 78988
1 72899 165197
1 110220 115631
1 96994 198366
1 93180 15568
1 127672 70871
1 68577 126499
1 57480 123758
1 114313 182091
1 164552 131400
1 28694 186473
1 4401 166692
1 86439 184293
1 160388 77959
1 197639 124604
1 59997 137895
1 127893 79371
1 103613 109595
1 31539 108315
1 151250 178435
1 140147 141165
1 49353 114100
1 75390 119751
1 105431 118887
1 80327 59455
1 57987 173473
1 147056 40775
1 148728 32101
1 69947 120122
1 61642 139674
1 66739 160742
1 139014 197687
1 22107 110555
1 49279 9462
1 12951 22130
1 102998 132343
1 159193 43808
1 75146 92915
1 65551 169341
1 67968 44516
1 56139 168720
1 48212 137139
1 35187 15774
1 6368 119714
1 127594 76466
1 100492 28731
1 40254 141102
1 193686 170168
1 101203 29971
1 100644 244
1 141456 106189
1 46152 186450
1 7048 112386
1 173010 157356
1 16491 19485
1 102364 77374
1 39086 49877
1 135058 83604
1 191736 150979
1 133440 91057
1 173454 21284
1 86561 3074
1 82753 5291
1 172325 59010
1 186326 128203
1 93057 105070
1 117814 198467
1 36669 170732
1 51927 106603
1 137914 149559
1 6186 19582
1 53187 77710
1 159622 63911
1 35094 19869
1 178261 109456
1 16241 7020
1 135038 2089
1 6242 137223
1 92626 168246
1 82314 70253
1 138426 163421
1 59761 51197
1 115041 114669
1 98320 58973
1 117470 142066
1 67546 144300
1 33956 12408
1 133388 84715
1 120365 98718
1 79159 15847
1 10403 285
1 77515 3818
1 114321 162009
1 47270 41634
1 108107 152359
1 149405 135057
1 21721 87774
1 132618 57591
1 76777 122083
1 89943 147069
1 135476 92848
1 120009 93795
1 82993 189156
1 55312 8876
1 150265 51857
1 65358 167496
1 12027 165953
1 114789 15426
1 58081 114826
1 19398 57259
1 55426 92565
1 90295 116615
1 195529 62825
1 104100 31414
1 53798 26812
1 101418 47524
1 82227 30140
1 173088 54645
1 150697 131162
1 5542 84459
1 110276 3993
1 6258 127706
1 142964 146773
1 94104 112846
1 51269 22807
1 41241 45883
1 76817 133272
1 155504 111781
1 121188 107028
1 199513 144848
1 137520 180049
1 179554 190443
1 154034 11631
1 128630 80440
1 140836 115633
1 34599 148223
1 173733 26765
1 80892 75060
1 178917 123057
1 101883 124709
1 185877 4822
1 72952 149416
1 135566 29769
1 64031 103620
1 60161 145271
1 180606 21215
1 101407 108665
1 18903 96680
1 31113 37408
1 156452 62534
1 16506 183874
1 130666 3968
1 136244 96326
1 115139 7405
1 120936 119980
1 156135 80095
1 59497 196896
1 149819 93196
1 165779 105216
1 45917 95421
1 151992 183147
1 123502 197114
1 120459 154445
1 51232 45429
1 179728 169256
1 138625 105589
1 19396 74469
1 107144 22214
1 147016 109147
1 130848 45343
1 3924 192094
1 140659 145300
1 178969 149516
1 108025 130429
1 58743 182420
1 198849 74278
1 198433 39752
1 169214 125049
1 144525 128420
1 106453 6696
1 126431 115550
1 83302 140575
1 149144 99633
1 77465 4905
1 61179 184037
1 155627 60193
1 184833 173537
1 153976 176028
1 66942 128435
1 7947 96597
1 172434 38878
1 161444 71833
1 162004 119973
1 128073 146163
1 57275 5527
1 11536 75099
1 98703 15068
1 161771 129434
1 130767 195838
1 80052 88641
1 68004 2363
1 95547 154507
1 72775 41354
1 62350 104207
1 101102 79020
1 11400 121322
1 103548 57013
1 30365 172524
1 91689 96923
1 24037 103874
1 163310 50109
1 189478 159076
1 123894 16823
1 50279 162368
1 107330 89637
1 100722 118438
1 27035 144246
1 58281 88117
1 63230 146036
1 124428 176069
1 87682 160848
1 58697 173590
1 136717 139442
1 177157 80249
1 120760 75457
1 112938 7421
1 171647 71919
1 117938 31709
1 67949 96649
1 71602 18088
1 52679 155070
1 169258 153968
1 127800 68718
1 25740 179959
1 87870 67060
1 154571 169942
1 149907 42294
1 110053 129840
1 128285 1709
1 115700 58455
1 51609 153712
1 4913 17724
1 29317 110661
1 185866 28445
1 11213 141418
1 101670 19306
1 152312 3552
1 88565 117944
1 129044 98682
1 170941 187753
1 173983 76709
1 89954 55771
1 87351 198391
1 178869 92048
1 53636 171581
1 51969 154718
1 138084 176511
1 64530 98136
1 17303 56150
1 68038 55996
1 142124 60017
1 173720 175774
1 113580 181028
1 149354 71700
1 93189 155507
1 94803 75747
1 174905 164189
1 85546 82410
1 58759 1771
1 101201 177294
1 85146 107258
1 153285 114597
1 171633 121799
1 131364 14119
1 136079 61499
1 160319 110481
1 68132 17911
1 18915 136027
1 114170 183010
1 12002 30493
1 49892 125680
1 71719 127613
1 83364 136500
1 76794 130844
1 159964 146985
1 10512 45186
1 177335 77693
1 172759 129542
1 47769 102880
1 107456 49858
1 149380 11
1 94285 67254
1 15179 21140
1 52701 49851
1 142268 31344
1 194741 89516
1 44170 161738
1 163217 107536
1 68600 122499
1 80171 59402
1 21325 2826
1 67147 47428
1 141428 186974
1 123728 42712
1 51058 171617
1 45437 42561
1 198030 66335
1 193671 140098
1 62779 170015
1 14110 116054
1 92233 132777
1 143354 53143
1 79821 87128
1 198056 25394
1 113038 166370
1 41428 177546
1 178673 196901
1 56025 93356
1 36583 133236
1 70215 77811
1 171669 134370
1 171956 96829
1 140484 77903
1 140038 79181
1 112651 165488
1 149631 173890
1 1849 171811
1 154506 147320
1 157830 199795
1 131780 10108
1 53436 127144
1 60238 46966
1 168354 39571
1 126227 122642
1 49578 145432
1 187797 62960
1 4763 36029
1 129084 198988
1 95744 690
1 143777 64688
1 126354 77088
1 24152 196888
1 62116 11063
1 165436 84901
1 156558 113906
1 110847 108039
1 21020 135470
1 100913 180581
1 140919 64619
1 47184 103246
1 168467 155426
1 167761 144485
1 186842 27079
1 140718 112584
1 47961 28064
1 72177 175297
1 128490 194503
1 195712 189616
1 178210 56956
1 49449 166456
1 78524 7471
1 147630 42665
1 51908 93707
1 103956 57582
1 17288 71686
1 53801 52793
1 67388 1065
1 2772 90219
1 148460 172507
1 192226 43975
1 36007 113266
1 7566 10201
1 187946 700
1 59727 175074
1 58251 198475
1 166824 176584
1 132775 160895
1 139116 123900
1 154510 7896
1 109136 164523
1 50861 59516
1 92342 63273
1 43579 134853
1 51382 54042
1 41320 174735
1 175279 291
1 24195 10688
1 74255 59856
1 143914 82520
1 147167 43591
1 95927 145851
1 94482 133101
1 58153 89852
1 186447 48151
1 43281 9389
1 23676 45043
1 93182 172708
1 127438 74871
1 99754 191823
1 48334 177931
1 93222 44987
1 164526 189810
1 170499 29025
1 22988 134079
1 9410 26546
1 31685 68789
1 165566 183525
1 31102 114879
1 189465 62462
1 169903 31249
1 43236 142945
1 58865 111390
1 86355 158743
1 91465 187708
1 43680 195871
1 131317 109844
1 78077 105016
1 100662 19278
1 35968 177774
1 48798 43196
1 46730 10851
1 77148 172358
1 99257 86944
1 157189 115926
1 114127 185884
1 2597 190660
1 104481 56780
1 91143 180292
1 194308 134892
1 140032 124430
1 173237 32844
1 39042 44622
1 6599 111646
1 55392 104590
1 23634 173758
1 122333 171937
1 6874 6211
1 28474 67408
1 182782 68933
1 17471 113098
1 111587 15919
1 32969 92551
1 75999 137351
1 133588 177789
1 185641 25212
1 65291 121991
1 1536 54383
1 137102 130770
1 177755 162564
1 132483 79242
1 34578 89386
1 111712 22596
1 134987 49385
1 150839 196973
1 1062 138668
1 130435 156979
1 31596 143823
1 168562 4274
1 25142 164586
1 35699 199201
1 86682 180702
1 118273 15870
1 73179 2719
1 145585 103479
1 98577 136707
1 193272 21530
1 76182 55882
1 2880 139199
1 186099 58349
1 25964 10804
1 82250 134124
1 5866 149609
1 127301 38035
1 5497 97885
1 157054 168588
1 99770 132424
1 21424 155371
1 13947 189258
1 190173 42997
1 47426 166740
1 54337 7666
1 137879 177238
1 191736 127093
1 11284 135784
1 101227 2089
1 125553 23932
1 121728 125278
1 69643 154436
1 41347 124755
1 122869 166496
1 183567 78598
1 101378 138058
1 73921 51514
1 43409 122181
1 85086 93128
1 99609 125827
1 161411 51114
1 196535 56214
1 186958 148227
1 106933 58393
1 173900 80114
1 167645 26143
1 28578 36569
1 1279 72860
1 24511 88680
1 135807 14291
1 26241 197295
1 198498 173184
1 199910 110500
1 87002 195014
1 183287 67954
1 39695 75547
1 73200 50562
1 67568 176690
1 52594 36941
1 164283 164969
1 5804 18403
1 27657 75316
1 153287 184566
1 130333 62858
1 152913 185706
1 61998 21070
1 75884 141024
1 115955 123584
1 87352 4289
1 49774 70437
1 68542 16776
1 150588 124852
1 32798 172371
1 24027 102338
1 56507 7339
1 129277 95856
1 187237 25170
1 51276 156435
1 191814 92876
1 10174 39332
1 122321 30256
1 117403 24809
1 114344 30513
1 2124 126883
1 83213 139432
1 123878 153722
1 182540 114340
1 166327 27494
1 164134 64245
1 99920 124446
1 131840 19956
1 151636 125574
1 70669 24471
1 181503 6100
1 177849 129844
1 75066 162628
1 51864 15379
1 116766 20925
1 122894 191801
1 44486 187138
1 68799 56306
1 150362 144157
1 152889 97374
1 198553 147913
1 134305 9343
1 179687 64031
1 196699 11137
1 153623 172483
1 177406 79883
1 44154 37135
1 56375 89669
1 170408 114304
1 15484 130859
1 105358 166944
1 123572 163921
1 36793 33972
1 84133 198262
1 188449 28710
1 2654 33357
1 6265 71349
1 123557 36809
1 49462 84315
1 93283 110186
1 56094 52607
1 46927 61254
1 118740 69532
1 1944 128792
1 21856 113394
1 179735 181647
1 159043 18923
1 42804 57296
1 159228 148048
1 147926 56781
1 168532 53741
1 19025 73482
1 193584 179650
1 112716 27565
1 12504 51115
1 136112 58438
1 186243 195218
1 120407 64671
1 58341 188116
1 7284 108101
1 95420 108400
1 93759 170263
1 94615 2039
1 181348 107151
1 161703 116592
1 146860 146830
1 41290 130698
1 9580 173
1 5654 63112
1 90412 70528
1 37091 36072
1 160218 7597
1 137436 170964
1 133296 136878
1 19462 150989
1 111907 72291
1 116049 10196
1 9230 68316
1 199263 152090
1 112606 127909
1 139987 156650
1 44798 85970
1 99036 102422
1 82309 75404
1 159170 73695
1 52447 189661
1 69679 48937
1 195769 93688
1 123137 27869
1 22833 138253
1 5327 77664
1 102141 134411
1 194618 50293
1 88730 169654
1 116278 167854
1 18040 17451
1 146328 132952
1 110884 5233
1 175522 158183
1 74294 131522
1 110924 174751
1 10875 25626
1 22550 195845
1 76005 154943
1 45067 10246
1 121842 86737
1 76055 46117
1 177882 43732
1 83533 198059
1 38269 121596
1 172018 15113
1 53580 99960
1 174541 6225
1 85686 112130
1 151155 38102
1 172949 66149
1 112974 71393
1 86554 145167
1 73581 19222
1 133367 345
1 172242 199973
1 109323 51861
1 197815 95861
1 120402 123287
1 96290 19149
1 28238 90759
1 191019 173701
1 134449 143589
1 171339 1261
1 110284 170077
1 41319 182652
1 163068 86606
1 160605 13819
1 2195 152533
1 177166 4083
1 41797 40863
1 122605 124308
1 38804 93999
1 197383 128422
1 39550 194796
1 111058 179253
1 77413 12078
1 161850 157881
1 140030 81738
1 180650 26628
1 145022 57052
1 165208 156271
1 9922 52052
1 2964 188039
1 168254 11844
1 7121 3635
1 95848 552
1 115957 6057
1 43109 159799
1 92958 103762
1 198388 27818
1 27253 81722
1 193114 188106
1 124727 99837
1 195149 94974
1 195905 158894
1 26212 94484
1 67099 113225
1 178495 52048
1 132680 180507
1 158771 20595
1 188814 112368
1 140857 167373
1 78657 134526
1 156055 55302
1 178772 47184
1 135182 58089
1 40738 87156
1 95749 112882
1 165689 63401
1 125685 114906
1 143592 83459
1 109911 19296
1 77899 46241
1 75211 127833
1 181204 34897
1 15818 90555
1 168732 190913
1 135182 23846
1 45162 61865
1 147200 48052
1 100290 90935
1 184162 77506
1 58930 9980
1 155070 79167
1 83353 166037
1 81870 104949
1 104632 128027
1 68141 181014
1 148797 71950
1 150782 185032
1 72398 26816
1 49883 57267
1 26067 47678
1 185665 104906
1 17159 19012
1 138233 154072
1 98176 109857
1 88394 107725
1 76924 104936
1 24861 173065
1 67502 97817
1 193968 40744
1 31881 17166
1 88511 121678
1 23628 104938
1 29808 136628
1 132110 126335
1 173054 176372
1 74060 156031
1 159912 76498
1 137905 80294
1 169051 195979
1 118821 104549
1 20060 164641
1 51929 46801
1 61882 152871
1 109841 97421
1 180531 104330
1 192754 39733
1 68582 27937
1 140878 152140
1 32761 186294
1 28206 186344
1 87307 155157
1 97695 21404
1 104733 30165
1 191999 124199
1 20476 192868
1 60938 199387
1 147698 31063
1 164000 69199
1 164781 27442
1 44697 9609
1 149871 116916
1 87436 120934
1 110008 16615
1 11419 23884
1 4657 12134
1 166019 198930
1 68315 33263
1 174371 195118
1 174262 114475
1 25098 130142
1 195446 2556
1 97606 35355
1 866 646
1 16938 42043
1 65742 112961
1 165791 26597
1 194045 8254
1 60590 197243
1 127375 172919
1 189581 48194
1 180144 4955
1 14247 48277
1 1220 196954
1 112561 178571
1 153293 168238
1 130666 139237
1 44127 53546
1 121714 85437
1 164486 182343
1 51727 12395
1 130742 88045
1 106363 87801
1 160307 41471
1 85425 173642
1 162945 194218
1 128825 191558
1 92943 117358
1 36018 189193
1 45343 176749
1 177632 150348
1 130553 117044
1 142646 194003
1 100625 5447
1 18853 189017
1 152885 184242
1 187046 46137
1 112699 173581
1 107652 76190
1 147626 138575
1 189741 121325
1 194984 119895
1 98873 116464
1 32036 29942
1 78908 157382
1 67077 89025
1 134857 164617
1 136530 84437
1 79879 108608
1 49826 78315
1 248 104903
1 73095 82334
1 142151 49915
1 186615 58746
1 196370 173930
1 91451 151560
1 80313 18618
1 88091 151063
1 45029 63832
1 59465 132236
1 170524 18724
1 188556 97453
1 126723 179931
1 136624 88170
1 44660 184773
1 114348 112045
1 193411 86751
1 129236 89636
1 35211 157579
1 155008 123916
1 127359 159415
1 124924 5119
1 156397 172811
1 81714 64321
1 114453 118231
1 47060 5319
1 59818 31419
1 89550 68298
1 99879 123864
1 126571 41227
1 29718 167672
1 184070 183078
1 2269 21305
1 162100 155803
1 100810 43776
1 151728 165018
1 158560 129627
1 185095 170767
1 185634 121270
1 57925 61486
1 190624 31811
1 137183 165824
1 68671 119139
1 80289 145007
1 10445 9562
1 160347 106959
1 69701 47666
1 37640 10349
1 191391 156590
1 23039 144220
1 111516 60657
1 189278 25340
1 26320 175920
1 22194 169613
1 131248 26965
1 174187 172533
1 121758 186165
1 93248 271
1 69363 51765
1 13407 162421
1 168396 68664
1 133464 92814
1 5272 166155
1 39818 20443
1 45344 153748
1 104013 90430
1 106711 91128
1 166689 21196
1 997 160012
1 59991 117204
1 113902 197631
1 155774 86000
1 146856 126790
1 44241 134539
1 90269 189319
1 115359 71155
1 77885 139913
1 157370 164514
1 83367 73820
1 134180 140359
1 111097 189893
1 82487 5722
1 143382 15020
1 29971 31391
1 104759 155145
1 144077 60666
1 11381 10124
1 147477 104628
1 67094 175500
1 21289 95181
1 32726 24947
1 22905 8066
1 73143 86055
1 139674 173920
1 162315 99835
1 33262 88266
1 133761 47191
1 46675 77191
1 137775 124517
1 2955 66384
1 22303 176638
1 177324 113880
1 85213 177748
1 195657 6171
1 85759 45857
1 97056 192236
1 166389 81103
1 110405 110906
1 155027 64361
1 95182 40931
1 162204 27522
1 119488 8251
1 30929 50660
1 46970 142430
1 43195 154555
1 128161 127156
1 197237 126403
1 45004 77637
1 75517 154671
1 34608 49853
1 185980 7323
1 117837 82369
1 9811 76021
1 5851 122354
1 124904 128039
1 36143 1857
1 184561 48839
1 196914 43956
1 24577 191490
1 148549 99063
1 198033 137734
1 55213 151654
1 166928 135920
1 199812 61337
1 120749 46837
1 194723 151090
1 78628 68820
1 62410 69603
1 102087 9019
1 57683 71875
1 137295 30457
1 50902 82514
1 120931 98660
1 13469 70154
1 29608 198859
1 143946 160937
1 47753 77982
1 73479 170108
1 190601 161373
1 78958 44718
1 18822 138046
1 36730 79824
1 36496 180195
1 70190 41131
1 29034 175995
1 74821 114628
1 1632 79543
1 68057 85231
1 167114 24944
1 130775 151319
1 21086 98198
1 175715 46732
1 145469 69532
1 44807 88718
1 48183 102562
1 140641 103897
1 54304 1187
1 198286 7026
1 181783 83743
1 92369 194864
1 69908 25100
1 29769 398
1 16242 107065
1 151506 199088
1 117372 94338
1 140857 28275
1 22717 198331
1 135142 130490
1 48131 122518
1 49285 194294
1 161331 29911
1 143798 45301
1 71186 185082
1 13109 49646
1 42834 137314
1 20620 102219
1 172828 129605
1 22647 135096
1 17565 199831
1 121112 80556
1 131220 181812
1 64284 118581
1 138010 49553
1 190893 130633
1 38451 125221
1 137177 46665
1 48020 171988
1 177091 115992
1 110005 69532
1 190729 169116
1 137945 153667
1 104821 122132
1 40091 13952
1 163687 23515
1 98490 160489
1 49794 191420
1 16104 171933
1 127510 31222
1 22480 13554
1 124303 42961
1 125414 114274
1 82524 151394
1 17587 84785
1 136609 110170
1 186016 23714
1 52832 147414
1 191683 168602
1 193125 26594
1 138792 155220
1 28018 158159
1 113377 54855
1 65450 137911
1 11985 53461
1 44289 122062
1 2293 188597
1 162659 184683
1 152691 1123
1 46308 10006
1 28648 194758
1 79528 94036
1 46636 76834
1 33300 6897
1 24488 22207
1 182772 90574
1 123484 104537
1 156078 67563
1 41961 120585
1 76967 1718
1 106150 50100
1 188084 158868
1 68001 8562
1 5763 70382
1 147379 154690
1 132618 186304
1 99210 54444
1 16625 26654
1 123441 68726
1 77179 94472
1 157346 16714
1 61499 63599
1 80270 62695
1 187252 176520
1 84395 99016
1 130513 42896
1 157504 121170
1 108038 128992
1 107565 68482
1 8454 114867
1 104510 130837
1 130343 119542
1 181169 144633
1 15506 84047
1 6918 174644
1 55087 6448
1 132998 140883
1 57808 155678
1 63703 178006
1 184285 133885
1 166783 173594
1 12864 81246
1 117814 163271
1 24913 128651
1 99313 92027
1 99140 158482
1 23083 109238
1 26513 4752
1 63351 7815
1 83749 101760
1 122563 20086
1 74375 159300
1 192367 152179
1 14925 129394
1 71758 77951
1 34559 192163
1 54204 107033
1 95948 199096
1 42593 75819
1 56876 193133
1 48132 65910
1 84949 189282
1 163539 91643
1 195554 148455
1 14577 21548
1 69376 29384
1 189313 102675
1 123035 183450
1 91123 35072
1 63368 9412
1 140236 15096
1 78900 87633
1 154938 178843
1 198733 112373
1 164888 164055
1 78511 164061
1 113215 150283
1 64337 92412
1 18125 75006
1 198321 48019
1 65466 108226
1 147069 120192
1 47704 100834
1 56323 17418
1 177322 166483
1 41243 43308
1 86441 73306
1 111315 118496
1 114834 59962
1 169755 140397
1 34356 163361
1 242 47412
1 110777 21459
1 117200 151095
1 76466 162198
1 59733 138923
1 9832 61919
1 45362 109248
1 23328 68413
1 135831 11053
1 63789 147333
1 88413 177921
1 192444 170237
1 91124 88807
1 72220 58829
1 125518 168698
1 27917 36450
1 110285 120713
1 167115 189668
1 154283 11564
1 55258 11099
1 90792 113032
1 120851 29341
1 158073 108895
1 128815 66683
1 138991 105627
1 165972 153516
1 130853 103900
1 150174 64570
1 76398 144767
1 687 179435
1 7102 194866
1 43258 192243
1 170264 177717
1 109772 72408
1 97208 27571
1 125596 152101
1 170817 171905
1 106644 113171
1 196713 125813
1 161248 159284
1 109539 57067
1 12022 140322
1 195085 121748
1 69478 23207
1 44571 113280
1 51172 58542
1 152772 32301
1 118228 179818
1 72811 62864
1 115093 106885
1 68624 62371
1 29968 111820
1 16632 192175
1 26371 178905
1 35418 140379
1 121993 24128
1 177867 148342
1 103212 199741
1 42092 189698
1 38957 49950
1 184850 164225
1 12179 133613
1 124086 154820
1 196338 149473
1 59998 144369
1 54973 180293
1 167436 33108
2 156518
3
