200000
2 146513
1 172715 105568
1 190841 153092
1 30918 153237
2 127287
1 93906 148348
1 106140 117460
1 191693 11176
1 152865 110378
1 29432 115889
1 60194 133593
1 100600 47693
1 96374 77686
1 17738 109078
1 37273 169522
1 167852 108177
1 75320 174664
1 39178 3324
1 122234 74283
1 7915 87320
1 28879 118447
1 8093 22584
1 148413 147062
1 1758 99849
1 70952 24158
1 63692 66658
1 94626 4393
1 173263 110093
2 162291
1 8103 147589
1 14695 42986
1 182806 89006
1 185607 104100
1 88609 120665
1 96536 95004
1 15035 41743
1 57573 66293
1 122686 129790
1 106049 75267
1 194946 102376
1 111478 83040
1 183648 127117
1 14128 28845
2 85121
2 134394
1 21351 36645
1 189890 197965
1 78636 101052
1 198358 41895
1 5645 8797
1 127105 6441
1 29207 190461
1 78030 189434
1 62620 145460
1 18125 157582
1 17031 110698
1 111171 66808
1 135392 165184
1 132817 62451
2 183196
1 199690 120611
1 113008 122921
1 193241 157594
1 167864 64632
1 89628 178171
1 156778 189963
2 141129
1 154358 194228
1 45325 82931
1 68601 167717
1 3443 53598
2 188760
1 87265 72237
1 166600 149175
1 188801 44637
1 70258 125316
1 194311 185965
1 114447 148286
1 128914 159031
1 1315 85063
1 110309 146230
1 100277 110251
1 102645 150701
1 9336 99633
1 100594 122583
1 176444 116577
2 88276
1 180947 87510
1 20855 147496
1 127142 180685
1 18224 80219
1 53782 124038
1 141145 13189
1 52131 16562
1 115154 81017
1 195465 172919
1 61654 94412
1 165196 131228
1 21285 197860
1 142790 21496
1 65461 14019
2 52975
1 44107 69397
1 192799 146219
2 128801
1 71349 159353
1 99627 98748
1 67269 140329
1 164199 161453
2 183727
1 10402 139941
1 20511 29239
1 58044 186924
1 152453 112965
1 164448 21383
2 1152
1 67387 166841
1 126226 146246
1 152825 113649
1 16207 6795
1 164541 48767
1 177873 188331
1 49844 122484
1 51058 72412
1 14024 184386
1 175541 32850
1 37063 65614
1 100498 178100
1 9620 177207
2 69566
2 133927
1 162855 44048
2 11769
1 130940 125914
2 107881
1 196580 51073
1 155493 140484
1 133651 103423
2 15957
1 196588 39679
1 186765 36883
2 99988
1 33474 163170
1 23744 107111
1 15202 71358
1 2569 109481
1 182986 66962
1 195073 52253
1 105660 195320
1 160446 104616
2 163716
1 43815 119438
1 7780 13860
1 169150 127875
2 166146
1 139898 8240
1 56444 67308
1 2044 83661
1 59375 20182
2 79828
1 120998 163648
1 77826 160715
2 73877
1 151656 110313
1 170697 189861
1 123079 179976
1 20122 136188
1 62509 38251
1 25495 44506
1 71139 130616
1 183834 142435
1 10460 8980
1 191010 11178
1 170111 183764
1 174464 64513
1 2546 4006
1 120003 103742
1 43754 69056
1 70309 116623
1 87856 146506
1 186359 21569
1 11254 99016
1 54602 1165
1 86554 87114
1 141535 90789
1 87738 12822
1 82962 30909
1 197432 153366
1 8386 88028
1 66511 3966
2 186499
1 107180 182295
1 138637 127496
1 25634 95125
1 14554 11659
1 16569 44423
1 90383 143871
1 107703 169006
1 142619 173111
1 57066 171932
1 141060 21719
1 134607 182400
1 186349 41852
1 181510 81583
1 76010 68904
1 163702 117813
1 60994 13808
2 177341
1 76951 161604
1 76454 187099
1 23159 75917
1 42988 138591
1 123118 119896
2 4164
1 101832 25539
1 132794 146122
1 60811 39500
1 87512 78485
1 137486 167890
1 158257 39933
1 181337 79617
1 97068 178477
1 128649 41684
1 18206 73899
1 23579 85120
1 59774 135654
1 107255 15840
1 85068 147967
1 105344 153185
1 120380 66138
1 183899 161263
1 103209 114534
2 74238
2 7706
1 170475 68129
1 41630 157042
1 3988 41527
1 25242 130672
2 54653
2 69026
1 2500 54053
1 52285 17769
1 141662 161119
2 128723
1 174087 169151
1 93855 146122
1 102710 94536
1 115017 107757
1 104367 42365
1 26230 196849
1 120842 119897
1 162784 172955
1 2453 112216
2 153796
1 197092 184512
1 69294 114097
1 147289 88906
1 8477 137040
1 75680 62507
1 153509 32629
1 41607 42627
1 6408 107493
1 52372 59331
1 92802 33064
1 175631 6171
1 128303 130385
2 112851
2 196423
1 6603 18774
2 42958
1 51716 157862
1 181749 138891
1 120924 187745
1 166149 154493
1 166494 46266
1 172632 4446
1 60902 5300
1 73165 38190
2 46330
1 43797 14171
1 159382 121845
1 130678 149407
1 77374 92853
1 59450 85859
1 39609 136521
1 177643 111281
1 32680 120085
1 42319 54233
1 52469 177096
2 730
2 44512
1 23104 155796
1 33640 21571
1 28731 52430
1 61254 5727
1 186562 155906
1 2689 171818
1 187665 184536
1 130504 3543
2 163081
1 120264 48729
1 8073 160601
1 44976 154765
1 117377 113578
1 114794 122855
1 42888 137546
1 97257 136286
1 56470 159835
1 73559 55145
1 141988 116349
1 122049 118922
1 98364 11577
1 39169 185694
1 61187 123119
1 130155 79524
1 138377 171266
1 156411 110347
2 181135
1 41284 47487
1 50996 43610
1 139236 30209
1 151611 14071
1 47631 62392
2 53910
1 93960 109429
1 86450 81799
1 91907 115826
1 51954 163891
1 66231 5844
1 130633 129237
1 52519 48939
1 23816 51107
1 2296 186833
1 133586 168577
1 69210 143161
1 20771 99045
1 42300 43388
1 61476 173451
1 155377 148705
1 106798 158042
1 105949 71597
1 196508 132821
1 101604 183084
1 19414 5958
1 128212 136766
1 137563 12520
1 135762 23973
1 74383 111892
1 123522 175373
1 149445 73006
2 93563
1 99863 107790
2 119790
2 87294
1 14914 39159
1 1989 29865
2 132110
1 134261 15795
1 44212 34303
1 52710 83130
2 11868
1 161343 33209
2 146973
2 190699
1 43275 174086
2 40378
1 123392 108608
1 1190 174763
1 140570 114322
2 115144
1 134168 35853
1 3515 131841
2 119787
1 76441 29904
1 166926 19188
1 5138 83683
1 151378 107826
1 57156 32668
1 161024 196400
1 100737 56972
1 11129 163986
2 139127
1 75379 25754
1 155265 63613
1 174450 44262
1 97949 26974
1 98449 176564
2 67317
1 172999 73693
1 124022 146055
1 41896 191413
1 5495 4196
1 71811 131539
1 69901 137299
1 67937 188120
1 143959 30084
1 7127 15901
1 165928 91255
1 118765 2167
1 135259 9133
1 64721 134409
1 184730 151055
1 132093 9552
1 90027 50142
1 10470 74923
2 182012
1 125063 186279
2 115963
1 68791 36183
1 182809 192508
2 116670
2 32291
1 61789 38424
1 190127 98848
1 84293 105668
1 88191 118672
1 173268 194392
1 139687 165088
1 74192 37935
1 177815 121518
1 161685 40099
1 81597 105904
1 41528 5780
1 71956 116899
1 106043 119862
1 141232 70967
1 163384 198622
1 66888 73081
1 61256 12622
1 67781 130049
1 128627 14079
1 194890 117597
1 150237 30766
1 37828 85436
1 44910 84393
1 148595 58591
1 17859 177307
1 85114 112509
1 3475 144791
1 48164 4854
1 122083 160866
1 171703 130555
1 80814 196995
1 136636 143739
1 56015 70031
1 120975 168849
1 121074 160176
1 116068 100331
1 188346 176501
2 104795
1 145541 148851
1 177008 25606
1 166087 116218
2 197334
1 166310 187183
2 3612
1 53583 51319
1 88331 128651
1 75076 69136
1 188406 52849
1 25522 189761
1 88396 182004
1 194790 185895
1 198232 154863
2 185959
1 121867 148737
1 45496 15941
1 107451 119861
1 73743 31782
1 156113 98258
1 193528 112078
1 131764 63574
1 127677 105326
2 130236
1 198474 17878
1 60813 160894
1 122176 139735
1 31523 123798
1 51092 12185
1 26269 104372
1 152662 105510
2 150447
2 86668
1 74985 5017
1 59829 62477
1 27156 187435
2 94729
1 22386 192019
1 137959 52194
1 182287 106418
1 64739 180488
1 70647 188618
1 179852 59618
2 54919
1 100355 170554
1 176516 164871
1 184921 50698
2 134589
1 80362 29314
1 140105 51890
1 164885 74224
1 121609 9939
1 47449 144686
1 163208 175621
1 160449 195300
1 114129 79305
1 121820 82407
2 43104
2 51625
2 60036
1 151854 99307
1 59894 171150
1 190202 61936
1 120874 121574
1 9369 11756
1 191376 196170
1 12609 44874
1 73302 62754
1 86098 54496
1 65524 55238
1 17318 168784
1 40920 46356
1 41242 384
1 107603 138800
1 151709 68029
1 26306 55644
1 140537 14124
1 174270 114362
1 107232 161393
1 28872 71007
1 2744 163874
1 177519 152987
1 60585 125230
1 150787 145478
2 82726
1 120389 20415
1 104070 183226
1 90532 136626
2 26125
1 29420 15078
1 129741 98550
1 111112 82622
1 88818 48127
1 170998 110239
1 104352 145124
1 105055 34184
1 109981 198027
2 70905
1 157342 46667
1 65882 68405
1 166964 198644
1 17694 55402
1 174545 184152
2 146013
1 171513 95654
1 126223 180505
1 49075 4872
1 57667 155813
1 88273 122778
1 108402 39022
1 37240 154168
1 31419 104011
1 42042 190501
1 196100 185543
1 194464 90167
1 30124 37803
1 112567 13185
1 14772 9361
1 176606 179394
1 31081 120102
1 11150 84172
1 168725 74111
1 45866 69687
2 95846
1 123554 118409
1 165819 180255
1 40585 46466
1 164409 27965
1 98 178680
1 48966 197036
1 52199 18533
1 143402 89452
1 71628 84203
1 159249 7998
1 186414 137049
1 118944 17171
1 11768 66746
2 92089
1 176479 143768
1 121170 80395
1 136159 133537
1 38418 198045
1 173250 104514
1 174174 172571
1 120001 10599
2 99899
1 118364 198539
1 176890 108484
1 126341 128912
1 52137 8656
1 15492 151562
1 71976 15200
1 124332 145292
1 63126 97038
1 95241 152272
1 16057 140530
1 43599 18811
1 197323 70423
1 76866 168691
1 57991 137693
1 120423 41444
1 115317 198895
2 43050
1 81716 192820
1 102311 66000
1 23055 144904
1 68921 129248
1 96361 155940
1 172830 63182
1 110642 111482
1 35935 168104
1 55899 197184
2 64141
2 179339
1 7748 30763
1 21993 151603
1 65139 75824
1 116285 64449
2 9318
2 80798
2 73862
1 61934 54549
2 142822
1 100974 175777
1 74628 116457
1 183168 176293
1 168686 185808
1 133565 132285
1 179539 112746
1 184567 164561
1 53592 166128
1 122378 13955
1 922 62890
1 132808 21103
1 72700 177184
1 67620 180865
1 49391 72196
1 10147 20158
1 104514 82461
1 89855 127243
1 179306 163319
1 22493 27011
1 173843 162697
1 86449 159735
2 48935
1 188092 117872
1 149794 119390
2 198314
1 91423 2660
1 108443 72451
1 192787 53678
1 38183 12939
2 100897
1 1965 45311
2 134842
1 15594 193903
1 125312 66267
2 126109
1 85218 176615
1 132692 48051
1 179027 94024
1 106625 68363
1 52407 2531
1 102964 167111
1 137097 13096
1 44465 116856
1 156566 66563
1 189241 3850
1 128810 1064
1 40924 141548
1 146170 102881
1 32577 49091
1 119571 193685
1 176693 64527
1 65410 153755
1 151667 72093
2 194693
1 53300 23411
1 77586 126194
2 34708
1 4905 86909
1 154170 141707
2 40125
1 176306 19826
1 102646 172248
1 159169 176672
1 41738 100046
1 115211 44767
1 91749 158660
1 27840 47371
1 4836 37917
1 58735 88266
1 52534 114086
2 109751
1 194611 131108
1 89048 157424
1 152112 92770
1 106374 155354
1 134308 74901
1 113059 71174
1 38312 72229
1 11225 171844
1 107512 109572
1 31649 133324
1 40736 121407
1 124819 114160
1 48291 148869
1 33580 4545
1 86701 58869
1 130271 32129
1 164731 131373
1 123806 56138
1 198729 198416
1 17770 20796
1 10876 172759
1 123929 180012
1 48529 131611
1 166696 197643
1 137222 115490
1 6401 187348
1 29959 58088
1 69838 6202
1 194971 19247
2 9727
1 36028 90704
1 34038 66584
1 186348 17956
1 40488 141502
1 112335 50997
1 103660 198018
1 88158 41451
1 92763 185711
1 186124 48740
1 65575 30289
1 14614 93600
1 79690 50182
1 128972 94702
2 109806
1 194742 36128
1 184507 51422
1 143733 102191
1 51210 123501
1 80061 117198
2 63781
1 99021 49581
1 117646 78101
1 141222 24170
1 63753 195061
1 141818 4043
1 123833 98883
1 120299 107781
1 50272 87976
2 7175
1 189969 119278
1 55492 102427
1 58888 163438
1 154636 185148
2 20605
1 35919 161762
1 165792 6710
2 29637
1 84326 180456
1 141866 28827
1 171309 5414
1 3247 90688
1 29076 85492
1 105257 26979
1 174222 32296
1 66077 28544
1 67293 158406
1 168413 90985
1 104413 20964
1 54327 82007
1 51927 179933
1 193950 196209
1 190019 3450
1 82198 17308
1 146015 16669
1 157475 16836
1 168751 32304
1 45491 113129
1 56405 127822
1 120394 142508
1 55316 75119
1 120559 183772
1 35551 74970
1 49045 119100
1 79527 12038
1 1868 34648
1 179300 26128
1 184681 38728
1 64483 93476
1 177459 43203
1 29584 67814
1 21391 197159
1 34374 95456
1 129582 175623
1 95765 30897
1 192566 46646
1 140563 114995
1 120558 140435
1 94822 25645
1 73197 77974
1 123728 188858
1 150276 65882
1 95035 193721
1 58283 56619
1 114311 23031
1 8425 109137
1 36754 126361
1 92296 153885
1 125000 75662
1 108601 1971
1 111723 64757
1 131971 194712
1 128355 33418
1 151538 318
1 174473 119255
1 90813 65678
1 103024 65752
1 125751 109429
1 159734 41903
1 130490 49010
1 27401 182985
1 71889 68639
1 146109 163600
1 110437 196157
1 151565 10002
1 142506 23684
1 33391 108082
1 133451 12331
1 145629 57486
1 71891 156853
1 169057 12848
1 146140 39741
1 78816 162808
1 194365 5699
1 183978 162697
1 18928 161398
1 38337 12788
1 182657 81028
1 29864 78562
1 169150 103520
1 106350 180037
1 159771 135699
1 15034 97344
1 196708 128774
1 62745 141653
1 64425 124687
1 182981 93520
1 47012 105082
1 172216 179571
1 181870 86553
1 28658 119905
1 199459 129551
1 37382 110798
1 176019 91289
1 103468 191590
1 147435 82334
1 13122 138493
1 11106 117816
1 181028 24695
1 4008 77890
1 54702 134265
1 67852 154405
1 193614 163279
1 40812 20190
1 114703 112479
1 54754 43794
1 31332 24462
1 131437 97172
1 102961 22385
1 34014 140277
1 56864 26294
1 89476 18830
1 33122 73940
1 37017 162378
1 140036 170736
1 110190 197943
1 135732 96785
1 156436 126414
1 91220 96134
1 2636 109312
1 18302 49173
1 145650 55555
1 66648 136104
1 172005 16926
1 33050 2931
1 149049 155185
1 55069 41961
1 164833 112264
1 150054 37344
1 35159 191329
1 49267 1921
1 67214 170428
1 49477 138612
1 63897 21731
1 75374 66059
1 17436 131257
1 30749 157934
1 186484 83335
1 34087 54023
1 50019 61700
1 47576 102126
1 196350 126821
1 159866 105431
1 36506 34725
1 22821 129339
1 31284 185879
1 94344 71428
1 67487 106025
1 44406 151484
1 94196 81915
1 61237 30968
1 54133 57057
1 59907 118657
1 10945 91636
1 189993 87875
1 189695 142239
1 97219 188153
1 172676 155816
1 185296 177496
1 38343 123773
1 53048 48251
1 73864 120129
1 53788 162575
1 128891 119256
1 44002 193664
1 65851 74991
1 7552 131747
1 79469 93839
1 129672 51813
1 68658 183394
1 21109 38196
1 43025 167558
1 89397 154796
1 164515 184531
1 99639 41028
1 8000 145064
1 160374 188602
1 185579 133242
1 18822 87100
1 98041 190686
1 63263 186008
1 183559 153046
1 151656 187430
1 198045 174043
1 160901 197236
1 88797 111531
1 184483 3506
1 28849 47122
1 53891 21407
1 30707 47229
1 32966 187315
1 6558 82684
1 86328 112655
1 28469 28568
1 128991 45282
1 107698 80662
1 52037 21724
1 25393 96265
1 134084 159640
1 24925 103006
1 167378 55173
1 162268 20068
1 175693 133461
1 45687 155419
1 5832 109866
1 23820 77183
1 118357 15742
1 30711 94356
1 189973 185681
1 134462 196979
1 71231 103896
1 178876 120341
1 39917 192356
1 199824 172128
1 103533 20176
1 12550 145008
1 115718 32559
1 5253 7720
1 184585 110582
1 23931 123704
1 192345 106533
1 21638 25264
1 197310 124219
1 126757 4742
1 64486 192794
1 101342 189860
1 186621 10232
1 11568 180726
1 117807 4744
1 99451 189938
1 114811 83560
1 131822 124968
1 40826 178764
1 159986 114572
1 139439 123819
1 149205 197250
1 77777 181480
1 92985 62505
1 97878 87043
1 45374 80107
1 196035 53121
1 164333 2115
1 78194 190937
1 23846 134671
1 188130 121632
1 58572 58008
1 47813 167991
1 88175 81311
1 103301 183283
1 141434 108395
1 10136 70861
1 33501 150544
1 23942 43403
1 126846 175234
1 33784 137135
1 68508 109850
1 168707 192478
1 91523 105383
1 85429 195987
1 168310 164600
1 9375 75845
1 172634 164521
1 99235 80853
1 57247 13421
1 197504 58172
1 50292 57947
1 160027 108597
1 15980 95739
1 119888 2471
1 48555 132818
1 191354 80853
1 41493 198891
1 26879 196041
1 86648 25321
1 9311 20606
1 29241 104011
1 144829 14861
1 178108 117246
1 2862 75738
1 199960 20777
1 164546 9471
1 169082 128372
1 33553 94521
1 156120 118490
1 72 120466
1 100377 176753
1 33652 13263
1 187523 103800
1 117838 173338
1 49381 40160
1 145671 29874
1 77381 3869
1 28501 40017
1 151692 124654
1 28670 129438
1 131953 5483
1 55140 11477
1 78691 120719
1 7314 70067
1 97531 4742
1 9606 12133
1 86689 28472
1 18303 14899
1 18621 190550
1 197513 122153
1 78112 198757
1 160966 158023
1 66740 189000
1 7103 188010
1 195233 62930
1 189162 89913
1 115394 79308
1 117246 83092
1 8839 174532
1 133621 190649
1 102443 106263
1 104417 122873
1 51417 90111
1 32563 17627
1 7834 12576
1 33479 166607
1 124803 18703
1 185587 24213
1 193116 110756
1 68562 166510
1 130195 38274
1 171147 197571
1 164066 197476
1 172327 78933
1 106878 56170
1 86035 22565
1 38082 139428
1 186162 37604
1 155611 65182
1 101991 113630
1 89460 151084
1 38369 157986
1 83044 85239
1 57383 194100
1 137047 153417
1 101990 2999
1 135866 118229
1 146233 12437
1 14891 45130
1 136440 98736
1 9376 142746
1 144259 141838
1 114839 81797
1 168144 108864
1 21309 91435
1 103284 13779
1 125986 37138
1 119086 41467
1 112477 81781
1 67194 38397
1 18748 118925
1 40404 92571
1 118447 167460
1 52555 156229
1 24308 154007
1 143560 135166
1 90821 143723
1 172382 97612
1 95617 163156
1 148308 151844
1 122201 108609
1 126193 110292
1 142012 191339
1 146952 79923
1 184709 129440
1 33411 68038
1 91298 50763
1 176116 145076
1 112776 125830
1 115097 18028
1 97365 122210
1 23344 97045
1 154758 70134
1 22972 163895
1 35226 78694
1 7638 182055
1 21894 35510
1 90999 189240
1 5978 52495
1 17028 126752
1 193779 184784
1 121883 164072
1 97123 15193
1 179677 93081
1 169310 132692
1 40253 20003
1 172326 117316
1 149383 144847
1 187129 35794
1 93940 82535
1 144057 126614
1 92717 172515
1 44252 94051
1 115997 174615
1 34644 100821
1 151228 146972
1 181121 30687
1 103513 48444
1 168150 133008
1 175016 189730
1 78153 4517
1 106892 73728
1 95103 158229
1 48742 150210
1 38135 95576
1 97246 60276
1 102070 72506
1 177585 41647
1 137586 100703
1 191228 97097
1 96771 136086
1 118024 124925
1 86854 44002
1 188566 130584
1 183443 199047
1 99628 64742
1 190242 115794
1 93600 141597
1 34809 115116
1 2725 196872
1 61465 35296
1 101716 111350
1 102505 194346
1 77052 145571
1 48866 132866
1 13164 53734
1 173437 57129
1 190271 82013
1 29978 122612
1 89066 116822
1 80114 144662
1 23234 161471
1 21823 1651
1 85265 173520
1 46954 55778
1 124827 155448
1 7413 79745
1 133483 76037
1 115306 61439
1 141347 160855
1 70019 157542
1 70468 4998
1 91227 86247
1 46650 111955
1 52501 95595
1 60716 18829
1 74827 113879
1 40130 88772
1 19706 146975
1 35511 15219
1 22059 90254
1 58848 38057
1 15013 124052
1 173950 145465
1 157201 45585
1 14785 103395
1 60205 5600
1 59293 50626
1 183541 40744
1 57169 130166
1 4367 139807
1 168756 158229
1 173814 172256
1 46275 69453
1 64553 59822
1 182889 173853
1 86805 198344
1 186894 26421
1 154943 197296
1 164002 66922
1 106230 10807
1 137515 114911
1 185592 87243
1 196750 92784
1 138404 13635
1 14747 67680
1 135264 21929
1 185499 91909
1 133259 141577
1 182173 16371
1 95078 121
1 63807 27494
1 106814 117930
1 63354 70899
1 70365 198062
1 134962 155185
1 61937 105033
1 51580 114659
1 185917 181181
1 42736 114281
1 76990 117520
1 16624 184168
1 174816 118753
1 170425 60919
1 191267 180651
1 2410 106060
1 64456 66968
1 93394 80358
1 72640 124170
1 11199 65275
1 25430 34277
1 196164 97444
1 131419 138145
1 190858 55623
1 153810 94094
1 187226 159238
1 171613 176232
1 95657 144166
1 159784 8350
1 37925 20034
1 74004 163549
1 149375 153777
1 185638 68962
1 101114 149429
1 150897 144512
1 98291 73573
1 194817 155566
1 42800 6556
1 56138 55124
1 74221 76196
1 1296 197271
1 75621 51869
1 116568 168291
1 61726 58354
1 188174 22777
1 188280 130558
1 189239 49209
1 154423 20026
1 65626 80240
1 119566 86827
1 189675 130405
1 126446 128841
1 33528 144161
1 57423 53554
1 115671 97853
1 46654 90128
1 11536 40304
1 153000 196552
1 183750 30040
1 117990 84644
1 161963 125385
1 144649 30787
1 38757 158228
1 17832 21184
1 19579 90266
1 58855 39968
1 99653 142097
1 32521 36927
1 169170 50517
1 71289 179837
1 122651 46322
1 169109 148196
1 65128 90352
1 116092 128285
1 165569 132896
1 66074 12053
1 192280 93735
1 146289 166313
1 33460 80200
1 38762 71449
1 172705 58231
1 130204 106860
1 164758 91483
1 52124 91295
1 199655 157218
1 141957 160660
1 115436 12171
1 136329 46073
1 112753 95344
1 195961 83766
1 56928 80787
1 5009 135835
1 64427 177706
1 52360 88712
1 56958 134189
1 60246 98399
1 67748 100767
1 22598 147495
1 175416 27931
1 156414 40514
1 58383 5153
1 89484 46801
1 143332 107553
1 80435 108965
1 84292 108295
1 114998 170282
1 24571 110792
1 100196 118927
1 29118 51371
1 181285 150393
1 114522 50971
1 4676 82536
1 104476 144491
1 198396 86825
1 99842 159979
1 127495 163006
1 138338 107562
1 185509 52555
1 173722 70796
1 162218 58242
1 98424 172046
1 80716 84944
1 67050 74647
1 27435 64137
1 137640 137410
1 91936 120530
1 130911 124201
1 194635 119374
1 37473 14195
1 104791 171147
1 24588 189600
1 24721 138284
1 2744 181909
1 199593 116314
1 45413 48483
1 10759 27239
1 53476 101597
1 22930 179330
1 120197 95705
1 179581 36386
1 55232 177606
1 195475 73388
1 41063 180271
1 186115 116327
1 27532 115918
1 57903 51619
1 92142 193557
1 164594 110949
1 66922 21240
1 75056 138453
1 47519 141759
1 172898 54635
1 52386 33483
1 78241 1879
1 123364 4646
1 73010 74096
1 151648 124495
1 7827 64224
1 9865 184774
1 142726 65229
1 124083 192853
1 82587 107786
1 23872 22880
1 152258 189695
1 117774 26478
1 42193 156566
1 4447 102967
1 197394 183208
1 40521 38320
1 18064 155687
1 149919 16981
1 74788 170509
1 104927 35447
1 119995 161732
1 7517 84678
1 176489 136983
1 132655 27423
1 69876 30553
1 128986 66713
1 171994 192212
1 135997 57933
1 119396 62388
1 8573 133540
1 55983 11957
1 65073 50341
1 2744 62730
1 127182 143615
1 64232 127503
1 105749 196563
1 116768 5682
1 115323 3910
1 89927 80605
1 57369 186501
1 67281 159334
1 131605 53209
1 82001 87098
1 171280 72749
1 129346 106119
1 139537 33438
1 108563 162666
1 172146 192962
1 91377 49560
1 52233 121595
1 89817 189200
1 181850 192126
1 40093 22016
1 108027 16479
1 185910 99383
1 163271 156447
1 33227 199243
1 172679 28856
1 190337 195851
1 196189 56423
1 85379 152040
1 147635 29820
1 181075 94175
1 42596 105822
1 137426 10345
1 54057 165090
1 73548 5287
1 188038 150734
1 56392 77192
1 143733 168040
1 27726 122557
1 110866 145476
1 56249 173599
1 155145 101453
1 50431 22302
1 159550 105811
1 10814 186221
1 67963 167126
1 136330 45804
1 1247 157138
1 62516 179414
1 52484 123148
1 171356 189868
1 121713 112795
1 166713 181217
1 56833 169338
1 168424 100423
1 199315 127308
1 197364 130169
1 135412 42353
1 79525 20363
1 158217 3784
1 143820 158511
1 1793 168133
1 153869 49705
1 193083 98102
1 189230 55285
1 176883 132304
1 96799 2102
1 59059 150142
1 43466 47907
1 175479 196716
1 117916 58477
1 157857 93137
1 105300 183283
1 93214 175035
1 159883 159594
1 199448 150879
1 136325 64326
1 179934 86177
1 131383 83310
1 62288 173920
1 63193 104735
1 111759 10822
1 125997 116831
1 163940 84687
1 152528 4069
1 17391 175447
1 74625 84615
1 6739 127272
1 152624 152612
1 180513 30532
1 74184 161555
1 168258 4976
1 55936 11147
1 18536 21441
1 179422 163283
1 196918 115435
1 16972 116781
1 76142 123335
1 147295 26686
1 169500 190949
1 71525 2561
1 36994 93395
1 166128 79917
1 38403 26924
1 61216 158244
1 198483 88227
1 309 15454
1 47006 121490
1 42517 31508
1 23160 149758
1 88154 188081
1 112197 3053
1 36512 36533
1 156010 164267
1 185357 178411
1 195956 156825
1 194977 101454
1 179974 188023
1 57984 105080
1 142088 65010
1 102270 149067
1 105166 67825
1 126890 55907
1 100806 172509
1 160541 109947
1 147303 196719
1 23364 42270
1 23958 141375
1 145900 152593
1 162906 9225
1 179854 55934
1 142594 50114
1 137116 193636
1 69397 197787
1 29386 75838
1 81786 16661
1 97951 145521
1 108649 52806
1 176958 32058
1 10257 108906
1 62960 59670
1 174283 48173
1 36020 108403
1 122559 128184
1 107593 190167
1 191381 175866
1 54971 47632
1 162719 169785
1 118573 102300
1 179525 5401
1 150245 152152
1 198705 144043
1 43934 29998
1 175227 7033
1 76233 141883
1 75159 81233
1 35429 196543
1 18366 57424
1 41985 8329
1 172890 54001
1 179663 85153
1 111861 48790
1 137515 72375
1 159972 155157
1 136556 92812
1 163504 17094
1 36458 196639
1 56837 1356
1 188177 66906
1 148254 129635
1 82085 165182
1 78128 178217
1 52757 29709
1 2582 112047
1 109380 18806
1 9085 961
1 42005 114054
1 130961 40947
1 110455 130060
1 24743 73583
1 198258 157325
1 36844 135101
1 115121 137706
1 198542 51538
1 195600 182350
1 146793 93979
1 125671 183900
1 88628 15371
1 15703 114775
1 142573 183075
1 113108 98772
1 60546 101889
1 20084 156637
1 161153 148140
1 24823 53864
1 100482 3103
1 31191 54711
1 91667 112084
1 182097 113296
1 54180 140690
1 61684 63392
1 32820 135866
1 185129 53291
1 28795 84302
1 82820 22455
1 61722 185027
1 5130 113017
1 18368 73160
1 75651 164160
1 96797 76759
1 186050 7137
1 18764 34812
1 176946 196515
1 152572 108387
1 14691 38955
1 89503 4646
1 146709 88809
1 172567 44183
1 93699 56260
1 152414 85003
1 194547 98372
1 2292 140584
1 101246 45631
1 130382 135023
1 194715 114374
1 94653 140045
1 119089 168656
1 119900 67742
1 136348 146535
1 80127 49603
1 146110 180370
1 13400 39718
1 199178 41986
1 35050 77131
1 56909 85120
1 60787 4889
1 10877 116886
1 54485 143849
1 62663 15293
1 49158 29518
1 78547 67783
1 84153 163813
1 95835 35854
1 158540 189983
1 104876 16476
1 57907 35340
1 130875 70812
1 184229 66410
1 11243 93825
1 8773 199598
1 23838 54518
1 150419 15185
1 106106 171717
1 9620 153759
1 103677 113419
1 181183 115836
1 197508 152987
1 63081 181752
1 75352 88050
1 83059 86740
1 157755 166171
1 91058 94805
1 64689 106019
1 26399 113672
1 137234 83200
1 93760 151447
1 64206 87741
1 45847 140363
1 83393 71145
1 190409 137313
1 77370 66305
1 2001 13714
1 176134 44058
1 14118 78173
1 13442 8083
1 30057 155992
1 16800 169595
1 78803 88695
1 170681 37886
1 139935 70811
1 75924 22550
1 196468 11038
1 81206 66479
1 34389 153054
1 92907 7194
1 134284 68488
1 117971 137847
1 130068 123559
1 74288 18397
1 86214 58861
1 171759 118795
1 50246 164097
1 133684 100435
1 8238 86985
1 100779 104133
1 186555 139065
1 78092 133338
1 137463 53340
1 110510 87459
1 18919 106083
1 178127 27441
1 112053 45356
1 151651 10181
1 82784 72468
1 22427 11322
1 19298 139903
1 148599 20465
1 28322 126631
1 93327 102525
1 130268 196260
1 169246 16208
1 78605 102523
1 106320 166630
1 117539 155113
1 146125 12016
1 2659 48753
1 71814 49668
1 175964 35172
1 176639 82179
1 51533 50608
1 64670 112074
1 9619 38380
1 60147 68381
1 50069 106659
1 63176 4176
1 63219 41183
1 33834 51575
1 159851 2104
1 164280 92049
1 25358 113372
1 193644 40112
1 73635 27937
1 110311 103404
1 46490 51593
1 37250 89929
1 156467 120532
1 160722 48357
1 20143 163788
1 98939 77863
1 187639 199053
1 28024 25572
1 146828 11987
1 117289 164499
1 136495 128649
1 21213 146739
1 4625 187662
1 610 113210
1 95614 132746
1 123275 154050
1 138757 83122
1 93378 14255
1 160938 69976
1 132622 25764
1 157456 157238
1 49574 7782
1 176353 172604
1 106102 107921
1 150783 13144
1 97968 99578
1 90288 130245
1 63895 178212
1 70213 138839
1 7112 177702
1 144652 108101
1 175690 65692
1 34486 27448
1 104471 174285
1 53003 16467
1 135211 121693
1 83532 148675
1 178636 13301
1 134569 107401
1 19099 137711
1 150821 76165
1 107738 112581
1 40902 186117
1 139453 82364
1 15169 168334
1 144181 60556
1 91684 178857
1 170427 85908
1 179782 40114
1 53594 63868
1 52524 61405
1 70080 93098
1 12541 104330
1 153351 197353
1 119144 135691
1 55358 161366
1 106260 90994
1 148540 197260
1 25161 120672
1 69736 21587
1 8988 83467
1 69827 22148
1 84704 102160
1 142967 101568
1 190987 126137
1 100515 37522
1 15463 174992
1 26471 164897
1 94842 118116
1 135148 65563
1 136631 65819
1 198200 135518
1 12262 66553
1 25841 122856
1 22545 45103
1 24367 135745
1 49200 106919
1 30727 184679
1 20311 187023
1 101525 123962
1 56543 16868
1 128969 19561
1 187154 188865
1 19317 100764
1 51099 54504
1 78166 102755
1 26156 147216
1 125664 12575
1 66609 59183
1 168463 145263
1 35126 41674
1 154795 78110
1 35796 125626
1 154011 53195
1 149857 151680
1 65966 111896
1 88664 157261
1 95909 40279
1 46151 186891
1 176388 46066
1 36471 57071
1 156571 120409
1 7905 150787
1 42831 185009
1 25167 187567
1 150702 171067
1 77136 5960
1 33140 147138
1 82272 186523
1 16535 58953
1 172438 33723
1 98457 168884
1 39120 116361
1 197774 78134
1 60828 159748
1 160556 127739
1 95720 68113
1 82387 181846
1 112493 23436
1 16221 152493
1 98327 160911
1 7848 89315
1 114807 94529
1 114977 194438
1 199084 188771
1 67410 25082
1 76879 68823
1 73327 40869
1 148894 35314
1 57117 137820
1 196971 94404
1 150212 179342
1 134853 71141
1 3991 23088
1 16999 119618
1 83873 41833
1 97760 94311
1 104658 157182
1 85955 54991
1 71946 194368
1 85200 110761
1 151525 98164
1 101410 128173
1 3143 92611
1 82202 16096
1 105450 47971
1 40971 48356
1 48997 60165
1 108582 164932
1 176767 182337
1 19177 97981
1 191860 88382
1 187524 182800
1 198343 19494
1 55116 48775
1 18824 113865
1 104100 157958
1 68583 109777
1 197480 183189
1 83962 26534
1 15771 34346
1 121420 170402
1 182355 157948
1 96935 39927
1 7140 186309
1 8354 193695
1 3914 122583
1 64557 41861
1 29274 46306
1 57180 95538
1 2475 98884
1 88115 46522
1 18944 38354
1 129265 136231
1 9209 127142
1 120992 6950
1 46651 135337
1 175387 143473
1 146525 126819
1 183841 157692
1 160405 54849
1 150361 124644
1 142818 86117
1 22693 41940
1 152634 47668
1 38252 159546
1 17142 180764
1 187362 52137
1 121660 94692
1 65115 22096
1 149422 74872
1 40336 22875
1 125265 59637
1 187952 5096
1 187136 48753
1 173995 39980
1 64082 120399
1 81147 50022
1 142153 110530
1 168180 136837
1 68860 46559
1 199309 50390
1 52999 108135
1 177902 127920
1 188081 22293
1 119484 192866
1 2269 86884
1 91555 81053
1 174453 145125
1 158243 141727
1 114580 142400
1 26078 56928
1 1843 38344
1 21985 110591
1 86487 156548
1 184497 84271
1 163320 43322
1 102615 21854
1 103604 99390
1 99694 171686
1 77685 51068
1 19373 109495
1 191072 26370
1 169392 164996
1 174975 53265
1 6859 146094
1 101297 40102
1 96786 34094
1 85329 18435
1 49570 32838
1 12004 140867
1 59572 196777
1 142598 1054
1 38179 20458
1 158359 75577
1 63291 58339
1 154657 161521
1 63557 7334
1 55885 52905
1 70544 181033
1 193736 114770
1 195201 60077
1 75503 27131
1 126622 12719
1 23618 68057
1 33495 26195
1 84744 105752
1 58006 74893
1 12606 83106
1 96649 139154
1 125254 32175
1 1133 25214
1 43534 31438
1 15581 133063
1 3134 25842
1 103066 135330
1 49702 40960
1 86877 78900
1 80486 186648
1 48539 73915
1 152480 156322
1 130648 148670
1 23643 163355
1 26287 42866
1 86009 172639
1 131104 20334
1 94363 114489
1 149723 20433
1 124306 150441
1 188428 169650
1 164042 63029
1 168423 16584
1 70386 146546
1 111414 158427
1 50607 65748
1 174432 78827
1 107265 15157
1 69820 2847
1 7541 66595
1 103062 62448
1 113805 103405
1 62913 39830
1 176429 168878
1 41182 56883
1 166279 19866
1 65515 49279
1 87049 97736
1 152527 189428
1 89796 9217
1 6308 69754
1 16224 110601
1 145990 66261
1 188927 185579
1 41500 152462
1 168751 144521
1 62948 119519
1 54739 173923
1 47875 21858
1 83540 120295
1 124173 115580
1 73412 4026
1 196497 9094
1 61970 53318
1 140457 380
1 12213 153861
1 147584 147690
1 112082 138892
1 182565 103187
1 143728 19867
1 51919 10723
1 35999 19620
1 87536 109591
1 82724 95194
1 151295 65771
1 76391 29691
1 128641 141252
1 97888 139041
1 35223 33631
1 21247 69893
1 134285 45882
1 145563 50901
1 176098 120705
1 89886 1783
1 35156 12539
1 33646 118750
1 159982 132982
1 86238 119885
1 126291 99376
1 178518 168681
1 105868 144263
1 171200 139267
1 118481 39331
1 15285 7014
1 172053 146466
1 56999 162014
1 85 23941
1 178320 190345
1 94945 26456
1 165850 126114
1 34731 65959
1 167568 3467
1 154832 98143
1 106501 97563
1 59109 182274
1 23171 73257
1 101123 163024
1 19830 150935
1 44758 197618
1 19354 6561
1 38498 187048
1 49634 180200
1 8982 125428
1 42858 41722
1 198550 97480
1 97824 87652
1 29891 35566
1 53934 121339
1 3278 73654
1 17578 99943
1 63101 29605
1 46786 106993
1 119420 121948
1 159970 169230
1 8999 67591
1 38759 144620
1 114583 131847
1 97672 20796
1 127019 41441
1 105091 154432
1 95704 68328
1 131974 129686
1 9396 55400
1 34656 172806
1 143295 93012
1 163303 21705
1 64819 78898
1 75434 41306
1 98382 127941
1 36634 35201
1 197469 137147
1 87924 44060
1 179211 19160
1 181810 183345
1 27818 129059
1 2418 142258
1 10624 118671
1 550 151568
1 32725 135148
1 15102 12419
1 34556 38991
1 199635 97560
1 91809 63999
1 75797 39803
1 58258 159010
1 90487 173191
1 187408 158630
1 54425 9484
1 46231 89204
1 93174 6240
1 159339 171986
1 62543 188265
1 30118 92695
1 45015 174697
1 130047 179348
1 161184 92490
1 29725 7105
1 64326 72108
1 4252 27238
1 4314 20845
1 179103 15882
1 195025 114041
1 9495 32545
1 1966 181394
1 187410 86577
1 96365 15776
1 47623 126214
1 129970 79804
1 131233 192599
1 178353 100281
1 103370 38071
1 120158 176117
1 116345 29120
1 17623 5662
1 95359 169085
1 175825 119944
1 142350 127511
1 191552 114158
1 88267 198530
1 80587 66118
1 106261 74089
1 43055 188682
1 190166 82007
1 50354 17732
1 171465 40103
1 56268 50905
1 50445 143469
1 44944 24473
1 165545 106790
1 82464 8518
1 136863 85534
1 141842 143011
1 116918 29600
1 82077 193151
1 132227 57699
1 14472 151105
1 53624 70002
1 43861 132406
1 21423 111773
1 39977 53528
1 160951 126430
1 183231 194977
1 70560 163214
1 152398 66321
1 66052 120906
1 184632 100924
1 52055 110047
1 26293 92183
1 73776 107197
1 120638 88707
1 163288 85531
1 174846 139803
1 6418 161830
1 156725 107003
1 101995 194224
1 98350 116305
1 143171 195670
1 46884 131432
1 50908 84019
1 139953 60851
1 161827 23299
1 13751 27287
1 44157 58970
1 108882 171131
1 56788 54342
1 153405 11347
1 179297 80513
1 152067 12011
1 103803 84444
1 123177 177714
1 737 117416
1 147162 59911
1 188036 10406
1 104850 114119
1 180633 53490
1 83407 183255
1 53469 133739
1 133429 127983
1 118505 148966
1 193729 114024
1 137721 33171
1 165168 13895
1 36791 53807
1 138096 29898
1 80716 42732
1 22983 53106
1 198826 29149
1 195715 14353
1 73875 62631
1 138146 20054
1 167534 102500
1 168194 42710
1 103947 169625
1 50762 74077
1 98549 96346
1 142810 100597
1 103031 6588
1 186737 172982
1 108785 86396
1 71134 122767
1 169629 72494
1 159273 88724
1 152541 296
1 138946 116104
1 7112 95279
1 150122 91564
1 145780 73185
1 33696 63368
1 68101 145061
1 140111 19449
1 127286 142544
1 45749 28667
1 150503 92825
1 110935 79417
1 36393 58304
1 64547 8659
1 157510 55738
1 37542 62703
1 191251 34143
1 111791 160451
1 135546 168663
1 15619 38369
1 63042 62978
1 17411 22724
1 38882 103271
1 101658 40346
1 81030 30431
1 106731 73554
1 12705 38275
1 178810 58471
1 176180 53203
1 121753 100141
1 102877 104616
1 89622 58076
1 165988 171100
1 96931 17435
1 98241 161719
1 8133 137742
1 163377 177821
1 95361 180579
1 2811 79863
1 102596 123544
1 18749 128927
1 164754 172241
1 113213 121424
1 108465 87001
1 21356 194637
1 65111 110838
1 60413 108688
1 194384 176626
1 5415 10101
1 131060 156455
1 199030 129896
1 162441 125579
1 36441 84492
1 184692 43644
1 137383 186733
1 110949 190157
1 182259 69288
1 100611 170961
1 114129 141401
1 48342 65447
1 109481 76550
1 76468 169798
1 111036 137738
1 37166 155978
1 144692 72644
1 68859 130432
1 25137 186496
1 162917 110383
1 135249 118181
1 98867 6376
1 132735 137633
1 89878 84303
1 191167 142930
1 167511 165993
1 114104 32759
1 47424 59943
1 29442 163990
1 108042 164724
1 120178 126254
1 6599 160060
1 182757 101663
1 178193 153342
1 5897 188120
1 174643 176403
1 41777 15042
1 120277 120446
1 41882 125739
1 195245 16310
1 159609 47094
1 8805 882
1 122888 58944
1 152327 102964
1 195344 159957
1 120240 70041
1 86329 193876
1 132211 186207
1 5263 119904
1 4749 89336
1 190103 19913
1 149385 108750
1 125842 4410
1 22388 60311
1 186001 50980
1 69380 86875
1 108026 2922
1 187716 144963
1 153945 116558
1 187523 163108
1 67499 85147
1 95358 173708
1 84198 163093
1 102538 64716
1 31053 176542
1 131590 28358
1 129970 123114
1 72065 162681
1 190732 161125
1 116455 192267
1 124796 33826
1 176626 166293
1 51994 97031
1 169486 73461
1 91077 127927
1 161100 125584
1 158442 175617
1 148876 131046
1 109268 72711
1 79397 19866
1 30901 67185
1 53526 42946
1 55027 124882
1 147505 122539
1 141302 15258
1 117062 22193
1 130674 162366
1 1678 124798
1 67568 160741
1 131994 99423
1 154017 196629
1 159483 151311
1 1189 53469
1 45170 58750
1 166680 21443
1 83610 132066
1 195871 189168
1 58132 56897
1 141298 127195
1 189555 168381
1 47081 74483
1 79977 140001
1 163147 3921
1 155506 137259
1 1685 93917
1 174975 146010
1 43015 42815
1 95910 148602
1 90229 117192
1 143368 58669
1 123533 51874
1 133954 81724
1 19172 17269
1 76376 138526
1 164486 184860
1 58334 108615
1 110269 134279
1 174888 138996
1 197728 149169
1 89525 124022
1 61216 198341
1 123991 68478
1 89487 187533
1 133286 87912
1 153778 198555
1 96550 27019
1 89993 162874
1 183477 105727
1 91676 195095
1 13242 69166
1 194631 117228
1 167562 46816
1 71689 1966
1 72092 54402
1 180169 146744
1 119343 154615
1 20586 52855
1 98233 22818
1 52625 185814
1 185940 52978
1 85683 140652
1 2852 173487
1 91620 195429
1 119436 58371
1 112286 126639
1 79954 81804
1 135054 95397
1 161615 52129
1 107621 139136
1 9051 101603
1 144669 15869
1 71864 31622
1 190090 119945
1 17917 189151
1 96548 22388
1 23558 48112
1 103889 93973
1 191386 177009
1 72183 82682
1 166045 194337
1 19138 136467
1 80440 146574
1 16563 81694
1 7557 87329
1 163626 184662
1 198462 99693
1 145525 190295
1 140008 122873
1 155481 118677
1 32187 129868
1 103008 65214
1 70422 4985
1 148900 157805
1 34145 50474
1 24794 53137
1 189314 125297
1 68194 177116
1 132484 104333
1 170381 150255
1 77956 46713
1 151280 9350
1 188253 14587
1 141545 140128
1 84119 87019
1 83631 127026
1 74700 76674
1 19102 150284
1 32602 43301
1 82883 14284
1 31887 15090
1 155172 199425
1 42577 66442
1 139988 88098
1 111758 111328
1 193141 45552
1 198948 130432
1 63630 151721
1 195217 33763
1 15504 31727
1 14493 41202
1 64227 96824
1 153734 135128
1 195126 146551
1 46124 58765
1 158662 135049
1 190462 127712
1 68526 19684
1 104356 190661
1 27824 63037
1 194606 199775
1 53251 65338
1 156925 114319
1 199005 187159
1 106416 98174
1 121794 23708
1 111314 54823
1 185230 183743
1 105858 169703
1 64063 12949
1 63267 180233
1 116742 95678
1 31556 183245
1 145295 87633
1 158802 32377
1 167759 85190
1 100860 26532
1 123278 135523
1 150631 111166
1 89076 96873
1 161492 195491
1 72088 149439
1 73934 151905
1 112455 126238
1 135960 104839
1 63634 71167
1 17366 150768
1 79259 75330
1 110203 148817
1 89824 76576
1 118899 178239
1 168136 103251
1 106641 116868
1 13294 49988
1 57659 63972
1 153772 92917
1 66004 158506
1 106 174000
1 71850 2360
1 114983 177263
1 158817 107855
1 144326 160589
1 130463 22875
1 67804 5613
1 150073 70019
1 100217 129833
1 17630 81775
1 153908 80830
1 76099 52058
1 57660 81909
1 13647 16474
1 105053 142869
1 128391 146221
1 655 160711
1 47100 181190
1 55749 154378
1 194099 135064
1 159156 115672
1 90325 136034
1 151650 169687
1 166936 122555
1 36657 3460
1 157741 199648
1 173611 134429
1 107052 136060
1 76432 17615
1 62012 98999
1 89822 54111
1 21575 132225
1 68576 71644
1 13085 2017
1 94714 70597
1 15144 53753
1 11443 196342
1 197584 32988
1 189188 140568
1 22831 22098
1 57248 93386
1 94711 173483
1 65412 148490
1 96802 125250
1 198977 191912
1 146459 13908
1 100231 128301
1 37547 144321
1 175860 197383
1 94630 169057
1 82909 79609
1 29590 7115
1 135132 65025
1 175848 197281
1 31387 116169
1 117334 17760
1 27487 55633
1 149396 15463
1 111128 131100
1 140607 9669
1 175208 56666
1 106882 95560
1 185138 147862
1 76427 150595
1 76260 176737
1 140589 9247
1 4039 80638
1 180119 83173
1 175687 19215
1 65653 197066
1 58878 134912
1 133733 14140
1 119238 12850
1 139868 47468
1 137150 126763
1 11417 112157
1 162652 6779
1 198603 61484
1 65972 143218
1 69887 163487
1 1032 198400
1 194188 193906
1 163472 108332
1 4482 73632
1 174219 101946
1 191631 197359
1 115654 160342
1 119860 121919
1 4716 124614
1 49384 114132
1 5327 49166
1 105674 113633
1 75062 159141
1 16333 36439
1 62696 166360
1 3359 156974
1 55287 137022
1 160858 25268
1 106255 142044
1 42670 4883
1 104193 53720
1 163086 193319
1 133131 89956
1 103579 27008
1 165802 55395
1 121102 9141
1 21603 48415
1 128041 42602
1 164302 168175
1 196063 94306
1 155107 28706
1 103555 72904
1 196425 95025
1 176687 177530
1 23197 62308
1 165941 138519
1 52352 139651
1 115787 53259
1 48548 121856
1 121010 49560
1 23192 197219
1 132199 123303
1 169745 9525
1 53006 43919
1 124859 73137
1 62363 91941
1 5312 98215
1 39363 170628
1 20184 63923
1 32610 3358
1 10705 24670
1 149742 111940
1 195553 82898
1 166364 73138
1 24682 1411
1 66577 29023
1 56844 171484
1 190411 26435
1 98609 137768
1 198161 181353
1 1749 151618
1 155096 162871
1 121237 101631
1 106423 117243
1 23801 128602
1 6221 10424
1 3012 98272
1 12785 135537
1 104955 133085
1 193434 82805
1 21172 15174
1 2448 190764
1 178977 29288
1 48339 37985
1 102109 37328
1 171338 108624
1 135797 118972
1 128174 123889
1 31546 64642
1 59575 29252
1 138119 105664
1 106759 142304
1 66830 189252
1 139670 127927
1 165991 74236
1 64734 25324
1 93659 90656
1 107591 146328
1 122925 41693
1 147733 123672
1 155242 59525
1 75921 19227
1 67699 173430
1 140661 58538
1 112584 186057
1 106780 55928
1 137879 19068
1 194472 80108
1 138758 73184
1 198005 30061
1 178237 68487
1 134078 83886
1 43190 88744
1 102863 84474
1 79433 86869
1 121451 60864
1 123123 123232
1 60158 150946
1 112166 63176
1 194693 139963
1 56023 119658
1 197564 121903
1 75588 123621
1 71560 22775
1 66884 93582
1 169190 52652
1 15124 8278
1 51092 146515
1 77342 191992
1 117758 118762
1 142604 180583
1 16299 43187
1 67277 181239
1 190441 148350
1 106535 37258
1 32886 157435
1 109886 52478
1 10352 47552
1 127460 100757
1 189631 149079
1 120993 116325
1 43201 186251
1 196804 9281
1 48311 175541
1 16363 185127
1 191662 16258
1 104207 18539
1 156527 99591
1 167507 45155
1 65514 154439
1 142 174805
1 73504 46403
1 105686 144029
1 138129 193219
1 141711 68515
1 131430 40421
1 140853 115005
1 102687 355
1 186918 120864
1 149182 75241
1 98164 53581
1 4789 140440
1 143849 61689
1 85134 62740
1 98459 58557
1 11226 159572
1 191922 82943
1 107164 83435
1 198006 86368
1 130805 23250
1 137886 6119
1 183699 49400
1 135511 43950
1 119446 193484
1 137746 23947
1 27523 152522
1 85777 161730
1 169389 33476
1 163891 195945
1 47520 196211
1 95677 197851
1 174607 39038
1 2155 105569
1 19776 177290
1 172471 114333
1 138614 184386
1 134441 43833
1 158239 141224
1 11808 129488
1 42111 105053
1 24031 9755
1 15901 73070
1 61788 127070
1 156076 63135
1 99268 36051
1 48956 197499
1 31762 5719
1 176354 68316
1 122066 115155
1 37733 51192
1 126449 130158
1 69803 143469
1 115079 122801
1 74467 185871
1 33063 138875
1 140275 84655
1 116134 94566
1 108516 137261
1 82090 187897
1 124876 197953
1 179061 59727
1 126268 82373
1 182962 128775
1 190444 17607
1 62655 171374
1 131620 190030
1 61243 90217
1 147307 158251
1 153361 11815
1 113717 81859
1 150085 100551
1 94408 116121
1 10879 61253
1 45168 184416
1 11926 180331
1 41508 20161
1 156510 185653
1 28855 28329
1 117364 116421
1 109187 4503
1 73 104904
1 16083 5796
1 26605 181736
1 143248 76308
1 192927 88244
1 47598 189724
1 21010 43852
1 177624 160244
1 134593 106769
1 162905 121118
1 33909 114892
1 98700 99575
1 84950 70942
1 2757 45566
1 67697 13672
1 130689 171875
1 88457 22907
1 102412 27666
1 197153 2
1 76849 122623
1 147079 37102
1 5543 153459
1 160869 162594
1 2298 84247
1 22212 55585
1 186935 14785
1 88226 151092
1 177436 125501
1 116406 60000
1 27390 162077
1 94528 148423
1 133245 142660
1 45910 105245
1 130405 143982
1 157996 120271
1 149926 127556
1 137252 173870
1 160439 160799
1 83414 122722
1 153797 60763
1 183457 163340
1 49186 16414
1 196723 20348
1 134188 30952
1 159189 66516
1 72507 45469
1 155258 100092
1 44558 88657
1 180681 129544
1 137656 89683
1 24169 82470
1 152967 25212
1 142028 26829
1 91701 60026
1 123711 109346
1 35027 82072
1 99376 125036
1 42482 154959
1 145472 197178
1 111060 184915
1 166668 147987
1 30674 32919
1 59511 38814
1 160462 80418
1 164794 120723
1 123804 54807
1 84781 158689
1 24300 31423
1 5848 68257
1 183355 41561
1 130293 18555
1 51963 100197
1 33928 46424
1 145343 70188
1 171427 186439
1 176492 107156
1 162098 140851
1 136732 24483
1 193102 59653
1 22932 6545
1 132736 109589
1 151272 174546
1 83987 5655
1 47149 65508
1 147615 112580
1 190176 152278
1 168531 31174
1 106389 104410
1 170434 105895
1 10914 32845
1 92081 23036
1 42700 82307
1 63904 156174
1 88689 158232
1 172631 63561
1 122616 198964
1 57331 1640
1 17718 173086
1 119089 105120
1 113186 27140
1 175737 64076
1 196860 165833
1 20783 34905
1 33017 18512
1 192758 105907
1 105713 41289
1 60357 32368
1 127692 80569
1 34094 67706
1 78058 114382
1 114987 167170
1 134802 187043
1 22444 75491
1 74973 130576
1 158687 199636
1 198820 19894
1 62400 167315
1 57127 57993
1 13089 62798
1 142143 15839
1 80954 58707
1 121414 38520
1 13556 20986
1 139972 151438
1 87091 97361
1 47709 63262
1 107746 156872
1 167226 51063
1 88387 58974
1 118197 74051
1 138806 164620
1 21065 10131
1 58698 167984
1 73145 15855
1 197570 175356
1 68863 155998
1 4777 141023
1 139447 10419
1 70617 150836
1 118925 147865
1 192391 32554
1 69412 108000
1 3411 150003
1 117832 39432
1 145103 147377
1 43286 107852
1 53902 10398
1 104426 168499
1 15663 17658
1 130314 120275
1 17001 163386
1 98513 110182
1 26905 83631
1 39006 56146
1 28490 60405
1 116093 29107
1 179396 925
1 151893 81131
1 7767 71772
1 167700 70765
1 115113 68724
1 146264 10246
1 69374 157987
1 131680 66541
1 11016 140043
1 54770 62988
1 116208 167394
1 36109 128783
1 170787 114331
1 41937 172844
1 55839 132500
1 2989 63987
1 113215 179522
1 29642 147992
1 170630 168217
1 5430 156990
1 64873 82111
1 70932 140935
1 30047 88499
1 1729 57113
1 67437 82106
1 88841 197938
1 175084 28491
1 97931 98992
1 166046 37948
1 127146 177754
1 16817 171051
1 41526 44914
1 136723 186352
1 181850 191998
1 49591 52099
1 95367 189333
1 162662 131755
1 48992 24615
1 134601 7335
1 180839 98000
1 23797 147743
1 122471 190495
1 88696 40973
1 118052 43681
1 183651 197864
1 117248 111859
1 137560 89681
1 184239 34311
1 119510 1666
1 135325 173302
1 68610 143987
1 117789 106248
1 26936 36238
1 107669 140159
1 121106 99349
1 186216 14506
1 199864 175826
1 199333 187240
1 105641 143744
1 57454 95931
1 139017 174584
1 299 70608
1 183851 7582
1 40495 2891
1 192160 192013
1 5098 15192
1 45248 19647
1 186193 18543
1 65784 177665
1 106699 81255
1 158933 164439
1 159582 165374
1 188752 49003
1 108377 170408
1 39578 116220
1 186562 78358
1 130985 142980
1 129859 45640
1 82051 102634
1 182352 21142
1 174026 116202
1 82139 65851
1 38217 115201
1 38588 9059
1 84798 183069
1 92507 14006
1 180520 19523
1 192800 139557
1 90130 58243
1 110748 6260
1 27105 180249
1 133497 190217
1 64410 176165
1 116064 81460
1 130231 195533
1 143209 153215
1 97836 169969
1 62535 132215
1 36212 528
1 5172 31931
1 120417 106744
1 111643 131141
1 102116 62579
1 130566 150647
1 68569 7728
1 32135 97191
1 30294 16111
1 158442 91373
1 189557 75761
1 93146 139564
1 45408 176288
1 144018 59039
1 93597 138234
1 39302 44198
1 147610 39811
1 130323 148176
1 151674 30700
1 33445 194667
1 169632 102910
1 104039 77835
1 107579 112779
1 181169 171799
1 119378 117783
1 127084 97817
1 54418 39170
1 53769 89415
1 197909 136569
1 188130 57293
1 174453 96861
1 162864 52317
1 197714 116724
1 139056 192634
1 98336 139151
1 38416 93633
1 20340 2812
1 26013 65209
1 110608 62316
1 80945 84380
1 173997 53863
1 137113 27558
1 196296 126127
1 130501 29725
1 18159 177137
1 37747 155170
1 167822 64179
1 64926 197623
1 28277 26106
1 181602 34512
1 161516 32955
1 4083 40479
1 188922 57092
1 60671 84058
1 169137 76396
1 114849 38991
1 143102 150264
1 115656 14956
1 156720 53839
1 55846 55496
1 91398 10337
1 107932 60341
1 57918 152018
1 114150 11786
1 31386 84013
1 122435 192939
1 180150 14791
1 58088 3996
1 41480 135600
1 95397 83526
1 184886 186529
1 194008 40648
1 81566 29859
1 174736 77314
1 44513 77756
1 28740 189405
1 22833 141279
1 10486 91871
1 8413 104596
1 107809 49454
1 109403 146597
1 190250 141538
1 146965 62730
1 136134 18704
1 112310 14295
1 191272 190484
1 114614 137381
1 11629 34078
1 134180 35518
1 112459 144256
1 129780 33805
1 26360 35319
1 72457 156548
1 18839 14392
1 65028 124623
1 17767 43772
1 61389 57338
1 22831 38542
1 125025 25950
1 50853 54868
1 29149 103505
1 130334 157341
1 6922 153742
1 145850 146346
1 155305 151651
1 82064 43135
1 89024 6746
1 134296 188588
1 128933 68905
1 91800 191383
1 161738 147677
1 6801 1868
1 46026 151748
1 12970 152391
1 52851 88410
1 44317 82112
1 19028 85942
1 34208 35960
1 35017 46838
1 53782 168259
1 41476 106344
1 70455 49111
1 180638 72443
1 67581 126292
1 142494 124197
1 99089 132820
1 141128 19733
1 11381 165365
1 148330 106267
1 74419 1828
1 64291 2902
1 93062 119915
1 3573 37471
1 76806 198590
1 120780 185204
1 198553 173698
1 177038 55719
1 169112 154783
1 293 13320
1 2368 19144
1 9611 25807
1 46938 135112
1 141462 77966
1 79277 20239
1 147268 48791
1 199586 191741
1 66952 97962
1 63544 108974
1 111765 70562
1 145321 90566
1 19946 136416
1 87259 142719
1 55071 168183
1 28235 63280
1 26735 80921
1 90487 190624
1 114629 173569
1 25100 43147
1 74507 18082
1 97807 170036
1 30065 19472
1 184399 157803
1 36091 165934
1 105483 65505
1 144334 172568
1 42015 52713
1 118460 2705
1 60020 66257
1 81870 76720
1 172841 69538
1 42449 52614
1 106428 1715
1 53732 3346
1 49981 115444
1 175360 176808
1 155957 98297
1 141832 52255
1 28051 54854
1 180692 146362
1 3223 922
1 159800 169497
1 148482 190271
1 131546 89057
1 181437 3216
1 103220 38633
1 85640 168972
1 159461 179623
1 48422 83674
1 156543 79450
1 127303 147868
1 48844 148920
1 83894 191545
1 63522 56474
1 50564 139749
1 140137 5351
1 7156 182004
1 127403 193534
1 169640 155167
1 56667 77863
1 113420 176598
1 53928 64828
1 80001 138502
1 19779 162132
1 106765 48940
1 182894 199473
1 59264 28059
1 109512 175594
1 165290 119690
1 110487 63963
1 124027 55777
1 177813 51787
1 36922 7493
1 79806 154461
1 2923 119650
1 193816 135291
1 56378 197048
1 50115 31808
1 110829 70825
1 52802 41957
1 138056 106754
1 8715 132655
1 90690 55816
1 186060 134614
1 72424 142404
1 106238 103800
1 190993 89810
1 183790 169919
1 44674 18470
1 43081 28688
1 24865 36959
1 32616 21750
1 191072 48529
1 192476 96845
1 67746 5453
1 48763 17971
1 183153 196467
1 98027 84844
1 44132 193403
1 77743 44372
1 172362 120768
1 12336 6859
1 74076 117774
1 90829 93788
1 194722 65518
1 34853 99949
1 20068 195631
1 27876 36910
1 122644 113142
1 175500 185083
1 85946 185033
1 162502 38804
1 135583 73944
1 169 197376
1 186942 38733
1 150857 193981
1 82791 81494
1 43524 111530
1 43574 180528
1 142409 77752
1 45556 110390
1 74730 183246
1 91467 115689
1 28707 182076
1 94896 6082
1 127594 164131
1 180619 5366
1 103546 29666
1 132394 29065
1 171739 193923
1 130407 64214
1 141427 14375
1 169047 118045
1 187347 116271
1 79349 18766
1 45563 92781
1 195918 39829
1 182191 68298
1 81774 114598
1 21886 73720
1 61194 190155
1 176143 144475
1 40751 193771
1 23279 25907
1 62442 12637
1 60953 99789
1 31929 102445
1 94981 149611
1 176242 102318
1 48180 14001
1 92787 125633
1 11578 138321
1 71242 116196
1 38541 142073
1 174885 59390
1 179340 191547
1 41852 68905
1 71635 70396
1 116860 136705
1 194494 109729
1 136056 18477
1 59836 118455
1 137227 195691
1 196438 76002
1 186897 37792
1 91200 80200
1 29383 61984
1 8223 56126
1 89278 47034
1 95259 187955
1 163144 61512
1 166630 57563
1 143260 47029
1 80909 178463
1 19724 40464
1 123327 167043
1 180778 120976
1 133788 181143
1 38581 22695
1 2111 21986
1 24458 168396
1 145166 110860
1 42824 33412
1 189441 125450
1 158660 13168
1 154610 115919
1 94895 162909
1 45540 186865
1 59332 30215
1 171862 194586
1 190902 98415
1 167433 110576
1 170777 92575
1 66192 65927
1 94863 186746
1 199640 181956
1 168694 11273
1 140471 96149
1 184784 179012
1 42553 71887
1 169203 131294
1 19113 36327
1 144626 9492
1 22685 178326
1 52491 164150
1 150021 155334
1 173842 118902
1 64181 180674
1 34653 98737
1 117680 164701
1 68786 187708
1 186104 130657
1 71598 43760
1 87315 76347
1 139958 72825
1 182751 145892
1 41379 6043
1 21785 102482
1 105001 57222
1 60330 6881
1 38089 189851
1 128179 106556
1 191224 57790
1 90074 96976
1 23375 12447
1 142038 96627
1 141364 9988
1 152503 57616
1 192392 126169
1 69689 64598
1 32594 25658
1 15370 119841
1 175084 40192
1 72666 121769
1 111660 57226
1 50786 86121
1 109462 28557
1 18040 158035
1 7360 82207
1 25681 165874
1 180421 190912
1 120856 149407
1 109422 105195
1 126894 121768
1 115805 115419
1 109122 121918
1 20604 164768
1 43731 69918
1 30566 112996
1 70851 117442
1 89748 21433
1 22750 52744
1 111626 118501
1 114091 96930
1 72642 135536
1 73074 119936
1 105945 10029
1 118990 19067
1 196792 137608
1 99317 112579
1 104582 91471
1 148229 71051
1 168332 142915
1 69329 29619
1 67817 105312
1 140908 19446
1 110903 103658
1 63797 186709
1 116605 36923
1 97764 124547
1 46422 156618
1 151444 50002
1 94369 32446
1 153233 175966
1 48939 115123
1 41635 89336
1 20506 79884
1 170395 65173
1 43226 188154
1 44061 100536
1 106765 137291
1 65775 115165
1 81199 108086
1 125888 127336
1 96199 161766
1 176380 122573
1 186260 128965
1 187920 30848
1 159543 23754
1 168952 97247
1 79261 100358
1 56273 4639
1 77232 155179
1 15387 114037
1 14015 130846
1 134990 11653
1 184490 110462
1 47905 176656
1 159250 191541
1 130135 127385
1 73344 72446
1 34251 156440
1 83861 173624
1 70653 123618
1 50994 13098
1 88732 75032
1 27368 47319
1 75286 41616
1 106786 163267
1 171038 133377
1 37265 191494
1 111101 149554
1 79960 97233
1 80605 44965
1 36474 20094
1 18513 187392
1 158400 121885
1 137640 135420
1 68847 125883
1 58420 150161
1 92073 84085
1 62357 166816
1 156002 79870
1 122827 188835
1 111367 185901
1 138172 185170
1 109737 75979
1 81922 102552
1 159024 36251
1 119481 149173
1 52157 72426
1 191047 109493
1 113760 65752
1 49452 151761
1 144507 10855
1 198732 90915
1 182198 29828
1 158778 109583
1 13221 37140
1 144647 17584
1 4087 191105
1 66636 113793
1 196192 121604
1 87220 20493
1 111688 162356
1 111757 125785
1 148469 40464
1 68176 30288
1 74294 82826
1 177902 194927
1 139218 92500
1 120286 92401
1 172976 116143
1 79204 133885
1 148360 5937
1 173987 116879
1 144777 189526
1 78054 120485
1 140108 154186
1 86636 81386
1 188281 79990
1 5618 128232
1 176121 125321
1 43717 123177
1 47900 31048
1 89927 45422
1 37642 81433
1 154881 142292
1 74543 164813
1 132650 44930
1 137123 71660
1 91831 59992
1 29271 155972
1 156452 73749
1 179079 34869
1 90689 24456
1 166684 170614
1 59008 189689
1 108192 116716
1 121021 178392
1 193384 174765
1 73167 176422
1 147261 116943
1 41230 24930
1 24139 159606
1 142245 183
1 126605 150237
1 192410 8995
1 196216 82789
1 68699 160171
1 41063 180700
1 186444 106877
1 192903 100751
1 170638 83174
1 46788 95122
1 62801 117109
1 48692 59087
1 191581 70383
1 180993 183053
1 129181 149557
1 8668 84803
1 71981 153970
1 68064 178398
1 57445 110025
1 150085 69262
1 39206 193086
1 1286 64791
1 98724 45155
1 53268 184343
1 7989 73094
1 35964 169171
1 171993 171609
1 195542 3974
1 163337 65505
1 117296 14252
1 86533 85859
1 107514 191436
1 82009 21132
1 129587 58692
1 1967 82336
1 56404 149338
1 133467 65061
1 72699 189823
1 125730 169297
1 113754 17446
1 91340 70385
1 197728 89286
1 193452 36698
1 166696 142059
1 193645 142165
1 180705 60228
1 129759 138182
1 79165 34344
1 21185 62302
1 132382 71018
1 192785 134338
1 18750 159135
1 86802 79418
1 53534 98988
1 95069 145630
1 140080 44565
1 168556 36542
1 73544 48579
1 20770 23122
1 27073 2262
1 46622 167969
1 7020 179052
1 834 77877
1 117438 9200
1 164222 59838
1 14073 199334
1 178018 111237
1 14171 156725
1 193316 75284
1 135622 186358
1 17838 156644
1 41072 96508
1 131180 196679
1 25228 143524
1 45908 9815
1 165880 176094
1 24695 155103
1 44457 135868
1 104583 31752
1 198931 70203
1 144872 181766
1 102940 30416
1 40891 57219
1 169156 52085
1 59369 26187
1 193997 162099
1 42157 129978
1 55729 141618
1 98021 29539
1 117701 84990
1 45850 66627
1 78375 175132
1 37134 16421
1 65520 186126
1 127301 28246
1 45077 179810
1 143574 94028
1 16480 142401
1 16052 158162
1 57551 130679
1 167928 162039
1 78858 189310
1 48561 90808
1 11403 57615
1 51567 102379
1 170761 6892
1 152907 47660
1 167205 157543
1 29947 106253
1 179865 87799
1 10453 167801
1 23837 45053
1 45217 99690
1 187611 75089
1 179236 24588
1 184021 53010
1 62442 4209
1 42325 174189
1 6867 146358
1 42326 95853
1 54177 175093
1 127537 13700
1 16896 35244
1 124810 174552
1 140695 39854
1 44476 113298
1 88782 171912
1 10945 41443
1 136609 72950
1 187558 145175
1 115940 121736
1 110255 123230
1 131350 97679
1 75846 148248
1 186090 121228
1 132330 143330
1 133011 177178
1 190613 185822
1 86097 88794
1 179758 70983
1 42617 186847
1 161201 82548
1 12809 51803
1 98779 80748
1 131756 18186
1 142170 101484
1 43019 64606
1 46068 170741
1 11797 96554
1 49910 57369
1 85327 14994
1 96031 169158
1 90079 81522
1 179342 57299
1 88597 124750
1 34153 137739
1 40891 131578
1 131344 124920
1 118558 58315
1 27522 111921
1 187293 142205
1 93133 120807
1 85106 45157
1 25659 185964
1 179006 75418
1 183099 136261
1 133209 84384
1 105165 185970
1 156634 119510
1 124082 65211
1 111076 178016
1 85076 72572
1 32498 162070
1 129201 118836
1 57252 18862
1 127821 66826
1 114890 180583
1 112921 129697
1 21680 199031
1 175390 150750
1 80554 77176
1 53550 129271
1 117793 195726
1 188365 179389
1 133791 169628
1 135067 70061
1 197975 30952
1 10373 124148
1 72121 179787
1 189165 154944
1 174516 128733
1 171030 76942
1 76492 1120
1 143828 34417
1 94878 48235
1 1460 54305
1 110449 131738
1 187751 128964
1 117311 187381
1 42997 46912
1 120900 133021
1 146400 50882
1 93894 20094
1 167253 187592
1 93861 181105
1 29338 22517
1 38053 175088
1 109748 60182
1 176698 84480
1 141400 89840
1 123091 159706
1 157461 184141
1 47466 172506
1 69055 93127
1 151754 184171
1 168286 195027
1 6177 149042
1 139416 58449
1 113160 16634
1 110621 52051
1 80977 72992
1 178321 189547
1 9296 129408
1 156031 118778
1 181229 139551
1 9660 171062
1 158440 154394
1 195096 28795
1 76269 46862
1 65356 69398
1 125083 58441
1 97633 56909
1 101455 121010
1 117149 57267
1 15734 116404
1 74099 39274
1 53459 24688
1 127787 164857
1 62989 174755
1 20751 110673
1 82492 51221
1 88151 30234
1 91893 59716
1 151511 175811
1 188692 79312
1 130088 135881
1 35529 57448
1 66964 31879
1 167462 160052
1 147974 132031
1 126055 146564
1 60401 198568
1 51779 106873
1 7614 15928
1 160755 92595
1 3324 60915
1 128832 157754
1 29443 106613
1 132817 55728
1 10345 125820
1 163380 42103
1 194090 66425
1 196397 43422
1 111761 101400
1 92925 89042
1 84331 151118
1 97460 134659
1 141101 26403
1 185210 97491
1 174756 137535
1 27994 170246
1 93790 190585
1 145872 16550
1 111831 195742
1 85909 79542
1 78183 959
1 42088 191642
1 44969 184702
1 99422 188933
1 59118 8729
1 171757 126627
1 50852 33144
1 137909 103687
1 90113 139955
1 61968 154647
1 131124 175143
1 117851 97590
1 166093 1979
1 156677 160946
1 175979 78638
1 174040 158063
1 189031 104355
1 55238 25107
1 21695 153647
1 33781 31092
1 97989 112930
1 164493 190143
1 198665 78996
1 193025 179817
1 134531 81137
1 117340 8475
1 57414 111816
1 119502 19161
1 55969 45456
1 39415 36660
1 127895 199548
1 7795 87473
1 194882 156545
1 20262 111737
1 43011 19365
1 155465 106754
1 15533 8970
1 9590 765
1 15474 74874
1 62064 95298
1 184333 92917
1 58231 198584
1 130801 181113
1 22538 74953
1 151155 65169
1 34493 104390
1 37555 8033
1 135677 126614
1 24720 138352
1 180001 122020
1 70157 70135
1 187315 83209
1 42302 126121
1 71359 130167
1 165559 119171
1 80284 69416
1 152246 598
1 168504 156167
1 164239 169426
1 179176 152157
1 153369 158997
1 16944 67582
1 135767 129781
1 3279 9204
1 16618 182729
1 141839 165932
1 7988 136638
1 177547 72928
1 158415 155800
1 111297 85572
1 145840 23367
1 18522 156853
1 22614 196589
1 188728 86111
1 158007 101357
1 120831 75181
1 98924 100341
1 131751 60854
1 137116 138063
1 15169 145701
1 118822 11428
1 83143 97129
1 119186 135505
1 147560 190303
1 178298 28399
1 118356 160509
1 20405 146462
1 154885 5504
1 84677 141649
1 111182 25559
1 121793 150303
1 119400 164049
1 127109 182089
1 132411 82884
1 26776 57863
1 93290 116416
1 120989 159960
1 167137 117555
1 94846 184649
1 176099 196382
1 167894 66053
1 171663 183864
1 68895 196958
1 65522 39712
1 137755 125403
1 46035 144777
1 4293 166467
1 36411 54881
1 128378 133928
1 65027 146306
1 171684 82550
1 101602 144092
1 12328 7678
1 9719 109923
1 141393 53822
1 19027 133429
1 135163 41523
1 184331 189070
1 13892 144738
1 167100 167855
1 46128 158627
1 191263 183884
1 83739 136111
1 171471 195765
1 94373 12523
1 11416 181127
1 90841 141428
1 38466 181715
1 165470 93293
1 36127 61391
1 13217 6791
1 189649 45820
1 45249 128465
1 38495 37399
1 29245 84096
1 97977 76100
1 25308 29376
1 18761 18423
1 130012 117819
1 91197 49701
1 16156 132713
1 149394 193131
1 97805 91480
1 172258 192060
1 8726 76030
1 126385 182416
1 148103 121853
1 34932 173515
1 26177 24950
1 48100 24108
1 99107 178065
1 104833 43831
1 198263 107658
1 69610 192548
1 107806 99392
1 126300 101321
1 13433 35258
1 191368 71877
1 77594 145275
1 122586 12847
1 193258 186312
1 64710 84095
1 40411 32503
1 60373 113338
1 99793 95802
1 98417 162723
1 23052 58476
1 78574 164320
1 181529 169754
1 107545 185066
1 45178 25877
1 142148 190841
1 59027 61240
1 152722 71407
1 75222 181685
1 128000 38148
1 144049 82212
1 141429 110578
1 96246 114126
1 159116 133217
1 109450 59574
1 114399 170709
1 3538 81769
1 16597 195031
1 4955 31752
1 196719 85025
1 48265 75284
1 52111 155406
1 184066 61433
1 12937 52672
1 191643 46813
1 24559 84691
1 28739 157290
1 166680 58178
1 122990 98009
1 28016 19801
1 135109 103874
1 113349 191259
1 98892 35810
1 118160 176116
1 133203 66795
1 188483 98657
1 32737 132306
1 68115 9822
1 64798 194453
1 105541 113424
1 63744 140747
1 109373 30900
1 164471 147889
1 58052 44424
1 119901 115697
1 92762 21176
1 28120 73077
1 47484 21836
1 20433 149741
1 8375 156815
1 177371 136668
1 157998 167362
1 96732 9641
1 151848 18370
1 6975 121253
1 145566 22136
1 62684 134232
1 44098 111936
1 42599 141393
1 40467 102747
1 40345 101486
1 114977 99736
1 45468 17640
1 70300 33599
1 131835 103778
1 122466 18560
1 48649 16563
1 81223 71900
1 148560 110513
1 164391 148691
1 41341 78401
1 45802 45838
1 88201 58716
1 40024 196365
1 63978 150692
1 60445 124114
1 92668 123367
1 156766 54607
1 184810 177650
1 166588 72846
1 135329 190426
1 155176 15840
1 2103 80263
1 104295 106952
1 176215 77314
1 9320 153895
1 124400 192128
1 45188 107691
1 132318 48366
1 122964 107636
1 79513 150975
1 43577 190407
1 147164 184948
1 142056 37047
1 92697 193004
1 187893 118736
1 121947 29932
1 145121 138501
1 48955 38640
1 115302 6748
1 131783 164978
1 70466 408
1 172848 115386
1 53250 8039
1 89843 138151
1 150289 39885
1 63370 182589
1 5376 60113
1 44947 100271
1 18008 140134
1 15936 56877
1 23646 154781
1 133569 57713
1 87974 135176
1 81455 83975
1 109147 105137
1 163322 32092
1 86797 93373
1 102869 40265
1 23868 126043
1 36384 183774
1 88676 112305
1 94806 97715
1 121738 21320
1 83832 11245
1 153733 104438
1 143161 54606
1 182864 2316
1 5483 152257
1 157007 135746
1 6762 14756
1 102495 96992
1 967 55382
1 185315 146158
1 188919 64066
1 173068 45853
1 143933 196844
1 11240 50166
1 131541 181756
1 82094 88132
1 168547 122569
1 38536 23742
1 115035 43815
1 65186 189623
1 72689 63347
1 123699 39497
1 109636 151966
1 142345 33343
1 117382 17337
1 66905 147010
1 40623 165504
1 117063 144455
1 18338 42025
1 69619 75638
1 10592 160558
1 75140 172189
1 34092 65881
1 146681 68246
1 141886 187407
1 182189 51509
1 145195 117408
1 127723 195959
1 47956 79118
1 242 127080
1 135183 22492
1 20746 5907
1 69267 154393
1 70023 172143
1 65127 36332
1 48733 195464
1 166157 113313
1 149542 195307
1 69035 92341
1 21231 136918
1 92794 53343
1 54025 29727
1 2866 20575
1 180622 79843
1 32820 156043
1 149554 49265
1 7994 13719
1 60300 22200
1 116092 107301
1 46948 64559
1 75173 146894
1 84607 57155
1 27381 101551
1 47785 17670
1 139704 89334
1 44995 31318
1 114087 114158
1 125197 93835
1 110236 196489
1 184053 119844
1 107835 53742
1 19616 33972
1 197663 150596
1 164215 196361
1 105155 35069
1 51254 193693
1 27826 116006
1 178481 105665
1 44849 59757
1 190120 136838
1 92011 165300
1 123916 39278
1 168157 183957
1 38802 20178
1 53954 21110
1 109367 174420
1 89345 178127
1 41876 196040
1 43926 25977
1 168292 107678
1 158527 100985
1 37204 132883
1 157479 186764
1 70922 72473
1 39320 148981
1 130296 173380
1 98460 47750
1 135651 129654
1 87028 72171
1 17775 147660
1 110205 181053
1 73005 189770
1 185439 169669
1 86375 156549
1 22903 93454
1 167083 171983
1 44999 190064
1 46806 157544
1 138141 90906
1 53667 17891
1 62337 99487
1 140596 152086
1 36771 72260
1 117791 86790
1 180996 61001
1 119805 96530
1 106531 126518
1 57007 6558
1 88747 23464
1 43249 55938
1 191835 8028
1 157347 24116
1 113013 153403
1 170581 8116
1 176362 146534
1 31635 84407
1 2758 192899
1 158642 86805
1 145112 164232
1 163673 148342
1 180133 25863
1 915 199482
1 194830 187451
1 53844 139688
1 69758 13009
1 102921 33625
1 66456 79931
1 60069 100838
1 26272 66929
1 138729 109711
1 177256 70216
1 119411 90413
1 129534 122296
1 55946 199258
1 174932 19752
1 131497 95262
1 139631 125692
1 165706 91293
1 119828 176481
1 109492 72448
1 43376 114392
1 164552 63649
1 197127 84802
1 22728 1979
1 66976 167339
1 2281 115601
1 63470 43161
1 98715 59165
1 130625 119382
1 121749 105915
1 157421 165820
1 139686 171223
1 110459 113729
1 173241 47572
1 90383 121155
1 22825 150206
1 44826 185172
1 179013 81266
1 23873 121737
1 65381 45964
1 26444 129472
1 65326 83602
1 39827 52145
1 137762 116255
1 175974 134454
1 25067 154002
1 97277 122525
1 49321 181623
1 159519 180717
1 73401 35382
1 131222 35254
1 32584 103354
1 124818 91742
1 42265 104101
1 24348 27946
1 13204 195314
1 157438 164681
1 89615 139818
1 161201 105639
1 77984 37131
1 78087 153584
1 138403 132725
1 1626 176482
1 181897 137176
1 114869 33945
1 64994 198810
1 45377 169685
1 171500 77773
1 16946 153166
1 122716 96400
1 161906 55226
1 110444 21827
1 161165 38174
1 176101 128945
1 140383 196691
1 113710 77625
1 136571 185627
1 42646 185790
1 183518 119204
1 84127 79504
1 29203 32284
1 199947 172634
1 151783 84726
1 92843 151821
1 66896 107963
1 144805 104460
1 96089 192468
1 16901 79001
1 44881 120214
1 12871 181247
1 7797 92495
1 23652 19394
1 82395 199440
1 148315 171972
1 44639 81979
1 95362 59449
1 40851 161231
1 100109 102797
1 109218 52273
1 159773 61011
1 3078 157181
1 95628 51377
1 44139 115022
1 175800 145355
1 159331 16009
1 37198 74605
1 107595 91248
1 184025 53756
1 96829 134950
1 44811 19551
1 184759 55550
1 46155 152617
1 22604 115401
1 32575 143371
1 173961 130527
1 78235 82040
1 169066 164141
1 133163 194456
1 32511 43584
1 183261 34480
1 185433 18513
1 4114 72017
1 161273 128977
1 64678 82497
1 37114 173878
1 164350 199335
1 86205 104966
1 180625 176186
1 43093 91875
1 27578 124012
1 161204 36504
1 88061 133522
1 169494 127715
1 144727 91287
1 82925 97091
1 108363 13666
1 125388 171268
1 49770 93509
1 24407 93192
1 155235 129319
1 139242 11671
1 191883 97780
1 79945 83562
1 104685 64707
1 153544 23157
1 96277 87495
1 52476 128819
1 46234 41403
1 74913 114166
1 181355 87496
1 93005 6127
1 135451 151416
1 29396 90106
1 19183 191071
1 40381 106669
1 89382 69384
1 150566 54178
1 20810 83550
1 179123 66947
1 197943 134300
1 41660 59734
1 115049 140471
1 185463 158985
1 28107 115785
1 170915 82687
1 187389 37505
1 182263 97307
1 84772 121930
1 92042 149900
1 140216 31353
1 55875 130393
1 43210 87610
1 107908 59567
1 158548 121853
1 146899 197225
1 112710 51805
1 114441 12447
1 14670 63505
1 74878 108401
1 193511 187286
1 146932 148949
1 74405 121052
1 129987 99040
1 122495 86320
1 123780 22737
1 190622 124905
1 39170 199396
1 85925 94615
1 77277 45589
1 113601 138089
1 64321 10739
1 116659 147486
1 111879 158311
1 19739 156078
1 193257 51524
1 100359 114809
1 138412 48017
1 27068 110767
1 126153 30933
1 174596 55362
1 90588 70306
1 50104 10377
1 171408 146725
1 72144 120374
1 18506 60845
1 81000 77178
1 137365 145081
1 93653 14007
1 64718 85511
1 17513 5734
1 48209 121370
1 49666 133129
1 99555 67019
1 39833 64340
1 105889 158227
1 3402 37656
1 44392 136535
1 98399 175088
1 122310 25717
1 114146 75503
1 95010 110414
1 173026 73608
1 55079 115604
1 90693 98688
1 14070 158742
1 37903 112593
1 160972 158090
1 194289 120288
1 78193 17626
1 28950 129762
1 48419 23281
1 6057 63498
1 97474 158599
1 18923 105974
1 161021 177515
1 80564 172697
1 18108 198225
1 157191 34156
1 178383 166300
1 97882 47761
1 25751 143021
1 175718 23432
1 86260 70828
1 156460 66645
1 183086 58262
1 182600 77297
1 151207 74760
1 13947 17392
1 54401 189131
1 35059 118514
1 104203 36000
1 79773 163086
1 136690 137037
1 52654 102268
1 192422 188840
1 65453 129794
1 57417 141796
1 44869 54625
1 181407 145625
1 58698 163904
1 109874 169368
1 158794 107801
1 22085 78064
1 198741 92386
1 48764 77626
1 40271 52286
1 99978 14827
1 154038 83557
1 62939 69467
1 42671 56786
1 102658 2769
1 30166 8427
1 182053 194450
1 155525 37109
1 55719 81321
1 81316 120953
1 163926 66488
1 138801 4786
1 123734 768
1 144658 42488
1 128781 11821
1 95833 161905
1 172753 88229
1 39830 45622
1 97615 186899
1 150179 4292
1 59132 71918
1 74988 81061
1 1665 39183
1 149309 79901
1 17762 60019
1 184529 185304
1 107888 105101
1 98776 90260
1 107376 130128
1 180616 185419
1 177163 35835
1 48870 163491
1 159287 133670
1 137174 99034
1 143654 125004
1 85922 168556
1 73645 40920
1 117064 183302
1 123191 54900
1 149958 39728
1 196778 170832
1 33514 93813
1 63578 142832
1 117717 58903
1 173 60154
1 16975 76273
1 174030 57469
1 141969 63597
1 122838 164869
1 158798 56935
1 197879 69278
1 105667 138976
1 8747 69031
1 144641 90343
1 55645 3865
1 1976 198661
1 126102 101848
1 89414 90217
1 159530 52345
1 89408 39827
1 130211 64019
1 80000 168708
1 44526 23243
1 91568 63909
1 127557 165467
1 79253 130358
1 35997 22050
1 42783 177210
1 18448 93490
1 90800 93409
1 179085 138774
1 73194 113654
1 134206 77090
1 61694 140042
1 161658 112959
1 111538 142176
1 53420 186166
1 45235 50266
1 103363 186876
1 60507 48804
1 191132 55359
1 11268 37663
1 128429 161712
1 135181 186193
1 9907 77906
1 144236 22987
1 152413 6273
1 56693 184794
1 64250 169030
1 61801 186801
1 174304 19162
1 151363 185367
1 182303 21241
1 189951 193997
1 150437 147945
1 180459 186114
1 159155 45386
1 160882 166651
1 131840 15263
1 41958 39613
1 150379 44638
1 165646 144316
1 87143 116789
1 92336 32585
1 85026 197725
1 15520 87031
1 44278 148131
1 160970 138702
1 77907 25012
1 180604 107764
1 133101 195241
1 73080 72536
1 189090 142099
1 135736 104224
1 8686 2824
1 85057 95701
1 6482 60975
1 5229 149774
1 142594 165384
1 4532 73691
1 132302 47231
1 82299 18546
1 25811 57778
1 146784 93854
1 12962 74688
1 25156 46822
1 146673 193365
1 95897 12476
1 39489 17651
1 124973 111144
1 110159 182787
1 165496 84147
1 44095 116508
1 14690 184344
1 14085 70418
1 125400 123431
1 63062 96643
1 48785 115196
1 191055 168414
1 141788 62560
1 183267 44597
1 101356 45757
1 66058 13892
1 124134 149128
1 59048 185858
1 144746 44329
1 179964 3751
1 119904 95470
1 11722 194238
1 59397 113778
1 22538 16493
1 170421 112904
1 52690 59202
1 63547 65003
1 61953 178304
1 192279 158634
1 37230 161130
1 164495 156240
1 120721 163599
1 75065 148050
1 60271 92951
1 145479 88317
1 3147 1868
1 70547 95519
1 160523 173612
1 194541 59635
1 170600 123694
1 125027 80211
1 103706 101715
1 87760 37081
1 96387 176239
1 182696 162262
1 187611 163192
1 85955 83575
1 20956 122893
1 163175 122804
1 152687 109386
1 62683 69243
1 109654 36171
1 157097 103644
1 186586 144575
1 124147 72693
1 56119 2480
1 27001 181281
1 87751 98383
1 102057 146397
1 109484 47428
1 34344 58043
1 41410 23798
1 158688 191562
1 57605 18200
1 17739 163141
1 164862 108916
1 50878 54906
1 40243 22268
1 155193 187902
1 128143 18383
1 171886 162831
1 54991 129864
1 199632 61002
1 124335 197261
1 160862 86799
1 78292 151575
1 92463 105584
1 81403 108925
1 74175 193377
1 139682 138501
1 151035 155356
1 167733 19245
1 93130 105044
1 29564 97718
1 112540 106909
1 172034 6643
1 72887 189018
1 171208 174225
1 152767 121574
1 111916 94630
1 52998 184006
1 14548 154239
1 182292 156431
1 118687 167652
1 150072 31892
1 39949 87022
1 25231 44371
1 17389 197772
1 23252 112800
1 1863 97746
1 153257 97233
1 41355 180740
1 157733 13356
1 140730 119905
1 132895 125006
1 185492 40754
1 93561 139868
1 26242 2580
1 23792 118127
1 160772 9988
1 63522 1019
1 108508 99371
1 5152 577
1 20284 144490
1 123639 23606
1 106542 168872
1 134137 173491
1 37571 161497
1 95441 35806
1 175166 38288
1 107079 107096
1 119745 87368
1 45072 162536
1 49975 16943
1 86426 8808
1 41091 162165
1 129110 189423
1 33129 19667
1 65798 2174
1 178428 140511
1 42505 129966
1 3784 93583
1 118564 124569
1 16704 72907
1 146195 9800
1 14506 39223
1 10896 16734
1 178953 16833
1 138915 62466
1 105739 2472
1 45547 165394
1 33781 159886
1 23531 85830
1 91915 94207
1 197656 96738
1 126980 77890
1 178274 59872
1 9645 183967
1 60481 100637
1 119835 108529
1 97090 76931
1 193175 192942
1 68370 54390
1 133574 22452
1 182409 170178
1 171991 43094
1 59706 179909
1 141936 57191
1 140858 113881
1 39322 172039
1 102703 26117
1 148907 98923
1 13083 72740
1 51189 106801
1 84137 181013
1 60909 52580
1 162423 104997
1 119646 28556
1 83300 10554
1 125327 13818
1 192411 38209
1 46897 146322
1 23712 155737
1 155149 136090
1 146010 25985
1 151982 72642
1 46818 179327
1 188747 186163
1 43276 125330
1 165560 53021
1 96947 44699
1 126861 126460
1 160969 37383
1 149589 105642
1 175582 168448
1 14075 169450
1 176944 169557
1 69747 21108
1 8564 82406
1 170277 9084
1 77476 3604
1 109599 99208
1 170506 196648
1 100475 148658
1 8524 31555
1 22734 58490
1 128568 98694
1 176338 174672
1 74065 184578
1 105046 158303
1 186777 127266
1 89060 174429
1 23521 186263
1 182195 185555
1 137039 1540
1 180687 192232
1 37680 97260
1 161733 151986
1 15999 64537
1 11667 447
1 54259 55629
1 173839 31329
1 36879 27886
1 96214 72248
1 38118 179500
1 150647 24388
1 172525 9527
1 154977 33707
1 146438 41503
1 130059 114055
1 80969 157132
1 187618 167156
1 57749 38047
1 197112 100440
1 14552 123880
1 30123 72243
1 128667 86409
1 181011 22441
1 172177 119978
1 67888 188749
1 159521 120607
1 54482 109745
1 151665 132631
1 101258 51243
1 171958 152518
1 186194 178601
1 178105 96724
1 93176 134136
1 111148 46471
1 139344 75089
1 12589 27886
1 196635 191077
1 11802 33040
1 140338 134187
1 192213 24212
1 14455 16871
1 14681 194866
1 111998 131645
1 148286 179098
1 160055 132342
1 76809 149858
1 119967 93969
2 63461
3
