200000
1 194745 153338
1 24940 109926
1 105525 117784
1 192541 23400
1 20926 53356
1 168920 39336
1 76298 171442
1 159105 33811
1 27788 87113
1 55500 163966
2 92147
1 193162 27293
1 99345 43616
1 62148 30948
1 166518 45735
2 105215
1 57812 176369
1 12345 125999
1 24153 128577
1 185414 54914
2 122016
1 7914 111940
1 73720 91914
1 173993 127993
1 140741 198204
1 185340 158254
1 144369 64422
2 88776
1 101302 127179
1 85203 157451
1 50644 173131
1 20170 50577
1 143131 165170
1 75713 151286
1 85944 186661
1 56095 37214
1 133366 122822
1 188160 43954
1 99190 99988
2 82444
1 42968 130290
1 27970 150747
1 33290 122419
1 2257 173512
1 119590 147344
1 39560 88020
1 196977 145128
1 22765 124413
1 79969 154339
1 4317 46495
1 111677 105829
2 164814
1 142265 160374
1 156680 180934
1 17613 35205
1 116902 192214
1 71130 101510
1 112314 101724
1 168161 135635
1 47766 168505
1 160125 175013
1 152477 112207
2 118560
1 37306 33629
1 137094 193418
1 94798 118185
1 134274 50059
2 189484
1 177729 176826
2 30504
1 110729 63587
1 199349 132126
1 35174 133874
1 108698 90875
1 20507 40260
1 121158 62403
1 67973 35540
1 188429 60664
1 129010 14336
1 66810 9265
1 133112 192769
1 145929 102458
1 80149 113258
1 126306 178539
1 2189 131299
1 26583 35596
2 99392
1 86434 140128
1 153044 56586
1 113152 169045
1 88713 45344
1 110578 175405
1 63104 4328
1 28948 88502
1 72607 131289
1 173506 104276
1 55283 104020
1 110587 107582
1 72496 17282
1 95351 151158
1 145515 33646
1 5382 141641
1 140246 130917
1 55850 156615
1 125307 63180
1 144822 160963
1 20219 71873
1 181095 153741
1 68999 162294
1 6915 174127
1 63263 115722
1 197296 158310
1 183819 137321
1 4823 130211
1 183703 89126
1 109946 130433
1 188883 175383
2 199250
1 188678 184010
1 189890 19757
1 74091 159682
1 23798 39750
1 72054 58933
2 164854
1 100640 101929
1 90855 159309
1 97073 22947
2 72958
1 6902 150632
1 61696 57008
1 135082 165870
1 114882 20411
1 45794 147833
2 115382
1 49240 150531
2 67661
1 77978 176650
1 70440 122134
1 184968 140312
1 11031 49464
1 19769 127617
1 185052 198626
1 52468 58984
1 140532 115580
1 40492 89873
2 156881
1 57545 136416
1 50218 27096
1 158889 199672
1 31719 54616
1 29323 142430
1 150608 5260
1 91441 83610
2 138180
1 20368 49427
1 81608 161685
1 183706 125920
1 141616 52383
1 122074 145143
1 103374 156514
1 20802 153508
1 131872 73319
1 86525 137695
1 55715 155089
1 96520 32451
1 2187 1794
1 106638 31820
2 63107
1 130177 139976
2 142248
1 192841 43545
1 28557 18457
1 123013 149719
1 64321 138498
1 79433 190514
1 192201 132159
1 154883 148765
1 35596 9239
1 154434 30332
2 66746
2 44009
2 63016
1 81097 4236
1 149930 2214
1 179055 24354
1 3871 128675
1 197343 26173
2 147113
1 126039 15751
1 137330 39918
2 1755
1 101817 179101
1 40380 24484
1 45037 147358
1 8946 4279
1 10755 199976
1 125869 83602
1 47065 124905
1 43646 187079
1 81554 95563
1 132357 186581
1 184375 3821
1 6314 192456
1 61648 105695
1 25689 76498
1 8447 40412
1 181506 163947
1 97245 163211
1 135568 18022
1 175063 22648
1 85032 23509
1 86731 186255
1 25190 46431
1 127326 191386
1 198548 126047
1 4257 74812
1 156267 82559
1 54948 114478
2 9869
1 34452 7834
1 7131 1795
2 57887
1 160627 157648
1 113978 60660
2 83198
1 103653 157639
1 109556 12478
1 3191 33984
1 37796 46554
1 178526 134264
1 72613 62134
1 119712 172562
2 84015
1 56482 37966
2 33753
1 146903 85217
1 75341 51757
1 67506 12701
1 56147 80364
1 12528 79992
1 87168 192580
1 99501 164671
1 139262 84984
1 153127 75336
1 192049 117526
1 168767 177673
1 190997 189623
1 60019 198587
1 19737 34552
2 47961
1 62183 145595
1 45667 1567
1 29259 43237
1 28271 130945
1 75329 37383
1 20828 5196
1 117031 3509
1 84993 164049
1 29045 97603
1 72297 36141
1 109696 55711
1 30510 38583
1 105135 109039
1 17686 185738
1 15228 135339
1 1518 88629
1 64558 134589
1 51365 69375
1 102805 116759
1 2923 67040
1 188615 178900
1 78219 198204
1 189913 77714
1 59589 19555
1 155936 155599
1 163504 23814
1 182890 105987
1 138830 86522
1 147703 168381
1 146993 131635
1 43901 163201
1 73230 80697
1 191515 167201
1 98527 150767
2 63324
1 176660 32958
1 93991 3440
1 119031 2431
1 79919 133478
1 97412 134286
1 163958 100717
1 178475 40970
1 37583 159628
1 121543 128993
1 185743 41055
2 48223
1 52133 89260
1 100114 45855
1 130207 118231
1 18271 70099
2 115623
1 185688 53222
1 199199 131178
1 2804 125079
1 8497 175040
2 118726
1 132484 185619
1 8779 181075
1 112724 181360
1 157073 95647
1 149501 112094
1 115973 40415
1 114561 121218
1 20612 19066
1 188963 41830
1 24521 197702
2 8236
2 168671
1 68032 13428
1 27526 109125
1 175117 17597
1 15064 188994
1 38448 151621
1 36237 116307
2 163788
1 189404 45849
1 36285 192795
1 151705 20926
1 184882 82862
1 45535 192041
2 5682
1 3141 93260
1 89836 24001
1 179274 60449
1 139598 121595
1 91963 57147
2 185358
1 32561 78555
1 169516 66682
1 144669 30703
2 68403
2 162280
1 73309 33658
1 69712 73544
2 182342
1 114935 79506
1 51973 71328
1 82649 105896
1 101523 162200
1 168192 9219
2 168424
1 20328 17167
1 143148 126008
1 5809 903
1 180776 139674
1 66077 161445
1 187699 7622
1 54802 108797
1 165409 132178
1 44008 62997
1 13996 31789
1 61539 76227
1 44114 141149
1 129842 82058
1 145009 186229
2 81832
1 110492 60961
1 76287 48314
1 152244 198865
1 132437 41593
1 60367 156261
2 23904
1 104444 189036
1 191712 73593
1 124259 56118
2 20751
1 10524 5144
1 78240 120308
1 57409 143577
1 128118 150187
2 181015
2 59037
1 152710 85000
1 1179 181229
1 74242 185545
1 1219 89307
1 190723 18200
1 21634 113653
2 72533
1 105765 138152
1 166851 39014
1 179256 18142
1 33343 150591
2 58384
1 91520 53853
1 179440 111524
1 60638 33456
1 196792 89945
1 176355 127209
1 36948 85300
1 39791 143285
1 66621 21086
1 186330 164888
1 177524 98206
2 73962
1 105753 14630
2 88482
1 132939 31183
1 56815 59365
1 91411 166616
1 171002 101247
1 139290 45075
1 118790 90309
1 1722 20049
2 50543
1 111674 75279
1 67172 52119
1 168410 46160
1 185939 140577
1 185128 39274
1 187810 5355
1 198886 12190
1 55078 184016
1 186850 116957
1 156183 93085
1 43764 59169
1 185644 169362
1 28603 95823
2 90745
1 192458 102164
1 27159 45253
1 36796 114139
1 162563 111280
2 19097
1 56575 25259
2 106830
1 159615 34960
1 171033 45866
1 43425 187224
1 71342 10903
1 61941 140337
1 144837 61819
1 148814 103009
1 52415 65234
1 140706 21044
1 169529 124834
1 170635 55451
1 171751 182139
1 187070 77189
1 64750 66610
1 51787 133436
1 123271 118622
1 125141 83203
1 20689 20499
1 155986 176045
1 135222 29086
1 61382 154559
1 107202 151233
2 60668
1 97551 105024
1 40728 109381
1 107512 181847
1 35468 39733
1 127587 76836
1 135309 171867
1 183939 63512
1 176992 194496
1 36247 58324
1 93741 179491
1 106214 69251
1 1755 54258
1 66110 93943
1 127469 50252
1 15789 7367
1 101021 167030
1 128896 133864
1 133367 151516
1 103611 133642
1 30584 186698
1 98393 148406
1 156327 80873
1 67974 108837
1 100595 70206
1 129049 153251
1 177422 35424
1 156247 54053
1 94281 183994
1 61220 141352
1 38833 137729
1 78988 55947
1 38761 102454
1 62770 134510
1 44169 117663
1 108823 115595
1 48822 30977
1 93007 32084
2 28163
1 34346 28415
1 121970 65223
1 44467 49178
1 81551 129727
1 147796 137500
1 32888 197286
1 118080 181127
2 97641
1 113563 86776
1 168134 152050
1 125682 194539
1 89034 88181
2 170693
1 82564 179153
1 60671 126036
1 121404 114678
1 130840 125628
1 74022 112138
1 176595 78261
1 46224 157610
1 110135 35531
1 180526 110367
1 117673 13020
1 50845 32699
1 106185 73555
1 141529 197681
1 19792 108324
1 176189 139316
1 117095 85255
1 79866 104788
1 17738 105337
1 77273 105365
2 195806
1 182407 48181
1 179707 94927
1 126429 14132
2 61920
1 61224 109280
1 31910 158394
1 125480 169240
1 44684 141624
1 33697 52570
1 31042 95517
1 115970 128488
1 79205 15359
2 57117
1 161904 10508
1 23184 50665
1 79198 45672
1 76302 66230
1 113571 143580
1 41588 129647
1 95997 194969
1 118941 58773
1 12825 188158
1 112770 183482
1 157829 177455
1 64726 112253
2 30770
1 97578 198311
1 70625 13742
1 73774 75379
1 38499 80672
2 175335
1 7452 11099
1 64935 29690
1 147653 195166
1 12257 102899
1 136481 158844
1 149564 48957
2 78218
1 106466 147295
2 168264
1 175325 57671
2 16649
2 80094
1 35711 159932
2 86321
1 68235 24562
1 31621 1677
1 55595 125504
1 156795 88233
1 88902 88960
1 78889 62857
1 29659 62970
1 155892 68951
1 30724 109218
1 3140 180160
1 40723 71832
1 76923 162644
1 133357 122973
1 153719 158169
1 114150 141399
1 52427 94128
1 129566 4487
1 174714 43819
1 149979 83081
1 20148 142574
1 10088 126476
1 158676 196932
1 150766 72340
2 177690
1 73096 95504
1 52273 176805
2 175275
1 147058 82910
1 9886 161994
1 35198 163303
1 191810 178067
1 70065 62003
1 1755 123418
1 169830 145031
2 46213
2 198444
1 106659 17547
1 51061 6650
1 89887 77428
1 132319 107727
1 162823 26267
1 196781 192794
1 155188 5913
1 93063 136386
1 48939 1223
1 132456 65918
1 46267 186806
1 127062 120695
1 82577 160876
1 127328 105504
1 1951 33568
1 12637 79253
1 103278 17144
1 48099 62386
1 173888 7041
1 135366 99575
2 173162
1 180657 24082
1 185549 118128
1 56748 17740
1 128693 195426
1 121230 24293
1 71684 166070
1 159485 18366
2 6158
1 26520 168341
1 24447 21346
1 73921 1929
1 194190 187464
2 66867
1 181100 60427
1 104101 154099
1 133902 44445
1 118176 64977
1 185905 144647
1 194591 23514
1 37039 175810
1 99962 36251
1 1080 10780
1 25810 53464
2 184389
1 187073 79660
1 150293 98651
1 96686 55306
1 185253 56195
1 53093 119820
1 48694 55176
1 509 103430
1 124224 49265
1 140448 138722
1 99070 162368
1 36357 32440
2 153553
1 166589 15979
1 136203 118871
1 180092 122906
1 53778 11276
1 194173 98134
1 113727 199713
1 192273 5604
1 152121 72411
1 47121 31618
1 125233 62446
1 78457 189984
1 96421 140826
1 24900 58340
1 3094 91461
1 12872 108509
1 180486 19738
1 102228 96070
1 104885 43682
1 61832 129534
1 88092 8032
1 70324 11591
1 143978 180274
1 109428 53693
1 11006 140389
1 8139 15703
1 124069 5528
2 27327
1 134429 134102
1 127139 65717
1 15399 24554
1 20497 105101
1 160841 62560
1 192842 165951
1 41658 13329
1 93931 14518
1 173080 92464
1 47675 155117
2 150087
1 116542 187247
2 188399
1 121835 15162
1 181430 114398
1 27271 124973
2 130180
1 169220 138571
1 547 176772
1 51867 118763
1 93058 111199
1 99569 132253
1 29277 172727
1 153735 182487
1 92809 197248
1 23334 65221
1 176041 39648
1 192825 105929
1 119274 178182
1 176365 145079
1 114108 6984
1 165831 54607
1 2194 82241
1 122950 34877
1 98141 87466
1 36730 36559
1 2565 5878
1 180579 134069
1 38120 119346
1 51661 142783
1 114326 196126
1 80107 38674
1 12685 68038
1 197107 105579
1 119026 185125
1 570 64729
1 166800 92604
1 72464 70837
1 82132 126189
1 161437 174243
1 139144 67101
1 12412 190990
1 137040 47883
1 177368 121376
1 174755 31979
1 163909 188480
1 182859 32006
1 45793 133648
1 183966 158550
2 62124
1 13310 29374
1 178447 38884
1 198510 113231
1 128455 146149
1 172569 72441
2 109903
1 131767 130609
1 84376 90606
1 81506 15726
1 171989 104821
1 88981 6190
1 194711 33922
1 26323 170827
1 39026 147382
1 189495 102779
2 151305
1 109020 82673
1 152456 162919
1 21349 118210
1 36787 190563
1 79232 169721
1 75704 113267
1 8487 105519
1 128213 179664
1 22795 135297
1 95393 170764
1 177128 160270
2 184264
1 108641 166697
1 75187 194311
1 53385 16766
1 33863 37611
1 28636 29244
1 21551 65158
1 38804 55989
1 162358 150194
1 108547 154072
1 75574 138186
1 90260 178699
1 169590 98662
1 135166 169607
1 19777 189846
1 47305 24755
1 181575 164450
1 158470 60485
1 60473 17280
1 70984 21909
1 62880 31830
1 85544 79107
1 10685 74801
1 104952 36683
1 100839 158085
1 121543 154981
1 47009 131495
1 74902 29411
1 157051 125129
1 189656 184774
1 137515 11381
1 146864 65505
1 107627 159180
1 94374 28146
1 149397 193535
1 190059 155900
1 172734 126606
1 13135 180457
1 109584 166145
2 13759
1 8130 155563
1 134152 36739
1 121752 189118
2 155383
1 32039 173925
1 117749 116128
1 83585 51862
1 70196 196273
1 7849 187192
1 88702 119284
1 199272 182323
1 1597 184164
1 4076 85195
1 37197 189385
1 98086 164697
2 130029
1 113504 11881
2 80827
1 134932 81264
2 91208
1 159394 43927
1 41808 14177
1 68836 137601
1 105647 70357
1 58508 124622
1 97092 80043
1 40943 85743
1 54944 125287
1 33075 190568
1 10459 155078
1 145673 173423
1 25843 22010
1 181295 164995
2 38626
1 191438 44773
1 159750 120190
1 118638 109487
2 44667
1 11481 174256
2 158521
1 196233 77879
1 198901 46448
1 136425 58
1 115737 47341
1 166097 55741
1 130070 39104
1 24708 124282
2 155643
1 32852 56071
2 183187
1 104332 76814
1 138720 74844
1 85215 122621
1 130643 31410
1 60085 175436
1 187719 142026
1 9024 140182
1 100342 96709
1 198415 6117
1 190747 13635
1 616 49130
1 110253 131271
1 124131 97405
2 187038
1 155355 26250
1 117915 176725
1 97936 50799
1 192958 152744
1 127542 19789
1 34352 65500
2 140098
1 165405 50900
1 72485 120682
1 32659 186077
1 146048 44825
1 176273 66993
1 34308 113267
1 54211 91135
1 115675 84938
1 109403 3165
1 128909 28321
1 4811 35429
1 89239 88032
1 174532 182545
1 25163 45016
1 190381 165462
1 120168 94648
1 93094 53886
1 31994 106127
1 29502 144777
1 3700 152196
1 197683 47493
1 142987 181524
1 97321 157228
1 127061 54603
1 56301 10814
1 155171 62468
1 104427 183455
1 160540 165029
1 179885 127219
1 44955 101206
1 16022 114488
1 194827 115649
1 114655 159140
1 136320 166415
1 56912 166976
1 91224 180257
1 46530 118211
1 109266 64716
1 64020 85362
1 121390 104410
1 12267 85495
1 138951 116990
1 136494 43073
1 61741 123478
1 46848 172571
1 199495 17639
1 14592 102480
1 172647 37396
1 52479 44799
1 149615 105312
1 182401 13882
1 180388 145446
1 43767 37027
1 92048 36629
1 106939 149322
1 190301 62832
1 80204 162433
1 32432 101573
1 142539 153153
1 165379 49197
1 147126 178434
1 27910 126725
1 182243 26645
1 140343 144939
1 14272 177029
1 191103 37499
1 194057 56303
1 32272 67851
1 97738 60318
1 194942 30501
1 188887 55915
1 188379 125060
1 108041 154899
1 39126 120274
1 34363 77721
1 57364 175456
1 138949 41119
1 132304 110054
1 74999 28608
1 65200 61692
1 132440 178929
1 181353 88
1 154144 91543
1 192213 8586
1 19251 105643
1 102867 83317
1 120288 52429
1 67934 133520
1 112794 177893
1 195121 80733
1 95990 107009
1 49882 194408
1 36773 7786
1 167197 33667
1 50867 188040
1 63628 55680
1 150656 41336
1 85860 121583
1 107517 97131
1 68907 107161
1 39018 174978
1 12871 11837
1 167694 33832
1 105376 146762
1 84599 164336
1 128250 37597
1 100468 96303
1 17677 80573
1 147984 11419
1 138790 46356
1 162448 76901
1 75778 106095
1 21040 123156
1 84649 185207
1 4249 90915
1 136264 173937
1 70822 161436
1 173586 128309
1 105945 191285
1 58969 9643
1 17112 63339
1 183464 89164
1 99117 182301
1 17763 51990
1 130492 2667
1 182050 37264
1 73415 92176
1 187019 197952
1 161759 58044
1 90734 154794
1 42860 31221
1 160870 21898
1 129633 191536
1 113389 57108
1 137080 110699
1 64447 29227
1 49397 154638
1 141363 156448
1 105944 181698
1 145238 67757
1 11107 178641
1 53450 107825
1 179725 45183
1 194974 10156
1 29255 35624
1 95789 116542
1 94126 57179
1 198460 70364
1 125521 97142
1 4047 137172
1 75749 49859
1 62412 38018
1 87301 157010
1 124436 42514
1 167342 46487
1 164702 170104
1 94779 153030
1 14356 8429
1 118301 7724
1 196915 25196
1 65950 177425
1 164254 52396
1 42647 88972
1 60034 131679
1 149743 98535
1 8753 183979
1 67158 29427
1 91000 23208
1 80193 144877
1 69570 112602
1 44199 8659
1 59505 144112
1 153852 127104
1 2363 84861
1 58990 24975
1 50946 186550
1 147293 34926
1 100215 15468
1 166430 123649
1 197361 970
1 45683 22650
1 53513 33938
1 58692 160438
1 72505 57044
1 43169 118874
1 130293 151664
1 44091 167662
1 157705 107213
1 134112 196217
1 103028 57241
1 67767 170463
1 19716 93954
1 95996 138679
1 71090 8885
1 124093 107889
1 173312 26519
1 115284 28839
1 170065 114049
1 11238 191105
1 177033 148991
1 66525 8398
1 192166 120971
1 121506 46624
1 163549 27527
1 161630 166249
1 69113 50809
1 29425 181588
1 31728 173962
1 102963 16421
1 148423 93569
1 131434 34452
1 14248 64444
1 40396 144102
1 23233 21615
1 13110 28494
1 184031 89185
1 65644 39235
1 46028 140901
1 93715 146722
1 10918 179861
1 41837 186630
1 50113 59220
1 27476 76006
1 113918 180485
1 158649 168879
1 157356 198854
1 150750 86114
1 173471 92402
1 190801 180144
1 91279 145878
1 76074 23956
1 75700 164722
1 170504 19056
1 97503 91700
1 57544 178283
1 133147 162160
1 21958 114122
1 115524 131939
1 61080 90702
1 9831 159978
1 22407 44045
1 113499 137085
1 21712 121108
1 8479 135664
1 13916 16188
1 58293 12140
1 39419 129803
1 93695 101610
1 141927 118030
1 104472 31921
1 90487 6260
1 54900 117840
1 98785 168045
1 110779 8095
1 66228 32899
1 87586 97842
1 98965 62520
1 18187 133342
1 11578 166625
1 142112 159536
1 77925 51779
1 104171 157802
1 10977 46060
1 98936 144256
1 78786 171219
1 74221 8915
1 54169 137843
1 186793 26541
1 64118 41381
1 49949 9022
1 128418 4733
1 190567 111189
1 126619 36839
1 98997 154400
1 6418 78657
1 31576 118184
1 86883 5243
1 44839 30344
1 161172 155246
1 1175 158318
1 81169 77305
1 36633 24660
1 131301 127138
1 20467 63103
1 9340 141868
1 24738 183352
1 93336 151093
1 84847 106890
1 67153 74322
1 110928 36605
1 143761 31661
1 84737 20113
1 180304 115806
1 197667 153854
1 168524 14921
1 99797 59754
1 95435 101112
1 165841 195690
1 178069 40633
1 172041 135742
1 27949 50681
1 198210 11719
1 61647 54754
1 131441 189387
1 21167 74866
1 59348 84203
1 24687 124188
1 98450 141923
1 38754 177956
1 141718 189379
1 125824 186101
1 55977 161005
1 183338 163142
1 3087 68367
1 85983 22574
1 52260 58657
1 154751 178309
1 13878 65505
1 176895 101180
1 114789 31182
1 133868 125885
1 196153 133347
1 199972 191174
1 64196 188950
1 15634 153923
1 142905 155856
1 99433 99179
1 16907 169070
1 10596 71581
1 147338 83257
1 199037 175739
1 118266 31969
1 154795 156935
1 168565 57920
1 73311 2747
1 116484 12172
1 34945 150830
1 3640 97501
1 173352 7780
1 131278 171682
1 129880 141685
1 187779 63390
1 57344 91491
1 125300 45159
1 186034 61429
1 2106 106976
1 148837 159512
1 30725 147958
1 148968 189431
1 122680 57626
1 47721 167256
1 41668 110845
1 107814 114490
1 154184 77969
1 106802 53933
1 99752 510
1 90284 197810
1 94508 144931
1 90490 17299
1 116059 25294
1 164364 169732
1 141272 49406
1 82703 47035
1 19837 61144
1 48112 973
1 33142 39143
1 186451 182218
1 95584 77017
1 120787 78747
1 120290 187191
1 159739 42841
1 137418 41251
1 8325 80688
1 20204 135447
1 147986 187509
1 165560 69788
1 93162 123652
1 5147 60105
1 182645 5342
1 38872 54655
1 151225 28354
1 57127 164193
1 106902 177866
1 156429 35096
1 48832 79560
1 112380 47558
1 184507 99425
1 38829 142281
1 123548 180137
1 102332 192052
1 126655 3136
1 93508 4489
1 79043 6509
1 151740 128059
1 122125 171576
1 77456 198946
1 75837 49741
1 106051 41983
1 32746 42575
1 144709 93041
1 134948 32249
1 41808 78263
1 142570 68348
1 134856 165224
1 160553 57044
1 182675 76912
1 6264 69741
1 130614 2637
1 33169 116661
1 84913 129034
1 114513 142594
1 90013 41402
1 150322 106982
1 79107 163384
1 167879 170129
1 147135 6621
1 158776 150311
1 79702 54978
1 42944 149986
1 212 70008
1 70564 101482
1 134570 83396
1 167030 45490
1 158726 126496
1 32010 88150
1 124084 164207
1 81655 116211
1 195061 140863
1 40529 110278
1 101662 85445
1 31268 116680
1 63795 42580
1 152372 9289
1 1860 41887
1 69556 198155
1 3016 138992
1 74501 53410
1 68919 178664
1 184177 151113
1 11821 191865
1 181415 127559
1 48637 120481
1 42744 90435
1 190098 164393
1 188625 42020
1 16333 143134
1 32315 162925
1 196890 91982
1 31184 115927
1 110420 59909
1 91392 9520
1 96924 114505
1 164228 151540
1 40244 96916
1 171361 54698
1 94114 130193
1 69920 158977
1 91202 60442
1 79819 71466
1 12715 162608
1 95852 36216
1 16582 121274
1 84418 45303
1 40427 6659
1 53828 173194
1 46845 108526
1 96858 41416
1 49480 72379
1 197912 54168
1 537 157184
1 13757 182988
1 48797 3360
1 165932 100858
1 9021 1296
1 52074 153633
1 114873 88587
1 147224 167099
1 17091 119443
1 154162 19998
1 89886 122154
1 50183 26393
1 115896 67280
1 98875 164876
1 69509 116286
1 166394 164615
1 7772 26275
1 110526 137255
1 78487 15582
1 113797 182765
1 195365 60348
1 76235 107551
1 64499 46324
1 192590 182500
1 187836 92959
1 12546 81627
1 77676 198268
1 80019 118396
1 120060 83044
1 176090 43059
1 137098 31882
1 34594 29880
1 112631 66230
1 126813 67955
1 197382 64515
1 142433 152207
1 122867 142166
1 111719 137373
1 136593 123809
1 94598 58859
1 191847 168727
1 155564 106597
1 94668 174065
1 37790 27052
1 65409 58082
1 174577 45045
1 132623 92567
1 67720 12388
1 38498 192881
1 143376 111657
1 67684 56390
1 171833 165594
1 42014 147670
1 85366 40593
1 44747 21067
1 176696 119369
1 6142 114227
1 122790 125236
1 108214 162625
1 150945 75872
1 31040 182338
1 34934 38154
1 109965 50972
1 133476 199425
1 64019 41228
1 19919 52864
1 84905 196897
1 73349 77637
1 61150 187508
1 154992 116534
1 112602 47849
1 28187 80757
1 76984 78763
1 133162 42241
1 195235 108644
1 34387 157072
1 70832 51003
1 26914 173291
1 179323 132498
1 55405 106762
1 94212 107327
1 50004 54576
1 47436 142794
1 64956 20680
1 154347 128679
1 140108 187777
1 96117 67189
1 95913 60135
1 12942 132471
1 47150 15747
1 168330 64977
1 2926 164213
1 4105 22534
1 28525 83983
1 40849 117809
1 125212 78452
1 57772 100225
1 14357 110897
1 58373 145594
1 139416 45468
1 164990 107624
1 127940 123564
1 92117 64165
1 58136 63831
1 94839 132174
1 80298 105522
1 140195 144322
1 55400 124357
1 83587 33563
1 29135 192622
1 48135 196017
1 63785 107449
1 38468 88524
1 176204 26236
1 188364 5288
1 183055 90744
1 182606 125743
1 168206 120814
1 35632 131762
1 58017 97534
1 108075 127017
1 37336 142919
1 28199 93229
1 48699 42427
1 91991 141426
1 81216 98241
1 30230 67657
1 43084 102672
1 42051 9558
1 25903 25608
1 17754 141838
1 189466 4692
1 123924 6644
1 118371 189311
1 157440 77460
1 98107 38931
1 132259 84480
1 188911 77497
1 185677 168523
1 145757 40972
1 171452 142339
1 55 48255
1 114037 50355
1 103229 117169
1 151073 56024
1 46007 145038
1 137702 93026
1 178865 113321
1 178439 111791
1 80891 73559
1 167421 146115
1 131296 65871
1 67541 190603
1 169126 32960
1 158093 275
1 93702 112306
1 197674 88582
1 163565 129952
1 182173 144037
1 143284 77716
1 17879 144458
1 144155 28869
1 170472 74589
1 152332 12334
1 138015 121495
1 148621 12847
1 45405 107639
1 50054 109993
1 199612 27650
1 65590 55060
1 64031 117311
1 147056 45796
1 183130 74162
1 150042 137757
1 80197 24
1 140904 86322
1 171611 39075
1 161621 181093
1 168153 127479
1 31842 108059
1 77780 128933
1 83027 77055
1 173530 156071
1 139751 180441
1 25165 108252
1 192279 88814
1 101052 178181
1 139217 121818
1 21187 97024
1 8502 14380
1 112741 9028
1 161042 180611
1 150695 22492
1 36059 30374
1 79344 47400
1 81837 178793
1 19295 154897
1 189763 68733
1 109868 177932
1 40505 37015
1 113602 11731
1 172480 187653
1 194907 154655
1 44387 717
1 33629 8424
1 163961 74120
1 19125 175968
1 78698 107325
1 85107 85486
1 72230 77825
1 169125 154216
1 103587 165198
1 22583 125843
1 131798 106531
1 27849 36574
1 190133 12828
1 32594 194077
1 198891 138962
1 115765 113283
1 104796 162676
1 90977 8418
1 189338 163174
1 118382 108838
1 104360 15386
1 93494 58575
1 127982 158509
1 183345 66158
1 68925 159749
1 139220 122403
1 152964 27432
1 85931 98901
1 66322 186015
1 165813 32115
1 166350 85835
1 101312 154985
1 70837 126599
1 32838 184869
1 67475 132992
1 152071 151436
1 73219 184209
1 60328 14967
1 40363 81507
1 124043 195699
1 85170 49027
1 68207 108216
1 86661 51525
1 95753 109161
1 61386 190936
1 148452 102540
1 105378 82666
1 77686 13003
1 142821 137471
1 29700 175083
1 83674 77197
1 103737 55115
1 19509 12571
1 68033 97376
1 3092 168025
1 49963 112495
1 9276 156418
1 123966 36940
1 119440 30896
1 39132 97297
1 66771 2624
1 114902 29346
1 173215 84135
1 168207 143455
1 168742 119251
1 1236 18090
1 184552 94469
1 98362 88347
1 120820 141614
1 54842 99008
1 157667 20233
1 27593 174618
1 113169 125753
1 92540 54165
1 28383 151459
1 57947 58951
1 153126 22350
1 123011 166123
1 104445 59896
1 50369 75615
1 77486 194043
1 177005 97947
1 63796 112161
1 82244 130292
1 87289 107589
1 29514 125713
1 163662 145835
1 41822 90796
1 33323 23073
1 40734 129676
1 87144 81302
1 173630 197313
1 4731 57786
1 120228 196320
1 90612 6999
1 21446 134529
1 191670 191152
1 89479 199990
1 39224 139032
1 130127 35277
1 27388 82965
1 45289 25865
1 143886 48117
1 28513 157148
1 170560 3376
1 15198 86505
1 104036 103104
1 17917 44472
1 65546 129277
1 128624 193273
1 174011 4220
1 123542 69694
1 35510 89705
1 24987 81203
1 90922 127715
1 84561 193184
1 44788 47896
1 975 42849
1 20635 64161
1 17355 95460
1 170312 27104
1 127155 121955
1 30666 194649
1 96209 175843
1 166666 133965
1 134367 106542
1 104139 141981
1 133351 59469
1 163302 33438
1 188767 15305
1 172739 154424
1 4932 117795
1 12763 1989
1 16821 15824
1 85420 137575
1 47314 163514
1 155005 184617
1 13590 167027
1 33428 145177
1 181489 22844
1 64437 167653
1 141482 181559
1 169372 98612
1 80179 165032
1 54781 21512
1 90766 50865
1 172411 73553
1 189919 145871
1 46183 179796
1 197779 191888
1 23867 112893
1 28849 78231
1 142166 135105
1 13630 17170
1 53112 193913
1 31958 13945
1 257 28922
1 189383 44491
1 11174 176825
1 139697 105797
1 7477 146205
1 83357 19939
1 168266 46246
1 62747 189083
1 138449 97150
1 176287 113943
1 105854 56157
1 121821 62002
1 198986 89442
1 134243 61942
1 60079 58160
1 194614 51412
1 185767 157830
1 62129 24995
1 7073 47586
1 183834 183645
1 40132 98520
1 4038 21655
1 146088 161837
1 120815 193281
1 148881 100666
1 3539 91614
1 127022 150910
1 130064 40133
1 61650 178692
1 99133 44248
1 197553 191478
1 72267 183939
1 61343 106688
1 107933 114487
1 73028 69353
1 99109 128232
1 164835 117038
1 97728 47365
1 184972 15840
1 133523 169143
1 152607 103104
1 189030 113885
1 93635 62681
1 79041 154310
1 93158 113053
1 138245 151343
1 153014 101380
1 144909 3006
1 60512 78625
1 138501 168895
1 136328 141189
1 169034 9246
1 176778 106969
1 168771 35493
1 103727 151735
1 23231 167991
1 36018 76105
1 21713 13900
1 149492 186597
1 104232 177134
1 68477 72807
1 109170 132021
1 91958 94672
1 46386 10239
1 11748 120735
1 181344 145459
1 84518 114351
1 196353 100918
1 156976 10576
1 56200 121070
1 162249 96488
1 171500 56951
1 16515 178188
1 57546 47906
1 105787 139546
1 76286 172469
1 146833 130906
1 198716 150688
1 137000 34261
1 190708 172924
1 140897 154420
1 9063 32394
1 144979 51805
1 155011 21866
1 19279 178443
1 158406 40345
1 45586 114733
1 84497 118639
1 97803 176001
1 110796 117529
1 188814 142640
1 92538 169939
1 46872 127020
1 176796 195753
1 130310 118536
1 111499 64495
1 125328 74648
1 90256 112573
1 105802 5002
1 74375 186672
1 22493 96451
1 19765 69150
1 70658 20029
1 160039 25689
1 28671 43360
1 141196 164519
1 146726 89184
1 155156 73728
1 51531 64343
1 151049 55176
1 6406 9827
1 76461 89230
1 172201 49538
1 92821 85124
1 161794 154411
1 163206 156033
1 103955 104303
1 62734 46069
1 8144 157649
1 123429 45227
1 36506 19746
1 21636 159557
1 83451 25505
1 139076 180019
1 102946 183762
1 55483 158068
1 126368 40989
1 195988 95697
1 176035 28970
1 168046 25047
1 153778 25786
1 46967 186453
1 4457 156743
1 154696 37077
1 141045 25952
1 177603 194015
1 122259 71102
1 73707 13035
1 148805 26732
1 142467 61989
1 147605 103510
1 5035 4007
1 185934 117231
1 86455 54962
1 195832 13256
1 187793 183470
1 194259 136302
1 122962 166115
1 78742 100932
1 68443 191992
1 72618 75170
1 197881 118251
1 199905 192749
1 100409 119760
1 48379 145719
1 10504 83534
1 8284 194009
1 137104 62039
1 135 48399
1 188495 59432
1 198878 66133
1 83000 135809
1 136669 120063
1 124111 17445
1 37588 114781
1 161728 101972
1 72868 92943
1 83200 167304
1 95549 159590
1 106599 4526
1 162007 30460
1 161292 130598
1 47598 155094
1 147362 116733
1 74818 106936
1 38227 192554
1 68878 185607
1 176219 85127
1 40264 38630
1 17319 100817
1 176601 125194
1 22702 71458
1 150622 108320
1 70607 19757
1 155935 144289
1 9388 41787
1 192015 79859
1 124678 61605
1 148868 148034
1 62042 190545
1 50616 43935
1 185979 103857
1 76416 134425
1 157232 179513
1 73483 116698
1 155153 28000
1 198238 19588
1 40413 30298
1 18383 31436
1 160542 75348
1 129151 180694
1 189184 5744
1 51036 147218
1 17390 79682
1 199958 169495
1 134191 6603
1 171937 22526
1 58815 153653
1 186732 125696
1 56753 44623
1 113120 91731
1 79877 127626
1 118811 13122
1 9285 124084
1 40430 40587
1 177958 25523
1 22421 51006
1 76316 184709
1 144694 179795
1 86076 45110
1 66844 126412
1 62233 179427
1 152053 40332
1 53784 53486
1 4681 19062
1 156886 143105
1 103933 148234
1 127420 186759
1 97864 180284
1 184735 114343
1 146292 125078
1 75038 34883
1 194584 39888
1 7350 120178
1 20628 130094
1 98025 118842
1 175438 110233
1 132496 135120
1 131435 166081
1 24445 113107
1 160401 101490
1 37717 61062
1 107227 29174
1 16876 25742
1 183901 189227
1 28322 138476
1 59609 92004
1 23806 35068
1 195714 83460
1 42697 25326
1 41328 95833
1 64236 98819
1 87075 189495
1 177421 12747
1 103677 101974
1 26343 26462
1 6074 39981
1 179368 24408
1 148082 37327
1 162576 27224
1 21969 140037
1 170631 56636
1 164949 87277
1 32766 14230
1 36617 83667
1 177802 186610
1 128256 42830
1 103166 780
1 16149 49053
1 94215 140044
1 57505 6658
1 14540 129221
1 43389 106718
1 34758 135725
1 48313 51917
1 175453 80350
1 34333 155781
1 47365 132108
1 167712 143722
1 85591 131785
1 5477 134004
1 92275 46518
1 105917 181316
1 22869 8972
1 10202 82947
1 159351 60043
1 83152 53821
1 7974 119745
1 180626 58685
1 197544 15614
1 124458 34857
1 149389 105750
1 89465 79200
1 53972 137559
1 174961 88402
1 68992 84556
1 139600 175455
1 165819 90930
1 197599 79604
1 152491 10298
1 58923 134306
1 67795 123520
1 124930 186560
1 161901 113225
1 181104 39234
1 31877 54339
1 141051 191770
1 72023 141816
1 174173 91408
1 9964 125204
1 75969 55261
1 190194 57304
1 69889 199501
1 33051 168158
1 156574 144597
1 62840 129743
1 170879 177009
1 97557 70178
1 144238 115842
1 81239 41047
1 121809 101094
1 161621 168563
1 106789 15193
1 39988 111998
1 56705 111628
1 54214 58618
1 10440 104836
1 96420 173093
1 158511 182133
1 125130 170034
1 98481 61791
1 15730 191619
1 111312 185576
1 33333 22314
1 27854 23675
1 19870 117602
1 70379 163936
1 145360 37192
1 33952 41437
1 68187 118942
1 107612 172044
1 23705 59458
1 166846 119422
1 4942 62251
1 154835 196431
1 3392 170917
1 179409 145610
1 162707 89422
1 47380 20352
1 69033 128528
1 81112 90659
1 62266 89377
1 42039 82281
1 99759 145848
1 103268 86558
1 140548 57105
1 134439 195849
1 196125 44580
1 97371 80707
1 44456 10530
1 32805 26388
1 69237 105584
1 102582 85647
1 125651 44072
1 191108 80111
1 113259 134796
1 51077 129971
1 5025 25165
1 103661 76471
1 99625 57020
1 102056 174228
1 106983 1359
1 199386 66618
1 121035 34968
1 115542 144075
1 76907 48385
1 95773 18939
1 111010 88331
1 140248 36965
1 39592 75336
1 141272 187376
1 109875 86294
1 180557 193186
1 45901 189726
1 114244 123332
1 10038 188620
1 80102 71480
1 178557 106128
1 172077 158743
1 154586 30870
1 123688 85519
1 95886 117569
1 137778 197756
1 156222 22574
1 37359 18756
1 155916 103015
1 127560 44536
1 175799 100710
1 177128 105
1 171445 173707
1 193078 135816
1 147023 70368
1 149332 107841
1 144829 82956
1 161752 119705
1 148546 133205
1 151626 143878
1 191690 189402
1 124702 152527
1 8193 179473
1 138739 190309
1 49526 16701
1 55180 86593
1 12465 156147
1 193933 189567
1 56402 79758
1 85945 185465
1 8427 70447
1 17067 193447
1 96415 169914
1 35794 34359
1 62972 24014
1 91505 181481
1 156629 28996
1 181335 30573
1 117988 136811
1 197083 32895
1 89951 73410
1 80795 1090
1 140696 170230
1 82229 72156
1 34395 91357
1 37254 63441
1 72514 125299
1 86562 162531
1 147036 26515
1 199701 184169
1 6143 146297
1 155096 75246
1 148329 16823
1 21974 198925
1 164894 65525
1 129440 81546
1 140286 193262
1 164974 58676
1 147877 146343
1 129945 153208
1 16840 198641
1 19797 151815
1 94733 176546
1 157619 162156
1 84971 69776
1 191767 184680
1 94531 7886
1 63478 173648
1 8958 62187
1 89619 12263
1 135527 24487
1 158458 135551
1 159947 83256
1 138941 41293
1 115599 136382
1 120046 38476
1 127505 60610
1 145438 140436
1 139651 25397
1 190164 72634
1 179396 15206
1 179089 44011
1 57600 86853
1 198466 7748
1 187594 15959
1 98181 186868
1 122296 97657
1 54113 57941
1 123134 151321
1 102592 16519
1 91342 182770
1 104943 156367
1 20527 109192
1 189784 1903
1 43612 187428
1 40319 79558
1 43552 126992
1 64890 53098
1 22063 164501
1 39285 120836
1 4039 190580
1 149094 145131
1 95112 39331
1 94029 107588
1 113360 2889
1 138415 191578
1 138203 180925
1 94483 103097
1 43161 116730
1 40893 164432
1 56785 72934
1 117034 86983
1 156342 28869
1 159884 22494
1 98567 107703
1 7751 29127
1 174700 188794
1 119020 11781
1 2703 118812
1 33013 48005
1 114936 191104
1 35457 30524
1 37164 144085
1 64145 115459
1 163464 156370
1 110339 59696
1 191001 143477
1 116173 23285
1 52350 126076
1 122493 17021
1 48385 187748
1 62064 136901
1 176690 167521
1 199824 163640
1 104069 154270
1 52178 188751
1 23470 132150
1 173807 174183
1 177019 103859
1 126882 196836
1 183922 141574
1 23715 158149
1 91372 55239
1 124514 24009
1 134896 151534
1 108422 15874
1 52628 173265
1 15591 79735
1 128848 53664
1 46282 119998
1 12515 168543
1 161564 24346
1 29291 45283
1 73969 117907
1 161152 161935
1 107262 96596
1 196369 176655
1 178389 189898
1 91394 174613
1 153504 140730
1 88325 114195
1 39199 168290
1 94072 171961
1 25766 143892
1 57854 80881
1 173842 45455
1 152416 101208
1 164939 90271
1 113254 28670
1 19199 87990
1 61298 84512
1 55773 90188
1 177309 50725
1 7952 152884
1 129492 170775
1 70590 38976
1 100341 94691
1 109376 129815
1 140965 130195
1 83235 56148
1 163316 117898
1 72799 172961
1 159605 137152
1 126871 30100
1 93975 183424
1 49361 156042
1 115593 45216
1 58423 149635
1 78028 195391
1 127310 162173
1 13273 20740
1 149685 131603
1 17526 80597
1 52193 8024
1 105300 16662
1 142743 120687
1 36331 80612
1 84971 114606
1 85593 179665
1 134135 160820
1 20855 49953
1 192031 79751
1 44285 170309
1 18883 197553
1 49048 52631
1 146117 6428
1 48458 74774
1 102013 124716
1 162370 87139
1 16313 112797
1 164860 41083
1 65082 29982
1 138330 38967
1 146348 106925
1 62980 198977
1 81061 32244
1 111741 32217
1 67744 166563
1 54727 6856
1 101498 164046
1 70329 109219
1 152814 13705
1 97950 122563
1 179597 45314
1 117136 43267
1 159810 47775
1 147029 182906
1 48196 86488
1 177786 90746
1 196187 197463
1 2670 117834
1 156695 85966
1 160033 44319
1 81101 93784
1 20382 33057
1 102932 182483
1 100901 58524
1 87041 11773
1 89101 117124
1 174431 18894
1 125720 178478
1 170354 138005
1 22168 108299
1 100332 69014
1 188226 183655
1 9775 134115
1 23760 174178
1 72070 181369
1 66332 199853
1 78046 18077
1 82362 37320
1 112905 136951
1 32918 63866
1 43573 188911
1 34895 99793
1 16745 27526
1 171667 123932
1 186177 70391
1 168764 71462
1 186347 42767
1 40618 157812
1 177762 154889
1 69281 190593
1 175721 3373
1 60965 165881
1 148747 135019
1 147668 74804
1 198289 172787
1 41667 50548
1 120324 3607
1 172509 169954
1 97892 95908
1 50296 34564
1 168233 113022
1 40569 99650
1 7865 175931
1 126954 2906
1 188906 1409
1 168409 13153
1 92858 87203
1 158772 78204
1 171915 149816
1 181603 57950
1 78884 18110
1 61413 183556
1 71652 155822
1 83246 54894
1 189896 90976
1 17215 104544
1 14881 15969
1 162824 21400
1 172110 94802
1 57467 97361
1 144128 114884
1 141425 162680
1 138031 73810
1 3585 63662
1 118104 110655
1 116191 141503
1 31673 108560
1 115763 87008
1 10062 78443
1 172794 79407
1 180685 133425
1 85793 181734
1 85216 38936
1 33439 62688
1 106338 78157
1 78164 61777
1 71516 90633
1 47200 67328
1 31041 152626
1 110469 106055
1 26600 182389
1 52928 84940
1 98121 141537
1 173861 96705
1 194682 7110
1 168954 78235
1 27371 76687
1 184469 149647
1 155167 9948
1 25145 54546
1 190573 197347
1 78573 172881
1 83190 108617
1 58462 152175
1 194088 31420
1 97399 17854
1 130356 108948
1 131647 124608
1 149260 166122
1 55667 14879
1 65312 124280
1 60773 79339
1 130713 106482
1 189587 125587
1 132822 113892
1 715 77478
1 113318 104525
1 182527 49739
1 27462 38778
1 122532 195390
1 195484 174567
1 181456 70412
1 183028 136083
1 44947 109778
1 173818 196514
1 92694 178098
1 193655 127608
1 120947 192022
1 150096 184594
1 189140 22506
1 65533 94120
1 33487 178323
1 90502 168513
1 5377 89525
1 142979 116375
1 27689 24804
1 68309 37227
1 43655 103337
1 173535 111338
1 42933 196409
1 93898 110465
1 39173 115954
1 377 179582
1 120860 48854
1 101704 91688
1 86415 144459
1 135179 101728
1 54588 138515
1 191941 169337
1 118827 130952
1 45031 36885
1 182053 199003
1 40714 56577
1 43156 9933
1 52271 163986
1 68764 196398
1 83126 101824
1 68537 28566
1 112604 125122
1 48345 165153
1 176249 183468
1 161660 106607
1 155386 146693
1 9803 77724
1 15515 56877
1 122613 151739
1 108328 102958
1 94544 140889
1 175540 146912
1 63471 24112
1 68378 194562
1 66560 69161
1 84916 157078
1 33960 15639
1 27097 62077
1 97122 136881
1 16411 73940
1 50964 72590
1 122368 67214
1 171506 22311
1 187391 114131
1 114200 65608
1 166271 94937
1 191907 196823
1 137099 17216
1 147921 169418
1 30041 38066
1 183641 33570
1 183485 191035
1 197772 56557
1 39976 36966
1 31149 192444
1 75301 171482
1 121294 127392
1 18326 141748
1 27691 131307
1 14123 145829
1 36555 192229
1 110307 195086
1 150358 152013
1 66311 48153
1 190897 51602
1 91364 104859
1 108064 167761
1 126217 75944
1 112605 113744
1 23168 114422
1 114420 155706
1 67345 77173
1 137442 46237
1 12916 31918
1 39150 166946
1 86485 26650
1 61767 143500
1 197582 190789
1 144927 197171
1 135200 98532
1 74695 70849
1 162803 30196
1 84428 156717
1 88207 63956
1 17361 132215
1 197019 175268
1 135918 53221
1 111125 158622
1 163912 128829
1 106705 199092
1 163890 27842
1 63414 48171
1 90563 44083
1 23222 124279
1 189240 30464
1 25805 100120
1 175820 183759
1 69949 63797
1 59861 34351
1 136137 188983
1 194786 54428
1 154223 87912
1 165203 100916
1 47081 3468
1 111033 70839
1 169639 94782
1 111343 138628
1 192454 114447
1 142839 131922
1 1620 196764
1 147992 4270
1 99400 14638
1 89015 23924
1 127356 145047
1 187700 166736
1 42861 112266
1 47624 170357
1 114101 177786
1 28124 19550
1 193671 177463
1 127916 104132
1 117932 72709
1 67421 102240
1 188093 187710
1 97179 172643
1 41824 82026
1 106999 188531
1 79175 5725
1 72384 50343
1 128550 46352
1 100832 102021
1 14004 111555
1 95481 189371
1 111973 76883
1 48704 100636
1 169318 131415
1 101338 24348
1 85593 21568
1 17525 67278
1 82706 147569
1 179624 33500
1 79442 66075
1 65038 70984
1 18115 53085
1 169440 26082
1 181748 194971
1 117201 137545
1 149334 85085
1 136303 76518
1 114294 167722
1 188856 44454
1 188349 181733
1 114233 57527
1 185190 49319
1 156014 109958
1 38526 183518
1 147925 15415
1 22433 43686
1 104852 148837
1 10995 173478
1 119118 20571
1 23006 159213
1 10880 65683
1 8842 46989
1 151009 115886
1 49442 95735
1 125498 97331
1 168837 87448
1 126979 39053
1 184842 150771
1 72192 198271
1 113401 180864
1 109915 189418
1 4487 167876
1 66497 2305
1 38993 130545
1 86786 9291
1 188827 163776
1 159268 9306
1 90506 149261
1 328 83914
1 100575 156787
1 160896 74557
1 92918 101608
1 14896 51669
1 143807 175835
1 108963 103282
1 172987 94412
1 135472 101166
1 36986 197099
1 49870 21398
1 132115 79285
1 93620 116586
1 133925 84747
1 62325 196119
1 72076 94356
1 140827 114483
1 197286 83925
1 127298 119674
1 904 22542
1 55734 63368
1 66171 151383
1 35664 158359
1 20796 192572
1 120014 43002
1 63987 116310
1 41970 133146
1 31219 157226
1 57117 77744
1 98034 23302
1 6572 14402
1 111689 135962
1 162386 157794
1 32303 71829
1 27766 179043
1 161522 144641
1 80783 87454
1 66103 103776
1 24703 24166
1 9140 54919
1 168237 4488
1 37162 169402
1 157029 17542
1 23399 95113
1 153460 89044
1 48123 61674
1 192768 144979
1 131577 195800
1 8613 43404
1 64114 48876
1 102934 165744
1 168558 101433
1 159091 76687
1 112043 18733
1 25190 160215
1 87514 112613
1 149763 77070
1 187350 182929
1 108384 98642
1 68071 85065
1 163762 190095
1 74168 115630
1 53737 161281
1 26708 55493
1 1677 15852
1 102502 156880
1 38681 71833
1 190578 60591
1 80152 40403
1 23503 193014
1 164415 31265
1 196199 70095
1 29514 103749
1 126641 59346
1 9306 123254
1 190189 153698
1 16461 1817
1 42976 97739
1 48735 188614
1 96466 174489
1 32129 187449
1 106629 15100
1 118776 134166
1 97911 170330
1 145272 134625
1 179675 85427
1 177281 48254
1 170835 91132
1 102137 105957
1 129649 186357
1 31243 146473
1 186863 19341
1 69952 45482
1 152621 147831
1 3739 78488
1 158186 189901
1 5690 36842
1 163589 147301
1 154410 142750
1 35701 29042
1 65354 133939
1 101446 78173
1 34660 197028
1 40022 157092
1 135497 186406
1 198671 170803
1 74796 29092
1 30567 115521
1 143680 60922
1 34133 50860
1 43732 125040
1 94037 6616
1 25710 58424
1 195039 152837
1 83815 199274
1 87267 60400
1 32775 114751
1 196681 157931
1 74977 150540
1 115943 49152
1 55921 36032
1 74947 63811
1 52723 44831
1 98059 116278
1 56455 141632
1 38353 138722
1 34115 111110
1 183051 110002
1 66263 14555
1 131211 75923
1 183912 192626
1 108475 11850
1 136166 40702
1 79388 103894
1 18223 1005
1 102208 583
1 156265 119722
1 126213 137053
1 14043 192274
1 173971 88036
1 142476 2934
1 98329 92559
1 15198 145425
1 175748 96852
1 62765 191179
1 86912 65096
1 45283 176366
1 68147 159739
1 47391 141352
1 151671 111765
1 114823 185921
1 138199 55409
1 36457 130781
1 1740 150586
1 95833 178421
1 106361 165828
1 74951 149458
1 79013 158125
1 15583 190027
1 92984 29301
1 122150 198272
1 199096 194714
1 153107 57366
1 1028 62200
1 82794 60468
1 159185 75232
1 59103 39870
1 166885 130487
1 17770 183185
1 155538 187857
1 179111 2048
1 115572 186509
1 169969 167885
1 55212 24563
1 183038 186218
1 140830 173517
1 160764 100465
1 52777 166083
1 178285 75041
1 120294 78395
1 56896 128795
1 109284 47215
1 96241 8285
1 139682 68175
1 120675 13950
1 145549 160410
1 186748 79210
1 95163 81464
1 100865 123423
1 195752 149914
1 25777 63975
1 96495 113365
1 181479 161943
1 98764 166267
1 143339 187977
1 66641 87931
1 44952 14934
1 145574 139899
1 164917 139158
1 179205 160692
1 44109 131420
1 61302 51917
1 12880 96300
1 95239 181692
1 45487 197375
1 70223 134745
1 199474 196538
1 86627 142212
1 12189 81386
1 74649 117497
1 173764 25604
1 173436 26096
1 38123 7323
1 48848 76347
1 22625 88481
1 133704 158107
1 65759 112802
1 144964 132707
1 132572 65214
1 115408 179409
1 1011 194407
1 103706 110120
1 169273 33179
1 104050 134610
1 199768 65378
1 189320 82933
1 54000 136331
1 91681 89427
1 149104 7586
1 126874 88295
1 36015 127670
1 198817 193342
1 30673 73737
1 37233 182419
1 125335 198104
1 38222 79087
1 106118 106829
1 35008 193792
1 155900 136321
1 172180 197687
1 69583 118199
1 74000 160551
1 139560 197333
1 61302 74907
1 47263 44581
1 76348 124728
1 21591 59596
1 1161 83092
1 135451 189705
1 120243 16406
1 94266 135474
1 376 56463
1 199199 74090
1 19643 62615
1 143413 61477
1 92480 15020
1 138171 153760
1 168298 173127
1 25379 146076
1 199540 154241
1 6000 107611
1 114093 82725
1 85775 15644
1 34104 82774
1 175926 41306
1 138436 108195
1 181051 55875
1 136712 5096
1 37751 190710
1 187393 123368
1 189148 14720
1 90928 48872
1 25363 3351
1 177102 133262
1 125337 73750
1 53011 17019
1 190812 131067
1 19111 149734
1 69649 16926
1 161446 169018
1 164185 64116
1 53082 79538
1 25556 127044
1 172596 18482
1 57029 112744
1 183308 46760
1 146919 110984
1 160474 137187
1 95311 46482
1 160052 3380
1 192707 154940
1 64650 8835
1 169754 189822
1 142368 36148
1 160340 97610
1 25994 152954
1 86396 24847
1 103917 123643
1 12988 199469
1 89269 119846
1 153793 78778
1 37266 146513
1 37584 32757
1 105143 109078
1 55975 117834
1 19284 25263
1 55320 157958
1 46098 53969
1 81058 176604
1 59601 83014
1 47121 102104
1 61982 33870
1 53208 32738
1 176631 85175
1 169196 142198
1 78402 183419
1 17827 147042
1 43787 40282
1 66190 68865
1 4798 120760
1 97364 196726
1 158822 181305
1 65424 186668
1 129188 151515
1 123948 13772
1 31729 123348
1 20607 72639
1 60376 92716
1 160548 65126
1 120558 51869
1 40155 179863
1 92309 190569
1 163172 68249
1 197425 116411
1 196250 146402
1 188457 163650
1 4621 128400
1 158177 123529
1 78436 186918
1 156214 3675
1 110321 34632
1 113402 143574
1 44374 177849
1 169073 164238
1 87192 119955
1 36684 52709
1 33217 48839
1 80357 132969
1 152379 2135
1 125947 15405
1 36010 162065
1 135854 180842
1 100107 88334
1 171646 132056
1 63179 148523
1 85953 166664
1 171049 132550
1 169314 35973
1 104846 98492
1 173729 95020
1 155308 154657
1 185991 134536
1 19863 43136
1 118377 146673
1 10209 173908
1 24672 151975
1 110457 79046
1 110087 24554
1 59140 13929
1 181685 42525
1 115709 92660
1 98172 101083
1 91402 99711
1 128098 90200
1 39904 147713
1 22367 98684
1 190169 10759
1 21080 157757
1 180500 172792
1 185498 144060
1 167244 105735
1 167769 122721
1 52796 162809
1 48298 180729
1 191602 34777
1 6910 146768
1 181938 73017
1 107297 53963
1 184782 167083
1 171954 17416
1 169155 131263
1 73189 70776
1 158678 183103
1 54518 134396
1 1008 72680
1 114736 97087
1 55926 14250
1 102750 150612
1 41645 56354
1 124175 117584
1 64909 185814
1 22800 113513
1 114659 150130
1 171558 7568
1 163500 7938
1 85770 192844
1 70000 162672
1 20905 132696
1 196124 105983
1 121371 68926
1 139299 61255
1 13090 103540
1 18263 49843
1 140134 15095
1 180931 79608
1 193008 96998
1 109067 150424
1 145701 138273
1 165447 81303
1 64964 176354
1 34781 64188
1 192098 87516
1 87581 96074
1 80868 189778
1 170914 65536
1 49405 67770
1 104614 74447
1 66026 91090
1 92709 88155
1 92971 181186
1 110390 76277
1 141251 110771
1 142694 6294
1 190195 84911
1 190551 20511
1 175731 50426
1 95704 144528
1 94385 184560
1 161924 55366
1 73870 15200
1 54176 33402
1 7701 174824
1 150576 138934
1 90814 68114
1 86234 88282
1 21923 52014
1 108095 196879
1 170498 34736
1 132182 265
1 189619 110284
1 153289 93059
1 89899 141199
1 181589 49591
1 158960 99265
1 66269 60444
1 192926 187577
1 67598 195492
1 98715 70529
1 191930 113013
1 146839 161258
1 172590 76775
1 10055 60209
1 45717 136255
1 2915 185044
1 53073 65258
1 166877 25710
1 173143 194811
1 99299 79642
1 133644 138089
1 49943 177990
1 189854 199492
1 112654 25238
1 63717 8568
1 174855 179387
1 33850 140356
1 9581 141524
1 38743 30268
1 90383 72198
1 83824 90620
1 40223 28247
1 98769 14190
1 21097 114511
1 159993 128895
1 114708 156434
1 43382 187806
1 167518 113719
1 4481 45174
1 107348 174190
1 6044 188268
1 173201 73745
1 140714 115419
1 10936 1800
1 80207 101071
1 183091 134882
1 182473 142080
1 116333 121905
1 59917 162960
1 85070 25511
1 131942 37511
1 96822 92719
1 47114 118798
1 179965 106253
1 101758 151529
1 24105 75577
1 82348 63161
1 167344 156536
1 15298 82546
1 170479 39293
1 139405 9881
1 15787 31679
1 23703 172289
1 92167 22555
1 195902 36807
1 13061 63596
1 144918 15819
1 160577 23145
1 43072 57520
1 129580 1215
1 67467 2518
1 75205 148463
1 61259 177175
1 26013 111914
1 129336 24576
1 46732 619
1 56842 114322
1 153198 191508
1 170450 108152
1 127907 171724
1 17435 60426
1 68294 141912
1 57473 140226
1 11309 2873
1 49233 20861
1 3426 190725
1 184482 169781
1 108064 25225
1 51635 173438
1 400 107998
1 53254 112959
1 14917 118538
1 2749 52145
1 81589 77273
1 159346 131421
1 131642 121085
1 165660 187730
1 100937 59618
1 62368 167973
1 130482 178262
1 47284 24237
1 50008 187992
1 141178 106750
1 5425 3070
1 167964 55013
1 78337 35020
1 102180 128869
1 106707 140819
1 3166 74864
1 153080 69831
1 51440 20712
1 72580 148900
1 140345 45463
1 173062 104259
1 20649 107052
1 172743 104056
1 128289 92792
1 118214 132143
1 3788 10793
1 78386 175174
1 159036 45958
1 183080 85741
1 180424 124778
1 80558 126013
1 51621 185669
1 92783 116501
1 113988 68240
1 13369 20731
1 116395 72401
1 38709 40754
1 160471 160271
1 172773 131416
1 74449 150742
1 191908 164354
1 49807 155885
1 61529 66778
1 73101 72535
1 175420 111544
1 123564 141576
1 62413 116224
1 147403 157993
1 160018 57724
1 143524 144399
1 75792 75642
1 157353 97719
1 74701 150311
1 84383 89221
1 145796 69484
1 133499 137214
1 103145 53705
1 37755 179524
1 6751 43953
1 199110 54609
1 75830 166886
1 63111 54262
1 48170 192468
1 157959 174612
1 84248 40306
1 63498 166619
1 173635 35287
1 160492 74754
1 8583 4187
1 62971 17160
1 182044 1327
1 165463 84394
1 174670 39869
1 85448 120164
1 186172 12355
1 109152 18923
1 195214 109805
1 71442 10923
1 172347 70386
1 168017 38078
1 54139 19633
1 81325 174061
1 177736 158540
1 143658 169515
1 98011 46532
1 85730 148238
1 41125 139990
1 99997 111760
1 23628 191317
1 174191 25286
1 4711 2057
1 26066 21535
1 173244 162823
1 180932 55136
1 45305 182098
1 20130 144094
1 188913 62641
1 102981 2813
1 120792 183697
1 131229 70248
1 26561 163485
1 151565 138512
1 38038 5851
1 144582 132521
1 16153 24586
1 91367 118177
1 147290 168506
1 49940 108835
1 50424 63852
1 50965 95949
1 124188 128106
1 117745 157038
1 125939 8936
1 95499 131778
1 186603 122972
1 158589 19057
1 51952 38875
1 86899 30726
1 188137 40437
1 98185 69356
1 165357 89171
1 296 1455
1 2571 158542
1 43422 29105
1 165881 170962
1 115837 151978
1 46747 97780
1 52406 163300
1 174392 30416
1 134198 99190
1 67896 147047
1 190592 38080
1 164066 58360
1 4108 73575
1 108884 169373
1 94175 98579
1 24258 32936
1 70379 20262
1 49331 149438
1 74025 72255
1 73593 19891
1 169909 162158
1 92976 188967
1 136746 144761
1 826 168864
1 152511 143887
1 37753 61609
1 82208 23115
1 12941 171
1 43920 180013
1 3664 181386
1 25151 157140
1 36110 49793
1 137191 114047
1 43786 160385
1 47020 51973
1 68654 13638
1 154996 8851
1 118929 113980
1 73732 108005
1 186095 79633
1 32796 31942
1 186788 122715
1 133525 167116
1 80618 96428
1 139448 162062
1 173460 174004
1 51233 98281
1 105547 66519
1 7509 164978
1 78919 69327
1 190176 122301
1 161617 82244
1 130803 162575
1 174135 199209
1 41724 179935
1 66192 74650
1 52167 2387
1 121906 15796
1 38293 185017
1 193649 60980
1 20859 147395
1 131546 46675
1 5949 134536
1 36015 5921
1 176939 196087
1 164324 159136
1 75836 76702
1 195802 137764
1 196520 9243
1 87194 33128
1 165515 23585
1 81493 159603
1 166456 190958
1 111195 91436
1 106458 75595
1 176602 132090
1 117329 113860
1 36440 120160
1 100172 148393
1 68403 144407
1 195875 164870
1 132247 133037
1 47160 143519
1 173760 160094
1 12493 69167
1 52914 159921
1 185896 14881
1 195318 64405
1 166373 115406
1 30039 9403
1 167899 79545
1 11100 175030
1 52339 6089
1 162055 51346
1 89989 2502
1 126158 9394
1 191860 180694
1 181721 192237
1 183436 124281
1 96765 14890
1 44698 123842
1 22071 165882
1 135179 171544
1 23979 144950
1 197192 155309
1 39261 2970
1 112593 155517
1 73840 18209
1 188824 192201
1 33567 60513
1 68320 23061
1 197754 108713
1 85911 187872
1 61602 193049
1 169713 40292
1 132039 118401
1 162757 190158
1 158688 139645
1 75052 21566
1 3051 168337
1 146200 57345
1 168423 143360
1 184563 132109
1 27022 1202
1 103608 182974
1 186136 117958
1 80598 155728
1 20141 2548
1 137987 145820
1 54250 176232
1 151838 127511
1 89239 186330
1 24712 15369
1 91558 57330
1 9028 158410
1 16111 120027
1 58766 5763
1 97259 30566
1 156985 26466
1 11950 71841
1 124684 56414
1 15017 20920
1 147166 76333
1 82912 163468
1 26288 186242
1 127976 137042
1 10955 184396
1 123493 168622
1 112091 195308
1 168129 60751
1 149514 38262
1 90991 27022
1 123681 187498
1 142370 18242
1 112411 71668
1 70472 88359
1 97611 121250
1 169356 71471
1 147568 88165
1 41419 23272
1 103767 64010
1 8278 2895
1 110321 142265
1 31848 167475
1 173620 129839
1 102633 179854
1 109111 24888
1 132323 137889
1 153225 125872
1 51651 134798
1 129042 58171
1 145620 150971
1 143149 137602
1 60599 129572
1 99269 15023
1 93862 91072
1 133230 139115
1 18602 25816
1 68423 55767
1 24282 112931
1 1933 117769
1 6869 113063
1 147010 131721
1 98755 64588
1 138814 197835
1 151176 178050
1 8981 64430
1 98121 153237
1 130923 183733
1 32163 128718
1 87060 25285
1 171112 16588
1 134256 37599
1 92637 181540
1 88133 157086
1 113073 85430
1 2973 147252
1 189951 88336
1 66019 132513
1 51846 176264
1 198137 9141
1 65703 162004
1 39581 18183
1 184928 150573
1 151868 154293
1 180616 195685
1 151061 187677
1 176715 50437
1 133266 123676
1 173543 22571
1 195747 91078
1 176358 188131
1 122589 45094
1 167325 65283
1 33874 82680
1 119525 198796
1 165873 4132
1 118041 167870
1 58400 125884
1 176145 56124
1 114136 173432
1 163230 12834
1 5697 22128
1 156101 101410
1 51918 143835
1 142143 1574
1 30554 115335
1 158193 56609
1 181764 174680
1 83752 12151
1 49736 115461
1 189848 99280
1 1695 25744
1 163094 9144
1 114200 44230
1 148500 188345
1 43063 183863
1 52892 96572
1 194959 132214
1 172239 73884
1 14875 122643
1 5599 178188
1 99297 792
1 5961 117355
1 82570 114946
1 70168 43173
1 157052 12418
1 110423 61901
1 91705 36915
1 30486 130296
1 18877 165533
1 1505 196253
1 174482 60010
1 105851 88747
1 165815 120615
1 128545 151786
1 165617 55806
1 13373 28949
1 133553 58354
1 108136 185142
1 103143 119324
1 119205 60420
1 197094 83749
1 36506 84602
1 80954 107715
1 13521 140280
1 169733 10744
1 187439 126367
1 111904 105288
1 76275 93287
1 54257 82938
1 57330 192004
1 148233 111442
1 173714 149625
1 24641 134285
1 149380 170684
1 166612 40222
1 55046 69260
1 37951 97255
1 8537 53199
1 156695 17402
1 69246 57327
1 37162 72913
1 185399 26487
1 85338 106507
1 90684 171305
1 27318 66985
1 45500 29922
1 30810 72905
1 162838 2673
1 119497 115937
1 82454 26357
1 20168 149375
1 18804 139765
1 178238 46592
1 129035 165765
1 48522 118030
1 50839 174614
1 164836 43998
1 130673 183389
1 177911 103593
1 130830 101544
1 180989 124330
1 184821 138045
1 149084 164824
1 177024 104757
1 98817 55206
1 39382 138135
1 165628 143224
1 192808 42040
1 1115 21671
1 198249 149970
1 106122 144184
1 109842 87268
1 155689 146968
1 148949 10250
1 185007 62235
1 114656 156509
1 102463 187702
1 190550 171852
1 128200 51130
1 62986 178235
1 124450 124435
1 88892 132380
1 96358 122945
1 165719 174220
1 55759 59733
1 182571 1393
1 13135 879
1 179944 33297
1 127731 188151
1 92891 153589
1 46266 31193
1 127084 2558
1 124530 176773
1 122583 123911
1 5013 107622
1 138986 150525
1 117667 149793
1 40512 149371
1 182465 38546
1 191420 194282
1 46800 198403
1 30985 92247
1 90769 17069
1 32080 140629
1 159417 121074
1 145338 139926
1 5201 114011
1 93480 168645
1 160208 192078
1 92144 45351
1 177915 58387
1 198809 111346
1 53564 114697
1 166041 47469
1 103938 148450
1 39374 63176
1 141785 121703
1 156602 197758
1 71561 35944
1 121476 121321
1 31476 60035
1 51179 166374
1 86443 82008
1 8461 191338
1 115345 193931
1 52056 92067
1 167923 169531
1 129871 195154
1 180454 4992
1 3520 163944
1 140195 106091
1 4 187680
1 168223 79866
1 13816 154909
1 168879 175321
1 39674 114116
1 86683 129760
1 93159 138460
1 72320 83850
1 105107 199011
1 113771 21234
1 82440 45299
1 84980 71444
1 70532 133590
1 176408 65409
1 107565 137063
1 113243 2275
1 198167 426
1 157980 3251
1 5241 192492
1 65593 68728
1 92139 175199
1 100262 69890
1 42467 168560
1 144649 151783
1 108017 29226
1 13656 114748
1 133497 116048
1 99702 2838
1 48687 65589
1 69322 131971
1 146840 67295
1 97250 142275
1 32959 155164
1 49351 40908
1 198070 105508
1 197537 102653
1 11279 78065
1 152717 77473
1 185242 54043
1 86141 148520
1 94881 124599
1 32080 120929
1 182624 150577
1 100466 114683
1 159882 126248
1 137269 67709
1 121401 144650
1 7664 179075
1 108916 53936
1 160409 32571
1 132775 38460
1 23198 63968
1 122846 114674
1 61513 196469
1 19843 193171
1 69972 137412
1 171353 194944
1 76489 19289
1 20664 12174
1 134750 21050
1 73419 88933
1 100304 40936
1 161223 144287
1 86206 81755
1 193774 34782
1 63560 8121
1 73539 151533
1 101289 143640
1 137359 27802
1 173969 138869
1 141781 182995
1 199815 130549
1 56338 120255
1 10621 41115
1 118968 71903
1 1076 190794
1 185963 141798
1 19219 6972
1 68795 194262
1 53124 176258
1 130596 42652
1 14734 163198
1 199812 159021
1 161145 100894
1 46684 84642
1 61726 125275
1 117769 88976
1 115404 46513
1 51652 72747
1 85219 98080
1 63831 3101
1 198700 126948
1 179105 38883
1 33271 81201
1 11533 12712
1 33016 106546
1 24207 176164
1 21219 130370
1 37152 16438
1 96710 62698
1 33723 142401
1 140326 69661
1 11671 90052
1 11870 179314
1 69542 111101
1 193524 180321
1 50382 51135
1 90493 116992
1 161447 187282
1 7603 21822
1 98293 128524
1 106708 45857
1 142759 147565
1 123454 160252
1 77968 53568
1 195656 32244
1 129829 158959
1 199971 167796
1 23991 62886
1 30258 116142
1 65778 33260
1 42791 131284
1 16021 63102
1 27359 159958
1 72883 111021
1 93951 46877
1 47147 66490
1 148431 10376
1 189412 94192
1 129111 182502
1 88204 196289
1 16504 141108
1 168850 132004
1 147469 163480
1 77729 125103
1 42754 169693
1 124126 36784
1 114868 100017
1 79268 122257
1 3786 187165
1 77439 144939
1 191443 43140
1 144039 117675
1 116642 169886
1 143934 193700
1 13862 157302
1 115660 53427
1 158349 132705
1 57145 98905
1 81242 150336
1 129548 73877
1 172613 168377
1 174243 55362
1 84179 185522
1 160691 163184
1 30903 93710
1 126721 23237
1 167720 135788
1 80416 153302
1 187587 40989
1 107180 36993
1 68196 7269
1 22087 196941
1 167231 114164
1 26836 85318
1 134980 146022
1 197425 38674
1 155827 12153
1 7417 56920
1 3261 35277
1 68601 28179
1 111901 38818
1 35954 97650
1 123637 17613
1 140367 57267
1 43692 163899
1 51752 30463
1 161031 175786
1 127863 14472
1 119815 108133
1 18969 178977
1 139075 165632
1 92808 23134
1 14661 48980
1 88856 13164
1 192745 132859
1 24111 91699
1 8564 17935
1 108745 188650
1 86707 123486
1 56876 175546
1 35669 198065
1 106344 21335
1 166346 72383
1 167762 119131
1 19292 53548
1 163009 182820
1 197965 15367
1 101961 196463
1 193714 113347
1 106999 187062
1 39312 80692
1 14477 62343
1 140341 19469
1 59840 169510
1 39449 141529
1 62191 157028
1 127413 66999
1 72741 147200
1 119906 171162
1 144017 81214
1 144246 114049
1 106244 76486
1 156124 162547
1 156140 136319
1 173427 64382
1 120463 136749
1 616 96880
1 24331 182919
1 101399 43414
1 115917 160156
1 163231 106548
1 111887 20072
1 173252 2629
1 167062 154994
1 45385 193845
1 111276 69098
1 87438 179803
1 90202 47552
1 199399 118076
1 80424 104582
1 196222 127484
1 170393 88777
1 193772 110567
1 110561 153836
1 89810 28000
1 131561 122823
1 196221 88040
1 112646 106559
1 53562 108051
1 123893 91046
1 168054 18438
1 133082 45141
1 161883 21428
1 117242 111048
1 183079 177369
1 112311 34170
1 28493 40823
1 147338 118530
1 83217 22416
1 77958 94061
1 152991 97829
1 122444 91932
1 126700 52333
1 5770 53536
1 104592 168024
1 173624 176403
1 179554 162502
1 98709 2938
1 194581 196802
1 104029 89625
1 50067 108099
1 192335 58773
1 159640 96997
1 196893 150289
1 158609 89892
1 71220 31618
1 141173 24219
1 126126 94421
1 75875 127803
1 114772 48195
1 17597 98445
1 60760 171058
1 148804 12460
1 191955 154830
1 185333 85246
1 53564 57128
1 82403 195442
1 70569 34703
1 104021 192639
1 37321 80685
1 159715 164252
1 97825 104868
1 178380 69178
1 87238 79721
1 139162 195465
1 130652 34080
1 185465 2730
1 108557 170873
1 140180 175730
1 102733 110667
1 104561 7136
1 53004 59759
1 15311 23198
1 64572 9054
1 194430 188861
1 18373 123534
1 50879 160429
1 106054 41866
1 10076 118524
1 16461 136784
1 81034 52369
1 6489 83056
1 128893 16359
1 123535 5858
1 87434 58254
1 150587 147880
1 124100 59679
1 108424 118437
1 61904 65919
1 63234 115772
1 61259 29143
1 195722 47405
1 166685 185298
1 107418 157676
1 136030 46296
1 118652 183491
1 185642 3593
1 121477 110954
1 28287 51708
1 146326 156260
1 145567 104569
1 87252 78621
1 61283 199220
1 166183 83074
1 98525 142989
1 58289 41952
1 129458 50309
1 24848 147265
1 62774 41346
1 12311 34178
1 181449 168709
1 43145 101177
1 113266 142186
1 19670 153286
1 111738 127969
1 76185 84344
1 102474 154603
1 106258 123363
1 190984 145368
1 62176 109183
1 191535 99007
1 17922 44227
1 36973 113534
1 199439 180482
1 27266 35380
1 138611 27205
1 70358 26492
1 79404 6570
1 42714 11371
1 139141 154237
1 167459 118605
1 184401 10069
1 98564 51420
1 190507 96689
1 115178 73409
1 117676 111059
1 149628 13262
1 30381 44828
1 193011 25211
1 179007 197032
1 183 172513
1 84712 28972
1 128508 74805
1 133087 16271
1 172507 127110
1 120586 35334
1 74100 153657
1 164342 38387
1 56963 92035
1 119320 2367
1 133697 162215
1 183363 184502
1 182974 70642
1 148138 120035
1 14141 54580
1 37207 11372
1 130959 198657
1 73452 52592
1 23347 151976
1 47064 181343
1 182316 24689
1 83869 108441
1 85220 126877
1 18368 28555
1 108161 139161
1 45201 190918
1 175430 144452
1 192605 144481
1 82925 26659
1 85745 113168
1 42626 122721
1 104657 32965
1 138881 7116
1 199031 173896
1 125427 180556
1 124753 112018
1 58630 89318
1 114037 102255
1 159212 64177
1 73831 110483
1 8758 154839
1 183886 129277
1 171056 43791
1 42290 80970
1 150399 10905
1 6905 118748
1 150458 115322
1 101091 9964
1 158278 71929
1 179395 118444
1 34037 133658
1 26624 159265
1 47264 60635
1 22859 75263
1 77058 125996
1 92131 133894
1 144408 75379
1 73414 144860
1 182136 105919
1 198969 136108
1 116462 79371
1 34491 173630
1 108061 182902
1 146886 47768
1 100436 134210
1 96326 53844
1 115760 135243
1 26077 77955
1 39986 37128
1 93336 159233
1 82657 156232
1 106603 135193
1 40353 114405
1 147827 175900
1 70228 146125
1 144299 194236
1 946 123186
1 47023 145007
1 11108 150223
1 49905 112769
1 165350 112541
1 124538 152761
1 112796 71253
1 1442 84336
1 9588 78823
1 74833 185390
1 27774 146427
1 179960 58502
1 33993 31015
1 58827 57395
1 29694 138801
1 21376 23540
1 166721 4294
1 114253 154917
1 93766 183675
1 18270 94175
1 179569 102467
1 48469 192466
1 194610 125872
1 59782 40096
1 41247 119343
1 126385 182716
1 100499 41150
1 6082 160772
1 6278 44399
1 66375 9180
1 114990 64738
1 150448 84619
1 77589 157567
1 197069 193050
1 95867 9075
1 112131 683
1 188463 33388
1 11984 147927
1 115433 81494
1 100352 139788
1 35178 106327
1 158959 135078
1 184535 151304
1 178945 159691
1 132818 185207
1 66846 142796
1 159450 101146
1 13939 152826
1 108709 192277
1 66790 184262
1 2876 11246
1 106393 139100
1 119575 86863
1 26210 127105
1 106041 121917
1 171337 79851
1 191629 59672
1 70210 5025
1 71042 48915
1 16556 144724
1 15716 90933
1 166090 87677
1 33724 185679
1 157185 38200
1 62378 139903
1 58066 140575
1 188416 191398
1 183064 100778
1 100385 90854
1 186885 185991
1 75547 46687
1 177049 162998
1 158273 87274
1 182691 95463
1 65549 33494
1 163132 123926
1 22837 32929
1 190273 11558
1 99083 36986
1 152017 162429
1 36123 117623
1 178503 194719
1 9727 13073
1 31480 183438
1 42054 84519
1 75759 105889
1 106822 84338
1 18408 88291
1 65213 49796
1 85322 164527
1 118703 74056
1 198442 52809
1 110076 102005
1 46525 98943
1 4800 9235
1 131292 119617
1 58544 147571
1 121726 119165
1 151218 23080
1 185329 66815
1 65661 82891
1 39129 64456
1 15986 9198
1 188077 199660
1 112377 106912
1 74159 34097
1 38880 187746
1 81580 158310
1 157681 69480
1 142324 78273
1 81810 194962
1 55066 4477
1 4897 87788
1 172078 52146
1 107728 33635
1 163450 137653
1 93886 119690
1 158779 31155
1 86999 85645
1 78881 108233
1 54382 148724
1 168842 117350
1 65817 122460
1 34234 71140
1 106764 143537
1 40734 34723
1 70137 185775
1 85315 55144
1 144103 149977
1 128657 70645
1 17617 46010
1 116940 152041
1 70210 134044
1 149773 17306
1 109102 39942
1 121469 72689
1 165907 91961
1 9810 187525
1 189841 178925
1 63246 4219
1 108358 180233
1 162101 184542
1 31789 12193
1 123726 34490
1 178169 93556
1 82077 161854
1 195438 5285
1 28255 115026
1 40000 140088
1 87686 54965
1 134510 60624
1 64439 64796
1 171296 48743
1 153665 51783
1 40256 163407
1 92638 10404
1 65494 129832
1 177136 6504
1 183783 74913
1 37557 125676
1 24016 86515
1 178571 90950
1 44318 32219
1 59179 65192
1 148336 185879
1 172704 30717
1 73552 194020
1 182919 79170
1 149390 118518
1 51981 150754
1 136350 11640
1 107940 195222
1 15412 31814
1 87686 171771
1 54878 54183
1 60142 186997
1 78242 168655
1 5843 42563
1 107481 157077
1 6888 147428
1 64330 152753
1 18833 91241
1 18954 17402
1 157031 80924
1 32596 132702
1 173806 71696
1 158372 136993
1 129558 189897
1 196825 100762
1 162800 69967
1 82443 92395
1 127858 10957
1 26025 159872
1 101805 190896
1 53847 170443
1 20237 88765
1 4295 157502
1 122514 153906
1 65431 148874
1 83533 52960
1 79146 163158
1 20126 69769
1 189641 164354
1 84525 97270
1 47548 6621
1 150182 65242
1 145317 42661
1 35001 69677
1 156381 40958
1 116433 137858
1 148945 134069
1 22483 38379
1 191582 188534
1 193947 94735
1 172 197707
1 151283 12745
1 90824 120023
1 159316 32771
1 38214 40275
1 162848 131027
1 174101 42696
1 199840 17366
1 198436 94860
1 61434 161292
1 98292 123905
1 128246 71731
1 47230 169547
1 146162 173862
1 71368 90769
1 177827 183800
1 87299 11063
1 85263 1996
1 95911 75225
1 158343 40376
1 13202 38283
1 79785 31387
1 33309 45457
1 144597 8058
1 53312 44889
1 155759 113762
1 28072 80128
1 54037 119930
1 161751 193220
1 88034 12391
1 180156 158854
1 142308 23909
1 93587 193540
1 162137 74083
1 142846 32020
1 115888 79903
1 99173 99236
1 37310 191555
1 48139 192240
1 100926 192063
1 158130 37444
1 144590 8039
1 23665 149300
1 91622 71631
1 55442 190553
1 62939 142309
1 56754 88718
1 107092 54607
1 190740 20843
1 69259 147717
1 93318 13824
1 37319 127281
1 88823 47380
1 32088 101253
1 88407 91423
1 97172 157980
1 58545 102533
1 20368 33108
1 199237 10517
1 89889 86379
1 107114 90627
1 87188 46361
1 66914 57697
1 57644 60653
1 138431 137763
1 28956 60395
1 54582 67860
1 34820 25509
1 176065 134996
1 58543 1560
1 52858 177108
1 126412 37705
1 131061 33108
1 4845 153376
1 13214 176539
1 171326 62149
1 6612 181751
1 64647 167801
1 156677 59767
1 116580 126903
1 13835 194022
1 88963 123916
1 6726 3401
1 155038 102323
1 130874 74332
1 49915 41908
1 105323 78024
1 34849 153599
1 103095 14121
1 163676 106436
1 9139 23742
1 140468 34005
1 193866 182064
1 6122 4095
1 9682 115848
1 106612 70246
1 31408 140714
1 146169 124960
1 148526 198168
1 80271 143507
1 7514 69347
1 61235 102098
1 196962 138292
1 91018 181876
1 42478 108795
1 8599 133431
1 187581 7157
1 131773 73812
1 197251 60133
1 149558 40099
1 67393 39051
1 88787 107377
1 51878 120233
1 18358 35551
1 89447 62710
1 125965 13758
1 191194 125859
1 77905 53865
1 139351 67469
1 60798 16931
1 66898 73987
1 109332 195505
1 33267 127994
1 58511 20153
1 193527 2189
1 118435 112219
1 36107 53241
1 44538 123984
1 55526 9241
1 100721 6146
1 6824 135390
1 31057 146603
1 143729 99154
1 83531 145713
1 65155 150606
1 155318 119169
1 14811 199289
1 1740 88106
1 108557 77443
1 22691 120636
1 172383 192353
1 143208 191649
1 73895 60106
1 47137 172988
1 109672 167027
1 170148 107008
1 145321 37767
1 161811 32531
1 37911 132457
1 196634 104611
1 1501 121517
1 102442 108552
1 90754 52373
1 187191 51227
1 133891 130825
1 119152 61718
1 131442 195417
1 162495 34669
1 157709 1910
1 181120 15020
1 106658 68654
1 169541 27857
1 38307 19368
1 149706 65068
1 63877 34912
1 19958 106486
1 170974 77092
1 77522 78511
1 110334 124814
1 139533 49275
1 78478 183427
1 187440 109566
1 116712 142061
1 156318 57141
1 95990 107509
1 143 59032
1 62158 48772
1 179086 181102
1 152845 8826
1 147952 134320
1 180658 185647
1 63766 147362
1 88125 41897
1 103142 132718
1 124680 34846
1 113670 9858
1 170981 156779
1 141849 191532
1 124857 183700
1 143038 110131
1 155865 133118
1 99078 35128
1 169891 56555
1 161076 135630
1 160671 27893
1 92731 98007
1 127446 34957
1 40308 180064
1 183218 164341
1 120157 124286
1 70487 117499
1 122969 125417
1 185921 97207
1 24996 165848
1 52638 98376
1 84695 66783
1 100718 136459
1 55196 197957
1 73690 2140
1 72626 4842
1 175761 25873
1 166436 121303
1 174057 128179
1 101446 18855
1 31733 175679
1 33265 144982
1 83683 82462
1 79359 165543
1 13912 173601
1 141833 10555
1 185486 3711
1 66272 172015
1 136430 34450
1 146954 191798
1 70057 190799
1 1663 172024
1 139228 106949
1 49187 165034
1 61284 136538
1 9157 51247
1 62079 139137
1 11224 57390
1 155236 21759
1 114544 164596
1 194212 73502
1 137280 46348
1 16770 50546
1 114515 84189
1 143632 64268
1 169032 184260
1 35338 132924
1 27858 25522
1 57015 163339
1 193520 18312
1 171390 123127
1 108457 198448
1 166087 171697
1 130571 68735
1 125523 98133
1 181476 83209
1 9757 36969
1 1281 71364
1 124017 161689
1 41958 9056
1 137164 134577
1 71886 120230
1 13557 50010
1 1956 153615
1 167515 82137
1 196418 186151
1 66032 126277
1 142889 124195
1 45381 65480
1 80833 54656
1 130471 133530
1 64531 140125
1 94777 182521
1 112259 12826
1 112467 161516
1 131218 157425
1 187354 189880
1 129300 153492
1 146657 160099
1 103149 163720
1 62911 37160
1 21011 35329
1 170161 165755
1 84735 137599
1 163698 33022
1 61236 10473
1 103960 139588
1 10996 16424
1 82610 181253
1 154111 142022
1 144480 57314
1 4239 78342
1 105523 79322
1 73553 132102
1 65990 58253
1 61349 93588
1 91931 111152
1 45465 13326
1 59833 107408
1 75233 37373
1 16389 110347
1 16602 2674
1 30367 91660
1 81280 179810
1 148672 31175
1 15405 170304
1 182097 58740
1 114453 178714
1 94158 132304
1 33854 77493
1 9564 72721
1 178692 132715
1 14567 170920
1 72653 95492
1 55040 130941
1 67080 147796
1 39926 83175
1 1772 187604
1 159987 131050
1 182191 83332
1 118041 2933
1 101125 111937
1 67357 193242
1 154075 182882
1 483 186768
1 127955 195736
1 192028 82086
1 23681 181637
1 48220 117578
1 89958 118557
1 12415 175994
1 53292 155068
1 27006 194953
1 51042 182151
1 105548 122902
1 60409 136965
1 103927 27783
1 71935 127040
1 151549 45644
1 123098 160152
1 146347 174418
1 102280 184295
1 26108 174854
1 185622 32603
1 101745 156876
1 90398 146832
1 121453 139583
1 109701 52973
1 17427 178410
1 114868 111489
1 63651 26951
1 127958 97438
1 40593 759
1 7570 101749
1 113063 80770
1 11 129139
1 108637 106768
1 166037 151451
1 12151 103271
1 2233 127460
1 23070 16807
1 95659 62422
1 110082 57668
1 153674 122912
1 184176 18434
1 184730 133564
1 14831 75382
1 156925 148102
1 34720 126460
1 181432 32025
1 179157 106547
1 127332 89003
1 93746 98881
1 40369 160299
1 17410 129155
1 20003 90201
1 47324 108947
1 57478 113445
1 74551 120512
1 66741 56012
1 146250 34121
1 94731 123439
1 181416 33692
1 16040 30773
1 183963 96141
1 181863 5603
1 85119 127705
1 175389 74809
1 181472 82204
1 44822 68239
1 186647 170896
1 44171 133553
1 120930 103816
1 154151 32183
1 55683 4332
1 101692 197865
1 78683 196343
1 158080 186578
1 75207 28526
1 55693 75491
1 66746 146339
1 140824 125963
1 135835 53354
1 32496 104596
1 95521 60378
1 76858 85376
1 131117 1479
1 75819 181220
1 143656 169597
1 113926 73668
1 76510 1728
1 103704 169712
1 29594 40835
1 163825 140638
1 179843 84071
1 12517 36873
1 79541 86070
1 61186 7177
1 194915 76255
1 190547 26164
1 52653 59251
1 17046 15157
1 24445 104031
1 95737 168490
1 143655 162540
1 8795 152323
1 161089 38004
1 161089 122328
1 151616 48167
1 69718 53066
1 127188 184446
1 197544 143582
1 124037 171838
1 103135 198166
1 49742 107696
1 81215 18386
1 96122 184734
1 23649 174054
1 174846 149778
1 180782 14140
1 17366 29259
1 91229 172396
1 145827 42368
1 171950 103001
1 119235 187865
1 48551 132495
1 36914 149674
1 157837 107418
1 53537 26546
1 188005 122986
1 159701 58516
1 92268 36965
1 167106 118677
1 117909 34699
1 145832 15254
1 24066 154385
1 120365 47891
1 2822 60407
1 176956 48923
1 9113 120236
1 152157 196178
1 33051 162275
1 171862 174948
1 100493 38774
1 103042 159116
1 126477 181499
1 131887 56453
1 50322 24037
1 126204 29582
1 168424 62557
1 27891 81636
1 171949 185953
1 85093 178684
1 18700 91613
1 16197 192255
1 139896 170312
1 57286 32329
1 146027 60416
1 34295 121444
1 139297 77865
1 153822 51778
1 55311 91843
1 96852 87161
1 11561 74122
1 184033 191874
1 101523 183699
1 32024 133236
1 7975 137957
1 189301 126973
1 171560 80661
1 182452 75810
1 192516 28709
1 180341 136248
1 115664 49182
1 128206 139618
1 102399 55915
1 96815 166285
1 180707 29369
1 112765 76841
1 31144 92429
1 164456 32873
1 99790 146278
1 101390 34174
1 52263 18836
1 199445 50191
1 182801 75479
1 77892 194877
1 22197 149499
1 181154 8149
1 59199 5299
1 76305 157142
1 2527 44917
1 106861 112292
1 119553 56470
1 81120 31245
1 179145 72486
1 184329 179387
1 133969 19469
1 55118 20281
1 113766 135206
1 130749 46443
1 151681 54364
1 16426 195144
1 43523 136771
1 94085 71769
1 61619 53497
1 21434 8695
1 59003 91390
1 41998 24641
1 4448 23440
1 147064 80348
1 124610 62731
1 49404 126192
1 198484 15680
1 108174 19615
1 198556 170260
1 108454 84679
1 68590 10395
1 194400 22266
1 74789 193588
1 107543 22972
1 135011 158055
1 104001 28734
1 90953 74686
1 147468 63642
1 135545 93857
1 133306 82640
1 180876 56374
1 41210 45503
1 24782 195383
1 34888 162918
1 160961 9172
1 15175 22812
1 124177 184972
1 101661 29708
1 25748 17863
1 80398 194550
1 9030 20406
1 144412 178404
1 64771 113326
1 95647 18281
1 175748 75521
1 114848 197087
1 1054 64926
1 138874 150881
1 10425 58155
1 105844 116615
1 107213 59745
1 33369 83745
1 118562 177191
1 167129 153079
1 192776 1842
1 112741 106559
1 65941 18653
1 147717 113438
1 91807 107396
1 91197 112164
1 176505 54630
1 7841 197314
1 98674 149051
1 137717 16462
1 14411 158291
1 129352 178170
1 112759 49136
1 82963 136528
1 31641 38181
1 150029 154033
1 79161 72432
1 166673 119054
1 12040 125716
1 51764 190375
1 124374 167995
1 43360 167556
1 187536 5258
1 57397 116017
1 123774 101894
1 191457 181438
1 152572 57511
1 57790 14006
1 174521 59579
1 89645 143135
1 107821 148541
1 118320 106290
1 87583 25526
1 22220 91164
1 25815 58196
1 33119 85238
1 80223 40328
1 12543 125504
1 187392 2789
1 2197 110628
1 21435 123894
1 110777 38633
1 75526 130784
1 10958 131253
1 151689 44665
1 20191 166407
1 16984 50088
1 28986 90164
1 144178 27262
1 103309 123105
1 27897 147603
1 105280 170946
1 153588 79269
1 49555 96466
1 167683 82605
1 33464 5714
1 48225 181316
1 4146 33606
1 138080 163445
1 35374 69357
1 116320 87843
1 75618 76800
1 20816 59741
1 91364 84205
1 121257 182399
1 90061 96725
1 1128 165323
1 26254 96388
1 136971 192329
1 29715 98160
1 121103 14492
1 51158 161909
1 2664 132454
1 62022 8398
1 3073 33822
1 100312 187159
1 182453 136367
1 140589 15234
1 109838 47188
1 63269 177495
1 31677 125425
1 44675 94896
1 162266 78452
1 43202 25012
1 117213 30508
1 152823 85779
1 3165 104490
1 197352 59395
1 126600 151894
1 102380 97145
1 45730 152340
1 62787 124267
1 87362 37591
1 36280 37188
1 134154 1861
1 36085 17192
1 31526 164045
1 12263 133225
1 176264 88517
1 85459 78474
2 82291
3
