200000
1 197293 117999
1 23956 136100
1 52400 11455
1 42225 151325
2 16519
2 43419
1 71405 129020
1 154800 168135
1 3901 163329
1 198430 37760
1 147977 51715
1 176991 139530
1 11766 18492
1 16972 191679
1 88433 177562
1 80011 46439
1 88009 43270
1 67726 168086
1 130125 175447
1 76873 5702
1 111593 98641
1 172019 86837
1 95294 164194
1 159872 85824
1 104321 178015
2 115805
1 154377 93271
1 183994 143724
1 48969 153134
1 115315 162817
2 39350
1 81396 182734
1 46648 48900
2 154939
1 167786 14774
1 192269 130353
1 103479 74608
1 92347 42164
1 123957 54958
1 15828 185197
1 192050 160759
1 170265 190409
1 28948 122798
1 159319 81078
2 78169
1 80251 64455
1 100249 182542
1 159700 103466
1 43536 195725
1 120688 9893
1 150971 188987
1 61655 24667
1 97907 123457
1 7278 158025
1 43428 119818
2 151532
1 124565 166563
1 176548 85467
1 80631 117772
1 147713 176658
1 185836 155808
1 177816 55153
1 86586 172446
1 53665 127454
1 1025 34528
1 186657 55678
1 104629 68984
1 157642 38263
1 85914 117835
1 135957 44772
1 25989 197037
1 42590 74713
1 785 48254
1 17536 66968
2 81120
1 79117 172273
1 181837 14804
1 17906 130528
2 168445
1 188985 107147
1 90955 158661
1 123381 175397
1 174504 88223
1 88441 71067
2 163000
1 60633 135478
1 1856 17491
1 13218 24680
1 189765 112805
1 59355 111738
1 49474 183980
1 158782 149981
1 87543 114483
2 14568
1 120590 62140
2 5642
1 173346 52267
1 55125 179971
1 64967 71358
2 113380
1 86861 152695
1 96195 151443
2 163903
2 128629
1 168307 134485
2 72782
1 98988 192329
1 75945 26512
1 58722 13071
1 180487 26382
1 4234 52136
1 43678 30757
1 15461 164066
1 37569 25042
1 39560 177330
2 37951
1 182357 78711
1 30455 96921
1 36526 92034
1 160705 81411
1 139934 130079
1 195849 161950
1 138169 151305
1 165227 150964
1 96269 195225
1 40087 48052
1 128165 26594
1 116720 71919
1 35710 68178
1 152671 152338
1 88393 125062
2 167800
1 42627 104546
1 129973 50833
2 7111
1 84962 14646
2 145310
2 109627
1 36324 55314
1 91064 112307
1 139513 108402
1 148520 41634
1 58784 156475
1 24409 130697
2 68723
1 84178 133436
1 133307 152627
1 23101 145316
1 8656 33863
1 50429 159453
1 138575 86201
1 99593 138
1 87131 127407
1 40841 158402
1 141184 84006
1 47249 116140
1 164171 67573
1 133728 121369
1 94569 102399
1 151705 178146
1 164163 194361
1 195713 2307
1 59545 170270
1 164217 162487
1 139229 32944
1 188989 45844
1 50706 20273
1 39452 184297
1 146790 128737
1 68473 16406
1 190861 76601
1 89347 132075
1 41310 160744
1 179569 3908
1 100274 76749
1 111681 105188
1 112379 65653
1 196978 113105
1 34211 198230
1 84479 102640
1 145701 113164
1 123613 43937
2 45040
1 182845 59512
1 117294 171386
1 75661 47145
1 36728 50402
1 183581 167227
1 93076 114953
1 122996 66784
1 64570 101426
1 110120 177326
1 162971 158105
1 44612 72990
1 196508 116113
1 159899 23751
1 18583 22625
1 155558 61527
1 171406 149152
1 14437 122003
1 41202 56655
1 22452 40144
2 91540
1 29041 78956
1 85288 60714
1 22294 106813
2 198374
1 136032 79573
1 88918 38770
1 178260 130671
1 146813 113827
1 129243 119117
1 35145 183541
1 8008 132288
1 116833 20762
1 51610 87800
1 85798 70624
1 198622 83650
1 135717 85636
1 55429 151175
1 165405 141333
2 119365
1 104946 123634
1 35740 96885
1 27237 181809
1 184490 86564
1 97564 147207
1 105162 147322
1 100224 185212
1 146310 175058
1 12767 5236
1 145304 19543
2 42570
1 16288 91168
1 156044 28340
1 177205 150248
1 72269 58185
1 134893 98007
1 4804 132428
1 18126 130291
1 63481 47540
1 65728 142748
2 85280
1 59443 16691
1 182565 139160
1 32921 73843
1 95928 136164
1 11336 5193
1 59726 101736
1 143635 42964
1 115975 96103
1 26172 165481
1 186857 65468
2 168949
1 18333 27006
1 185282 111832
1 105156 150385
1 1838 171045
1 14301 97700
1 3390 123
1 75831 133012
2 125803
1 22963 116369
1 2955 185881
1 152200 50840
2 170984
1 21789 133237
1 58641 105676
1 26606 47128
1 93935 24204
2 46866
1 96911 111462
1 175628 158687
2 93191
1 37879 47948
1 74000 185384
2 193992
1 88853 82175
1 164736 143157
1 124466 50026
2 3637
1 197666 183763
1 107937 2315
1 38626 108159
1 53902 103605
1 14972 144111
1 106994 26510
1 74620 176965
1 137315 31349
1 76258 110610
1 159092 195558
2 98693
1 51964 54580
1 104669 153704
1 79393 49443
1 64743 63387
2 82639
2 116604
1 155668 87993
1 13392 68544
2 53197
1 187164 158007
1 33492 113697
2 111881
1 34109 139822
1 128198 114965
1 152099 150109
1 23593 179884
1 59522 73809
1 70318 68513
1 84508 679
1 186338 113481
1 121005 172070
1 3985 181787
1 132159 171000
2 165121
1 66268 125521
2 91176
1 129234 61525
1 99814 4436
1 160570 132324
1 63088 196486
1 17032 167251
1 43742 58005
1 5043 172843
2 103900
1 24921 120822
1 21956 52768
1 189060 165681
1 146461 195690
1 56839 53061
1 192309 73471
2 84257
2 82943
1 69862 131819
1 122772 136031
1 129379 55949
1 119430 89470
1 26931 148127
1 132918 38752
1 157384 147296
1 10211 179942
1 86150 78340
1 112947 51531
1 188414 100109
1 50192 134496
1 149482 10089
2 184005
1 199959 102569
1 68242 62100
1 120160 18940
1 92758 168474
1 190753 93825
1 142181 29542
1 38685 47663
1 46283 7510
1 44057 1425
2 46846
1 162282 101820
1 77595 68825
1 198730 116069
1 60953 149850
1 71226 116107
1 175050 187546
1 142485 67740
1 910 140107
1 113317 169743
1 26245 35703
1 135131 99979
1 87090 92792
2 10191
1 96411 104784
1 12577 97273
1 12915 45236
1 7711 89200
1 70103 152292
1 51462 30049
1 130636 172919
1 18133 92499
1 27585 79726
1 101800 76506
1 120266 196177
2 33687
1 9208 150297
1 67329 65300
1 98143 98691
1 30057 97216
1 84870 97585
1 71233 81998
2 133063
1 11565 146097
2 96623
1 196845 194649
1 126157 188298
1 198060 136607
2 127850
1 91947 195208
1 96147 187067
1 144751 41583
1 26233 48545
1 122452 184016
1 67241 180535
1 128276 157206
1 173233 42858
1 16175 104167
1 188716 158037
1 196233 143132
1 28414 101921
1 173510 107650
1 23567 134299
1 183332 165649
1 51532 163926
1 34009 199212
1 22555 1348
1 175854 171161
1 183389 12176
1 45530 164546
1 101034 144575
1 181154 6188
1 181641 19015
1 121328 67574
1 125166 24815
2 101427
2 80722
1 32231 127356
1 166478 76453
1 62122 38125
1 153013 90991
1 163026 8077
2 33444
1 133428 95740
1 14448 146047
1 162986 6493
1 144579 67814
1 169275 17571
1 177666 65339
1 94054 82383
1 140034 23574
1 127421 198610
1 182267 197765
1 51734 49063
1 120741 186953
1 99790 62833
1 171154 195150
1 6213 197205
1 194699 166762
1 64471 131226
1 170989 153752
1 125912 68414
1 172805 143541
1 78931 119003
1 72619 66428
2 121091
1 152131 119004
2 93122
2 47352
1 174747 99622
1 156113 15129
2 110026
1 122814 151735
1 133811 116612
1 106375 46175
1 147254 37438
1 176345 175164
1 150863 1630
1 112527 139679
1 10979 123802
1 80133 142187
1 109313 61397
1 78586 119959
1 191964 3574
1 76965 76453
1 171337 92107
1 101336 194849
1 193913 97309
1 156884 2588
1 123000 90452
1 36587 118954
1 80358 112205
1 20380 32795
1 33012 18234
2 35564
1 10786 90018
1 61236 124289
1 86057 165303
1 132275 46788
1 129693 67009
1 86090 27382
1 137772 68111
1 184405 122322
1 113455 94956
1 74498 102436
1 94088 13661
1 76364 125481
1 16571 142429
1 150966 169385
1 137 146712
1 99979 60241
1 29779 13094
1 179220 15636
1 40558 147146
1 126362 86148
1 72194 135530
1 129950 53356
1 116521 39439
1 87317 40753
1 192517 71904
1 92392 61032
1 84449 144987
1 34412 71034
1 53387 138581
1 126623 177079
1 6833 150195
1 18915 159927
1 29114 33384
2 54143
1 2914 159975
1 184843 149778
1 199114 144555
1 40567 120793
2 3328
2 149443
2 71653
1 26301 171691
1 129948 165461
1 187874 35145
2 162083
1 141397 15599
1 88068 2133
1 161982 119362
1 24061 193473
2 84885
1 13582 72865
1 24620 199969
1 10509 128741
1 175636 63816
1 119504 181671
1 149750 52136
1 136962 83745
2 187516
1 104529 60827
1 19545 513
1 36263 22522
1 162841 129551
1 136246 91265
1 33734 147350
1 73272 181874
1 118011 185584
2 34396
1 154247 101118
1 49483 118921
1 37982 83748
1 128507 36310
1 183851 131431
1 155294 108554
1 92898 167749
1 35478 181905
1 122232 106652
1 4569 49663
1 4058 90819
1 17929 31368
1 171243 123435
1 149784 87423
1 40381 86519
1 159706 37967
2 187538
1 164335 30828
1 160766 193364
1 138070 163716
2 125546
1 731 22898
1 108839 103140
1 168168 162658
1 75446 127415
2 40477
1 24026 76835
1 35244 58203
1 137939 78429
1 141586 13821
2 48539
1 48300 112675
1 69868 161713
1 167051 75196
1 100085 153148
1 23545 50175
1 133638 182684
1 64656 11798
1 183361 52562
1 72765 126189
1 49057 43795
1 94099 148265
1 80301 87463
1 123887 35054
1 111741 65031
1 1810 141584
1 8818 65975
1 43067 33816
1 19312 133025
1 119236 96763
1 16989 186163
1 136256 131351
1 45343 193978
1 53202 145454
1 72081 15232
1 14351 173798
2 188999
1 189070 7896
1 109817 177732
1 126254 105393
1 136690 45625
1 101103 147815
1 163460 70399
2 139058
1 85588 195696
1 156128 157326
1 158344 158567
1 132874 89044
1 122643 172772
1 51863 186561
1 106065 63305
2 184347
1 99797 136354
1 119886 144160
1 12670 196706
1 172786 144706
1 158612 176676
1 55250 22030
1 182442 142709
2 124545
1 45169 97044
1 83434 151514
1 53013 56383
1 113979 27191
1 167026 87571
1 124515 183343
1 35713 101063
2 75695
1 82332 1096
2 163417
1 177452 144129
1 96190 174661
1 108462 155009
2 106959
1 7903 186049
1 90476 191573
1 97309 13104
1 199642 115341
1 142655 184625
1 172381 160689
1 180746 165912
1 52024 152719
1 34444 82326
1 115167 126827
1 33788 176758
1 85939 90454
1 60502 156762
1 40318 137615
1 9392 69106
1 10607 18202
1 108129 186429
1 30103 160607
1 25556 148548
1 78628 175813
1 86440 136468
2 82781
1 138419 67850
1 103609 10142
1 71061 12182
1 25298 176532
1 137074 32363
1 8237 28860
1 27352 60493
1 21008 191896
2 179312
1 47988 65912
1 120302 4733
1 89280 178862
1 22785 52119
1 140725 21544
1 149876 78696
1 125115 19874
1 161044 53863
1 38042 147325
1 6724 127701
1 184825 62744
1 23580 188853
1 68054 173229
1 175425 162256
1 52549 106350
1 146309 77544
1 97517 140961
1 128449 63868
1 60288 96632
2 34033
1 57135 74746
1 189439 176656
1 53842 33245
1 91880 175925
1 135555 143084
1 46953 176365
1 189358 106213
1 25507 153753
1 105544 77571
1 93894 110666
1 58473 102451
1 60874 82522
1 125928 50005
1 116715 23757
1 86968 150070
1 113769 191593
2 123011
1 31649 30207
1 153291 11333
1 181749 111651
1 89082 33323
1 118499 28798
1 38658 70380
1 137119 137837
2 54942
1 149944 31286
1 88469 100551
1 53072 109040
1 31777 142070
1 157860 122148
1 86090 143132
1 43162 150299
2 195233
1 179515 73444
1 181569 187573
1 141034 19958
1 39478 169456
1 154340 165959
1 169811 72820
1 40875 138315
1 5038 105910
2 7750
1 134575 180712
1 171895 171426
1 142211 120943
1 169532 92010
1 70190 18675
1 104878 103844
1 196196 67816
1 190284 190351
2 182400
2 177260
1 106043 112476
1 25499 157945
1 117801 165697
1 164384 5506
1 162787 87285
1 90973 197829
2 3166
1 93908 31054
1 25898 114509
1 62658 154329
1 124556 11144
1 184628 5129
1 70688 132959
1 104775 136076
1 89281 155128
1 101794 137194
1 123194 74352
1 73812 132360
1 140997 76079
1 189807 32541
1 122947 72525
1 191460 89779
1 170684 73893
1 168543 55713
1 181272 106808
1 9062 177159
1 87133 64901
2 67373
1 42001 148587
1 91337 41212
1 36723 84405
1 174070 54148
1 137598 46530
1 24243 137790
1 183036 27876
1 53797 177222
1 93706 89335
2 27277
2 170024
2 105885
2 155079
1 17434 49272
1 86427 123907
1 4979 40263
1 88344 165698
1 179440 171519
1 86323 135636
1 79220 79384
1 166054 146256
1 12731 64713
1 19234 144661
1 177949 103589
1 68900 30655
1 7494 22005
1 67989 99180
2 43252
1 68210 144294
2 134661
1 21527 189763
2 106455
1 176787 96012
1 179514 51227
1 61617 3957
1 21821 19941
1 188328 128340
1 14876 55304
1 59534 187530
1 64208 39290
1 113460 96115
1 88257 32212
1 193314 10500
1 2147 151629
1 99854 171236
1 157711 95731
1 6302 78984
1 32933 170347
1 117856 99794
1 158625 138091
1 63175 63595
1 95996 152308
1 124839 185055
1 46726 21332
1 134386 45817
1 114178 76955
1 24181 57823
1 145601 168668
1 129230 69040
1 16450 74472
1 160432 39132
1 132936 161159
1 112537 13123
1 189757 73911
1 132242 45330
1 36295 26601
1 104039 69786
1 123369 18489
1 165481 180209
1 128669 64684
2 133921
1 19686 122478
2 5581
1 38048 13291
1 52943 96159
1 89840 117561
1 39285 85877
1 24375 92313
1 189283 11566
1 187073 105302
1 89651 78753
1 23938 161335
1 28302 178548
1 120889 102398
1 102443 834
1 132291 167522
1 115530 133614
1 129154 149128
1 141296 1409
1 57135 108296
1 5413 68619
1 132668 55134
1 11179 28664
1 190766 87406
1 60352 135153
1 121081 78973
1 115607 42614
1 31069 100140
1 124370 64569
1 70400 950
1 145795 183678
1 187405 92205
1 148132 142832
1 148620 72241
1 56725 21126
1 1411 181490
1 155221 161943
1 184780 155239
1 77699 106874
1 51831 186894
1 68438 75682
1 66339 196134
1 6234 86520
1 68632 107306
1 50605 161466
1 85095 17359
1 6841 166867
1 63685 133696
1 1972 150332
1 97444 53721
1 2325 63699
1 13076 10466
1 90712 73658
1 181849 15565
1 48757 18738
1 72269 45618
1 45405 10487
1 77176 13770
1 37621 7390
1 173677 196330
1 33366 138029
1 45479 2497
1 187013 9211
1 75045 89171
1 184624 61129
1 19523 112760
1 80425 123232
1 56986 54288
1 137638 18028
1 34074 39048
1 191801 51544
1 166821 149970
1 155852 144042
1 103214 96161
1 37920 71905
1 69523 7779
1 105607 11852
1 83256 184579
1 92831 177838
1 117924 120606
1 87761 83472
1 173344 58181
1 102729 58470
1 144910 14003
1 68855 112870
1 148103 98064
1 181254 32676
1 19385 13798
1 154268 191410
1 129792 128227
1 56147 23031
1 113986 117135
1 194806 79375
1 107600 115982
1 19774 74978
1 39483 195929
1 72846 33352
1 161203 80441
1 61997 155676
1 143463 184581
1 45635 85726
1 151065 119133
1 40342 35343
1 83712 31590
1 126533 18760
1 185763 51463
1 53638 153434
1 10099 78692
1 198812 175916
1 170729 168026
1 105436 48081
1 116960 174908
1 136609 49833
1 84533 130252
1 75724 97338
1 67869 120252
1 103873 146511
1 52423 120230
1 102623 47632
1 111667 87881
1 31295 40226
1 50641 164743
1 149552 187074
1 180829 16411
1 22385 154589
1 121338 111903
1 177967 68338
1 21710 96190
1 108480 121323
1 44637 70390
1 106464 14777
1 129001 9809
1 4778 186670
1 79561 13604
1 57626 183263
1 69704 196681
1 119810 168763
1 74113 136601
1 155786 125798
1 92728 102060
1 144365 75737
1 180859 40405
1 70960 15870
1 54906 134232
1 1316 115335
1 110755 137134
1 32415 133327
1 93826 23548
1 15542 57525
1 191064 196431
1 59455 108917
1 193145 8476
1 1413 45640
1 169131 120694
1 157964 145726
1 143357 50575
1 16071 75545
1 12709 177843
1 39703 27180
1 168094 93698
1 193861 112180
1 144896 68654
1 81410 183479
1 165856 97333
1 196829 193243
1 152235 97439
1 177350 38025
1 54910 30843
1 16002 145923
1 199880 65942
1 93806 96770
1 40739 137020
1 3000 140820
1 58415 56306
1 154971 110964
1 63921 3764
1 112667 172011
1 138027 27756
1 142592 66598
1 177852 6131
1 13079 97305
1 199802 33356
1 28518 92435
1 30285 112797
1 128879 72355
1 180111 99440
1 55272 25707
1 152098 163754
1 38072 62018
1 99026 25483
1 153589 188366
1 13867 174502
1 161437 137954
1 156316 59425
1 138259 33494
1 39181 164272
1 7835 42789
1 74941 12813
1 12248 168268
1 140065 156220
1 80069 46432
1 34616 186238
1 197297 54000
1 85619 71762
1 116671 1499
1 44484 128051
1 9886 61875
1 81285 65039
1 26181 98835
1 144524 165957
1 87025 41918
1 120331 14370
1 128547 147514
1 56429 2012
1 82260 101419
1 148655 65870
1 154492 117747
1 7228 69686
1 149187 158921
1 148493 9900
1 70917 19608
1 67199 116197
1 68940 127578
1 125110 50152
1 182409 81206
1 166449 129744
1 112980 17687
1 59951 161346
1 108837 180557
1 65345 15215
1 105042 173032
1 83120 193164
1 153483 177683
1 86482 178577
1 121812 133614
1 38376 97072
1 124673 39088
1 17787 68120
1 126263 52540
1 164534 80809
1 2018 31233
1 106886 188089
1 90354 24215
1 65200 39559
1 122906 151192
1 42098 49599
1 130890 196796
1 150685 39406
1 50476 159480
1 2482 5063
1 33693 68824
1 31164 33686
1 81837 125467
1 31342 112195
1 185753 38096
1 17470 43146
1 8072 125102
1 145216 139193
1 74307 170808
1 173574 43307
1 194042 57746
1 150391 162499
1 131636 147166
1 51246 180524
1 157141 95515
1 38357 160335
1 167317 50047
1 62850 9557
1 41855 19090
1 194386 100447
1 169897 7758
1 90373 32451
1 73010 75893
1 189017 101128
1 40193 187058
1 80617 153252
1 956 29107
1 63752 86005
1 40903 19526
1 84569 45758
1 16575 125107
1 77362 53411
1 90294 194073
1 71601 132967
1 156336 184396
1 132510 66660
1 16606 83566
1 156995 82763
1 129370 101132
1 155272 48862
1 197347 151675
1 157074 90284
1 198489 69812
1 148509 39179
1 64444 119532
1 154776 147227
1 122082 45496
1 178625 151673
1 10678 198368
1 50946 152002
1 141560 40705
1 177995 59274
1 146033 49385
1 194864 18524
1 51126 170733
1 119941 130355
1 3488 162445
1 107576 21241
1 169098 85644
1 5935 122239
1 50059 95753
1 31138 134460
1 32565 140002
1 179771 121994
1 123214 47947
1 180908 68511
1 100878 81002
1 20560 49672
1 111578 110198
1 68229 101932
1 138559 105615
1 106249 92862
1 90673 139104
1 138964 137475
1 46149 110771
1 192309 6
1 180396 172948
1 104816 129113
1 54898 161322
1 11799 156046
1 189046 117139
1 53863 26933
1 124460 26622
1 805 69720
1 140176 25357
1 117817 51444
1 188397 64811
1 197259 7929
1 136078 155050
1 89820 20036
1 68162 89698
1 71271 113499
1 45334 49222
1 130681 46122
1 94927 154888
1 41165 50493
1 196646 41518
1 85675 194238
1 6792 77877
1 43267 50160
1 119117 60838
1 41349 199339
1 137463 5176
1 46915 116826
1 130927 161317
1 45450 176562
1 97531 10640
1 51518 46901
1 16067 155286
1 160501 74791
1 188933 100338
1 168405 51919
1 128086 9878
1 8305 107184
1 88027 10440
1 198624 173577
1 197511 23802
1 161568 111115
1 169687 182382
1 34666 16858
1 49803 56393
1 108182 195783
1 191527 188597
1 84913 29131
1 49833 9340
1 143644 142919
1 30668 108962
1 173416 111803
1 163965 25027
1 193328 133380
1 102365 191470
1 144886 76379
1 41463 46977
1 136386 119754
1 137603 183045
1 63159 143665
1 166747 22220
1 169398 93433
1 10941 22921
1 157496 38807
1 138881 61104
1 146407 196035
1 19356 68495
1 50685 108346
1 195028 94060
1 104288 177906
1 176133 12575
1 76221 85213
1 9173 97649
1 67043 128290
1 93940 143158
1 101026 74774
1 792 26856
1 165988 178369
1 130166 44869
1 143052 63631
1 70403 152427
1 136333 128532
1 50156 71537
1 184269 11204
1 158804 35721
1 93050 78770
1 67341 63315
1 177644 199945
1 168793 21764
1 145852 46473
1 158114 140984
1 53988 11203
1 133431 196692
1 127960 144534
1 24778 194656
1 36644 100459
1 104999 43236
1 12038 13999
1 178869 179201
1 188110 112145
1 55346 173714
1 180213 153276
1 86827 23043
1 16571 191765
1 95931 122865
1 57348 135287
1 188229 187523
1 9972 188782
1 76339 64393
1 169416 157042
1 90288 90515
1 26360 64741
1 100708 189459
1 116939 22607
1 144624 38902
1 48442 108441
1 13545 29696
1 59977 160967
1 197784 65702
1 189666 135418
1 50802 104817
1 138355 72102
1 198228 128720
1 146058 2320
1 150723 15165
1 85678 48587
1 32482 63061
1 112704 141620
1 136115 124593
1 124563 198187
1 7059 122249
1 106633 80723
1 147632 110410
1 128815 8972
1 62668 145141
1 36826 117232
1 157495 37882
1 198210 29964
1 46921 155094
1 40542 196193
1 61534 29163
1 103361 36058
1 102934 73694
1 34229 181583
1 123212 138997
1 39126 135226
1 145302 135600
1 74929 128696
1 27070 13736
1 148254 149571
1 128767 153511
1 132762 8623
1 36610 80455
1 86952 33251
1 33370 89614
1 87337 194008
1 93885 157896
1 144186 129751
1 91397 184678
1 110222 62127
1 64743 110935
1 148237 14069
1 110899 170021
1 8876 90112
1 80460 53074
1 120846 37348
1 166824 131252
1 80858 142446
1 331 45261
1 38813 9889
1 119168 194734
1 68066 181871
1 70104 104206
1 74832 92794
1 19623 61862
1 60868 124044
1 13436 105936
1 152879 157524
1 9120 135967
1 92210 68131
1 133458 57217
1 98359 139239
1 158337 70740
1 168403 32359
1 27338 180102
1 154 190847
1 1907 1904
1 12610 81372
1 188583 155700
1 27963 134011
1 129012 130197
1 50702 110942
1 113219 20566
1 158580 135119
1 173334 107735
1 32505 73689
1 71816 177133
1 8658 70915
1 130624 62144
1 115580 114640
1 147574 195241
1 53654 126772
1 151786 100875
1 104191 160664
1 29090 23794
1 123892 47825
1 128804 89323
1 149476 132956
1 146035 128036
1 74517 187293
1 122189 82116
1 17915 131417
1 167909 183052
1 78486 153906
1 195422 23791
1 43277 11682
1 68104 120878
1 47753 195002
1 191711 38648
1 64404 105243
1 162176 109441
1 145585 137269
1 24302 44897
1 190 192064
1 92165 114991
1 51977 37240
1 24829 154142
1 104815 110813
1 138851 199832
1 153980 112298
1 29331 32985
1 187070 63316
1 118520 40590
1 76267 56263
1 76424 112814
1 43766 79133
1 45307 27160
1 35373 79135
1 113995 80302
1 48789 92288
1 179121 45937
1 52040 144278
1 197086 46046
1 133710 27739
1 196600 146568
1 191547 26660
1 146838 16439
1 107080 127264
1 147582 11328
1 183797 72980
1 188446 156325
1 175839 146005
1 111881 96751
1 157981 164103
1 105395 192714
1 14688 27029
1 157679 29793
1 119114 104240
1 54311 60091
1 9679 183308
1 197917 162005
1 173899 3351
1 18273 133504
1 27618 24316
1 123346 134268
1 146846 44185
1 68825 177430
1 52934 116029
1 142499 98111
1 104187 129317
1 122718 167662
1 186647 4534
1 150967 166392
1 29000 96638
1 110866 60013
1 125418 162855
1 10506 35445
1 158628 116733
1 65514 94508
1 107461 148706
1 2348 61947
1 108575 117390
1 145201 114423
1 72163 25995
1 10752 125247
1 195006 110512
1 92612 529
1 127539 195357
1 4992 40748
1 156153 17080
1 149269 26476
1 4632 158502
1 182774 115746
1 62335 17996
1 174890 35571
1 100584 105096
1 160643 127860
1 18863 39530
1 179741 93955
1 58095 120440
1 90458 130983
1 83614 3233
1 72156 76011
1 193131 83904
1 25475 11383
1 105750 165525
1 138345 193841
1 140559 120447
1 72347 75540
1 130259 12542
1 120153 35534
1 146819 30118
1 76496 24095
1 20294 37031
1 156374 3055
1 75041 119868
1 29287 10416
1 114324 89776
1 71071 23668
1 38007 30617
1 148024 43409
1 31318 1422
1 140037 108787
1 16265 21996
1 92527 69761
1 133656 115336
1 20206 168564
1 82766 758
1 3147 3892
1 178780 108859
1 188052 169205
1 112177 84366
1 1824 47248
1 53911 127701
1 189637 8357
1 123216 63390
1 141911 150641
1 164849 162267
1 995 13739
1 56766 199651
1 74411 150756
1 129671 126053
1 155683 176734
1 187970 44463
1 77292 61676
1 8490 13407
1 21007 95564
1 1559 180328
1 111997 168066
1 131295 102024
1 172422 70261
1 69677 114056
1 18648 3215
1 110879 4660
1 174969 32847
1 194277 136028
1 194631 65778
1 193559 163788
1 87982 195523
1 1238 141128
1 114666 62462
1 129511 971
1 169023 13484
1 51916 97408
1 105334 159483
1 193381 24640
1 115930 52381
1 18758 114126
1 70706 125539
1 194265 135185
1 195968 70490
1 108982 12945
1 165946 166245
1 64384 191028
1 153928 24603
1 22915 65274
1 99711 64035
1 85771 4214
1 172700 160142
1 100360 44239
1 79235 20661
1 195744 169207
1 6712 178004
1 141139 103850
1 10782 68262
1 173654 7849
1 195440 125377
1 107881 107320
1 148158 57459
1 86395 152343
1 169 160606
1 2943 9853
1 66145 34962
1 10447 91802
1 30877 116713
1 164993 26445
1 112283 149927
1 11912 110947
1 199706 26194
1 66381 136850
1 87061 156942
1 156110 133878
1 102913 17918
1 138103 9035
1 163785 10903
1 67262 97579
1 12105 30405
1 189380 164040
1 120393 93379
1 62250 163693
1 131515 163573
1 120305 176241
1 48695 45258
1 129493 5693
1 74614 175631
1 176875 96895
1 51596 74326
1 94202 70510
1 39467 86536
1 37207 99968
1 28244 120390
1 11908 103976
1 162463 8839
1 176714 191957
1 87663 70766
1 69652 21992
1 15278 30059
1 122255 156213
1 130511 139412
1 174528 84412
1 96581 164036
1 15718 199145
1 86398 183923
1 65169 168650
1 158309 41431
1 70657 64592
1 118039 49018
1 8962 133192
1 141797 8989
1 8711 194842
1 61578 180172
1 15174 22147
1 104110 10754
1 121939 130895
1 88923 140031
1 98880 26138
1 169342 86632
1 194101 17864
1 35682 104607
1 132811 80066
1 37608 77859
1 33710 31730
1 69130 193642
1 141042 112386
1 55121 172413
1 196469 171344
1 191188 77524
1 178679 72117
1 113587 139698
1 133430 104440
1 74451 142595
1 49358 181517
1 102427 32883
1 53456 56851
1 199663 35985
1 87968 101517
1 27372 198309
1 139540 28960
1 88036 134863
1 192971 113037
1 145628 158561
1 68427 48943
1 62851 123198
1 14111 155000
1 17588 52852
1 21103 12840
1 36014 100118
1 93025 103311
1 111506 8222
1 166831 41604
1 147550 119810
1 91593 28325
1 40297 124757
1 16366 151312
1 175839 41440
1 169478 31266
1 8574 160641
1 7618 160623
1 158992 120067
1 30775 125314
1 11306 47039
1 84151 38167
1 147429 168562
1 56625 128278
1 169117 191200
1 141515 47185
1 127207 191721
1 181118 199872
1 25751 43881
1 162289 21499
1 15281 19541
1 178137 171577
1 92526 90387
1 170449 153288
1 1331 88666
1 17141 128588
1 156045 83083
1 142468 120892
1 172337 143951
1 39926 46170
1 121394 30257
1 47643 81715
1 120322 53502
1 31029 116951
1 166765 116251
1 124439 178777
1 64467 161958
1 8383 63690
1 25382 199697
1 15728 61105
1 169316 13883
1 154836 165838
1 154133 179984
1 171728 77201
1 176775 23587
1 92905 181333
1 160457 179530
1 81559 11554
1 20519 167033
1 88808 172962
1 45412 1058
1 184983 55010
1 41469 7820
1 196333 41740
1 62172 47922
1 117911 144099
1 922 5215
1 76105 123904
1 120186 13191
1 5395 127756
1 12898 98472
1 187649 2622
1 112924 38882
1 123704 67477
1 114637 70099
1 198158 74520
1 113396 31991
1 3754 178573
1 152422 113918
1 176797 34680
1 521 198447
1 58815 148886
1 183758 19773
1 95950 44058
1 85875 172135
1 40771 186726
1 184697 59094
1 7222 34828
1 102049 47025
1 5813 67014
1 128877 199555
1 8799 152115
1 39381 71057
1 99911 53012
1 125960 132597
1 15878 18631
1 123557 70399
1 162911 71362
1 97593 156173
1 38938 123923
1 92153 76329
1 128218 4567
1 76419 176227
1 186689 61304
1 6674 143472
1 50502 55211
1 80255 110018
1 93716 131817
1 62463 170600
1 129126 64877
1 132441 30183
1 50144 9199
1 63271 123418
1 163632 39263
1 125584 86024
1 74981 34660
1 166981 64516
1 49680 156886
1 107385 1353
1 108761 100346
1 58661 59925
1 178532 39805
1 185339 32070
1 121060 164723
1 71337 75828
1 191295 161745
1 172946 76815
1 73700 77544
1 57609 32697
1 174889 3300
1 85966 44389
1 128360 59717
1 172941 40880
1 20635 116765
1 191635 9983
1 113398 189961
1 73235 94939
1 80774 185652
1 27737 170441
1 189064 1929
1 167693 191342
1 197707 632
1 114923 70370
1 146633 49900
1 103105 113170
1 183042 175179
1 2730 28956
1 46746 105902
1 97801 23781
1 19189 188450
1 25161 105214
1 190161 8031
1 150355 53303
1 191076 98503
1 54416 12931
1 37750 146147
1 129761 16141
1 42625 128601
1 18972 12314
1 110471 49905
1 88008 182752
1 187891 183114
1 116443 161701
1 89843 187863
1 183219 135324
1 83349 122078
1 181138 137148
1 32417 175538
1 66975 16547
1 117622 16752
1 86874 4842
1 23656 71544
1 164830 162249
1 103129 50798
1 179164 13165
1 16342 41265
1 40022 94168
1 183989 2905
1 167514 161785
1 94252 144247
1 160833 106444
1 85556 189897
1 126888 112244
1 19230 142011
1 60205 5974
1 111285 62501
1 69037 74424
1 196246 102274
1 89340 41115
1 175692 194733
1 114084 5590
1 120815 113378
1 129251 193012
1 36735 33778
1 34143 20047
1 96700 32135
1 189868 41581
1 154441 132826
1 75329 139355
1 83137 196274
1 193654 61448
1 20824 168287
1 34242 27620
1 162166 170167
1 53490 6202
1 20817 125519
1 133741 152906
1 43786 137980
1 37670 165355
1 173449 183820
1 109858 29151
1 85851 5567
1 15532 80376
1 129548 164491
1 74390 174507
1 105985 101327
1 61298 41330
1 130648 15062
1 58064 48807
1 106754 138128
1 20858 185822
1 188256 166796
1 56877 123075
1 168349 115321
1 49305 85877
1 37836 42270
1 133787 162786
1 197570 34519
1 94457 124516
1 193397 86802
1 71583 44379
1 182870 131850
1 80601 83851
1 177836 74434
1 188049 148152
1 48370 19332
1 175498 86016
1 118514 99100
1 40796 198200
1 34 163856
1 81714 112459
1 13503 176225
1 127873 108623
1 169576 167687
1 126859 11817
1 37437 7848
1 177748 58339
1 117752 148506
1 177634 56395
1 33612 186907
1 80891 175503
1 89468 190093
1 40795 169815
1 47614 86774
1 90676 71970
1 16656 182136
1 137066 17380
1 119770 83917
1 197389 59231
1 67141 1158
1 54553 172800
1 72411 62597
1 12588 106300
1 87712 43128
1 19271 16491
1 85040 177240
1 42375 119397
1 16410 21217
1 54501 151387
1 186684 135828
1 48363 163704
1 168608 175018
1 72633 57656
1 68565 197722
1 131000 182984
1 68178 119630
1 133916 168288
1 44487 44257
1 165856 153309
1 152133 36380
1 44158 25570
1 76433 184306
1 121069 84913
1 108867 167674
1 6943 128581
1 64676 197740
1 102586 87474
1 123848 75486
1 121430 12160
1 139177 72895
1 136759 188868
1 180037 128149
1 175116 99585
1 149690 132211
1 60328 132798
1 29984 141566
1 38720 164968
1 133414 116705
1 180069 23787
1 83376 134798
1 87619 97419
1 163311 9271
1 121753 30280
1 195074 156300
1 112123 169459
1 64589 133750
1 157573 168843
1 13657 104084
1 136417 24731
1 196971 185397
1 90172 130520
1 7975 151062
1 173957 66486
1 44263 79773
1 137767 172043
1 173911 181078
1 132935 97256
1 3285 100204
1 119360 9075
1 140358 187947
1 150174 56521
1 84218 60021
1 92185 173011
1 100931 36226
1 170963 86503
1 23634 101277
1 140692 159010
1 77908 54683
1 29188 56771
1 64717 78237
1 7466 132170
1 123763 82505
1 81764 189905
1 15820 61829
1 47975 192810
1 72202 88308
1 129464 163131
1 123367 163381
1 142890 41558
1 79421 64025
1 24473 165404
1 122216 133092
1 180071 14228
1 178655 97862
1 110647 22087
1 88719 158747
1 154983 190239
1 145785 68321
1 106642 8512
1 135310 114168
1 29445 32486
1 52361 138080
1 33537 163904
1 145548 190894
1 42865 101643
1 195006 141071
1 58221 82931
1 6628 100673
1 121711 70567
1 59903 63247
1 122260 145147
1 175589 131981
1 54358 188674
1 179939 137812
1 143305 22828
1 135698 199358
1 62867 188125
1 128568 174693
1 116784 129168
1 108577 144151
1 27238 14443
1 118910 95645
1 198085 65763
1 170686 38894
1 113954 10193
1 96107 40174
1 9684 46806
1 191112 124780
1 71727 109612
1 192232 132571
1 135040 1485
1 104336 111759
1 10697 112714
1 53008 24379
1 19007 125155
1 85663 104554
1 111745 130797
1 175670 34811
1 32794 178596
1 87407 48033
1 136889 5901
1 168926 188571
1 152751 24400
1 148143 148592
1 177578 121492
1 54656 61678
1 113520 146396
1 191425 192419
1 107615 6242
1 41994 52636
1 86308 140658
1 114621 16029
1 31609 116873
1 76637 186401
1 129315 51310
1 118254 11092
1 54124 191952
1 397 165837
1 78685 23713
1 49810 62545
1 42942 67186
1 154788 101253
1 101458 118480
1 135452 149490
1 146829 49183
1 100510 12158
1 156568 147444
1 186548 14953
1 35592 171255
1 168364 141831
1 174746 36794
1 135027 192381
1 141618 50836
1 109234 199358
1 76373 69378
1 145065 14854
1 19685 26175
1 189835 70743
1 24156 110050
1 189913 10291
1 176202 53367
1 91202 57243
1 133523 89954
1 48122 132806
1 73764 164912
1 49817 51940
1 115893 73343
1 4023 166805
1 106629 109392
1 38661 119332
1 77968 108074
1 183277 69960
1 136341 117298
1 80109 31005
1 159686 33992
1 113585 30688
1 79632 52005
1 31600 16105
1 189645 147314
1 199625 34668
1 161798 65835
1 132510 148018
1 132909 146677
1 156592 112211
1 42651 148541
1 95292 101368
1 25479 142737
1 46357 66000
1 182215 25283
1 13443 17360
1 187786 127292
1 164507 93231
1 156885 60382
1 76895 83168
1 196797 81758
1 217 29906
1 14950 189217
1 196658 45543
1 60346 13269
1 63896 122289
1 92141 37521
1 9617 165938
1 184048 89008
1 23578 37203
1 62194 130987
1 116996 88614
1 64286 186486
1 79823 180376
1 153874 188636
1 6856 81018
1 171101 153438
1 119584 63858
1 197179 113160
1 24846 108667
1 105940 28566
1 17767 98981
1 15667 164166
1 62907 194057
1 89219 54206
1 60211 176652
1 122256 53089
1 196072 70551
1 19259 193644
1 82438 78997
1 87679 129686
1 3746 116782
1 118563 65001
1 166360 58690
1 99839 16539
1 125097 4584
1 113267 183408
1 169812 104296
1 74916 48468
1 174899 173175
1 27834 109876
1 118936 9330
1 25111 66333
1 74664 74013
1 187865 106776
1 83511 192669
1 77715 55749
1 139621 113459
1 128008 94071
1 59768 125563
1 195240 56527
1 1595 61733
1 26062 176156
1 147863 180786
1 35770 45553
1 132527 172466
1 132875 125768
1 171393 100412
1 148480 2455
1 108283 153006
1 189104 132081
1 45594 86375
1 65991 32800
1 159241 140418
1 70979 2368
1 70457 187989
1 31535 181470
1 127485 17897
1 116831 138960
1 34856 158971
1 143211 97367
1 87786 173939
1 80751 50676
1 146791 188451
1 176451 196296
1 117017 198851
1 190776 100720
1 86440 51500
1 42388 154335
1 110727 49875
1 69774 143932
1 133650 196743
1 46668 142975
1 108198 32813
1 149660 119751
1 77056 69690
1 199152 105918
1 110041 110962
1 59422 129648
1 128961 160159
1 135768 18535
1 48186 132372
1 82472 70092
1 344 182052
1 61488 53754
1 185750 165022
1 142175 22884
1 141883 161418
1 151863 18986
1 72238 112425
1 4093 57526
1 54870 143657
1 46273 192796
1 129206 97190
1 21776 84594
1 125575 156008
1 146167 165741
1 13271 130777
1 107514 193597
1 37730 18759
1 96723 124778
1 118703 19930
1 168368 172656
1 54892 118359
1 66663 19799
1 184397 37525
1 28092 137175
1 165986 21182
1 42326 20011
1 60408 126281
1 107581 110708
1 198514 123254
1 123991 60305
1 185639 91978
1 164772 77243
1 29310 175564
1 169847 45158
1 184968 70017
1 152375 169238
1 138590 8612
1 29141 12991
1 183996 185512
1 119184 36257
1 29725 163314
1 20774 61923
1 104791 29841
1 169180 124781
1 55033 3008
1 156913 94603
1 192035 178142
1 62431 148799
1 142949 15789
1 53266 39847
1 164955 68617
1 76909 24848
1 171848 67306
1 104826 6554
1 70130 166556
1 198768 189517
1 111294 135868
1 125483 71354
1 12876 151735
1 69414 20182
1 159828 90431
1 74877 64467
1 4865 26767
1 45410 72960
1 11406 77984
1 44062 158819
1 102752 43435
1 144393 25301
1 184099 82592
1 48396 187038
1 27240 109607
1 88149 194705
1 35645 191318
1 178011 9514
1 31630 35059
1 70740 31654
1 94268 146539
1 7987 117026
1 106044 123027
1 124455 112311
1 145138 169822
1 171793 177109
1 14605 29662
1 57413 85790
1 20262 3456
1 122563 64837
1 64980 14594
1 171319 91688
1 64339 155894
1 38255 28458
1 186133 120189
1 138971 153429
1 69992 13628
1 81675 102191
1 111689 128291
1 139172 124699
1 171911 6943
1 145444 17266
1 117020 165916
1 94167 13090
1 20233 146176
1 36249 63366
1 22448 63525
1 180046 60551
1 192119 122262
1 112286 50867
1 91034 185548
1 157302 119323
1 131856 131562
1 162876 88242
1 71586 41398
1 100818 46436
1 89287 163098
1 143054 67572
1 80645 108635
1 63224 129113
1 189060 166105
1 92484 17818
1 191988 52615
1 193297 175272
1 14369 50092
1 106402 193467
1 133332 68057
1 29404 119921
1 194604 170220
1 118912 106596
1 142206 52742
1 145961 25930
1 127850 175113
1 73353 158225
1 111166 150357
1 89440 193339
1 143632 164995
1 146173 101367
1 28310 151970
1 100410 147778
1 32649 122864
1 141297 87357
1 30651 42780
1 86980 6478
1 54517 125756
1 27597 2812
1 58837 162697
1 28897 158278
1 161510 24930
1 160459 22468
1 188481 75904
1 125063 129857
1 139876 132982
1 165884 56984
1 173264 112684
1 36991 126861
1 53800 53020
1 2373 20078
1 183944 162957
1 52903 138923
1 177762 64144
1 193756 188594
1 138016 128568
1 38898 107087
1 147061 173406
1 142349 147842
1 144453 63829
1 158564 144034
1 164408 138409
1 9145 155762
1 14298 118750
1 165657 163842
1 104437 14951
1 69844 73096
1 43249 146532
1 135677 191678
1 156460 153377
1 136676 70783
1 138389 96139
1 12563 95581
1 131855 130613
1 89159 27909
1 137475 92363
1 165296 18454
1 18693 151765
1 185452 26431
1 182762 165040
1 105855 62168
1 42793 97096
1 133399 45634
1 32753 35609
1 79102 31297
1 52234 96038
1 113823 182041
1 176879 32698
1 85181 23081
1 57002 130207
1 69297 190084
1 136306 80924
1 146980 214
1 159042 96243
1 136396 60534
1 181178 27289
1 45803 97223
1 113530 184120
1 76229 188116
1 72125 84579
1 137569 107948
1 184500 183961
1 80899 187067
1 117603 1725
1 169896 112938
1 66368 18003
1 156738 122424
1 178250 11774
1 129462 151001
1 87911 177272
1 104851 59727
1 3457 194323
1 77587 161607
1 140963 197487
1 28888 179639
1 73679 108347
1 176160 7541
1 43554 58608
1 7241 119770
1 36523 123211
1 167372 178904
1 80264 20426
1 100724 192600
1 154755 187242
1 70686 15959
1 97196 105183
1 159031 69059
1 86776 35156
1 144625 153041
1 137817 27429
1 44294 13858
1 112670 186649
1 62321 72854
1 118797 187620
1 192809 37936
1 70974 20253
1 75297 76779
1 195515 45693
1 26941 144092
1 145238 158744
1 162070 152905
1 161546 176415
1 164465 35593
1 33302 55765
1 95675 92317
1 179990 68241
1 113864 63757
1 177890 41845
1 120717 142663
1 66092 95341
1 118363 79604
1 101973 70891
1 72030 42204
1 72208 94561
1 35926 81724
1 58490 118080
1 126292 22246
1 128120 36911
1 75064 197849
1 144659 48014
1 172714 14049
1 28049 160876
1 33110 31729
1 199188 172679
1 19948 187774
1 182519 140291
1 21271 1695
1 69799 130221
1 142652 184226
1 150911 185073
1 140151 108721
1 134056 16793
1 168082 172070
1 167087 25032
1 79686 164012
1 123815 197047
1 13173 92439
1 14722 90095
1 140328 38661
1 21483 188678
1 182149 17077
1 130855 99742
1 145876 148583
1 28652 124827
1 12403 76534
1 58304 74020
1 25879 7730
1 186326 64669
1 91846 7362
1 118566 187426
1 186129 122553
1 112395 191240
1 131734 132278
1 92386 71888
1 116661 22145
1 27488 191851
1 156626 179939
1 137779 12597
1 99083 15366
1 165724 152620
1 51451 158927
1 68812 68977
1 63024 115128
1 146430 183170
1 113768 14897
1 175253 13493
1 113362 184312
1 33398 106296
1 190403 2679
1 22888 95303
1 30902 175966
1 69737 58095
1 57737 44289
1 38803 2881
1 58996 135796
1 34736 123481
1 40396 56293
1 157658 161041
1 103992 156537
1 91608 47937
1 96690 136875
1 95604 14841
1 66177 18785
1 174625 20288
1 12853 132112
1 196556 34446
1 25636 39378
1 121216 23879
1 29219 28102
1 151168 184634
1 3271 94760
1 90079 119259
1 121757 126896
1 76643 85948
1 199016 63663
1 20058 154001
1 125147 159272
1 179580 27365
1 70230 102253
1 17218 95640
1 183012 13627
1 63686 105115
1 55285 125144
1 50269 16942
1 146840 53866
1 162481 120536
1 109820 106266
1 118946 11431
1 193768 17065
1 11358 45610
1 139000 184338
1 104190 17260
1 76826 106529
1 42084 169971
1 98824 74835
1 102483 84280
1 119688 137008
1 109391 42984
1 130529 3109
1 167222 65947
1 112352 197093
1 96798 187475
1 97098 177986
1 188015 55736
1 10147 17543
1 12483 162771
1 57952 162520
1 71163 105673
1 22568 134157
1 126821 114009
1 32401 109004
1 34508 160087
1 98776 177382
1 7838 68587
1 4066 32307
1 193157 82885
1 59122 78384
1 165887 83938
1 193643 94809
1 32960 7813
1 129927 153474
1 4042 126638
1 32535 172347
1 56394 104287
1 149821 111077
1 5557 176912
1 190567 179855
1 118627 57647
1 91406 29525
1 26860 85980
1 153262 23865
1 100481 137317
1 109511 64514
1 18509 104639
1 20693 194773
1 101837 33221
1 132428 107283
1 46828 28788
1 136214 74547
1 40674 57191
1 102993 69920
1 82254 84687
1 142915 36820
1 168786 20726
1 157216 81973
1 166000 142837
1 58238 124464
1 95267 24307
1 118103 72020
1 57279 100064
1 183681 83889
1 130892 136369
1 91177 49969
1 69472 14621
1 48854 171510
1 36795 55257
1 156059 199542
1 3816 153168
1 144541 194323
1 141841 58789
1 145607 166079
1 23202 68269
1 118986 171406
1 137890 52007
1 77210 111004
1 50574 171902
1 172454 1954
1 83319 152833
1 72344 129556
1 17118 153761
1 77324 5118
1 108558 40300
1 61268 132063
1 180025 134345
1 176300 110085
1 42646 139636
1 35515 199401
1 11002 97595
1 192266 189453
1 152182 177400
1 162696 138068
1 139761 35025
1 108350 116066
1 101509 49773
1 25743 153781
1 15007 72760
1 105715 132034
1 92626 101530
1 173045 75732
1 82683 38515
1 166250 23585
1 80667 111515
1 9459 18542
1 117041 138776
1 119798 78885
1 132055 60896
1 110873 184052
1 199136 120464
1 77311 128104
1 152367 115308
1 20615 7947
1 134297 19034
1 97218 105915
1 57663 183129
1 125044 56908
1 47717 162950
1 84621 18655
1 135767 153553
1 104425 64707
1 170814 40124
1 27589 190156
1 81790 68693
1 23812 92786
1 45651 83892
1 33890 120301
1 82092 112312
1 184696 180494
1 60359 21438
1 48624 188448
1 129421 123042
1 68873 151679
1 119984 24122
1 112654 163256
1 125379 160783
1 163603 182434
1 85722 139935
1 113905 89404
1 167586 22992
1 29762 166984
1 78659 91958
1 188063 102888
1 158196 185223
1 41241 166839
1 185822 5981
1 144182 114345
1 44469 75885
1 30574 143462
1 181203 28998
1 107429 120035
1 88278 160334
1 182378 154498
1 187 108344
1 128048 152301
1 79932 115977
1 172299 177134
1 191335 113740
1 80494 196753
1 191680 21842
1 195620 141373
1 164824 103599
1 82060 47438
1 133358 20402
1 162009 32952
1 192454 185828
1 58506 97816
1 154760 40452
1 112934 96156
1 96347 103424
1 135355 26453
1 15747 95287
1 133463 22682
1 29943 78702
1 17223 150560
1 145478 151505
1 37647 190936
1 46700 184684
1 80170 24136
1 170416 155688
1 61892 175405
1 107265 14986
1 189364 16976
1 181649 27561
1 183998 56103
1 112306 56368
1 52361 141870
1 32559 112148
1 34014 55686
1 86956 132054
1 176481 125198
1 121600 9980
1 57171 115520
1 154771 189707
1 61768 36750
1 132596 141385
1 126053 190141
1 28029 26417
1 126045 146882
1 147626 169463
1 132076 60059
1 18550 46718
1 140180 108783
1 85432 199382
1 99031 180777
1 110397 122170
1 126389 110162
1 36006 163210
1 123240 83822
1 153668 59334
1 139869 124441
1 15857 83531
1 172084 74657
1 22449 157585
1 14779 34598
1 41354 195556
1 83750 84784
1 156193 180386
1 81554 98385
1 18903 183734
1 98747 53052
1 74722 99988
1 125179 132325
1 192047 122356
1 170118 12121
1 32823 183315
1 111714 169055
1 12383 30503
1 116331 164497
1 102550 47202
1 15879 137013
1 61162 80361
1 142309 196959
1 27627 111446
1 174268 40779
1 167747 63980
1 121474 58038
1 72404 116826
1 30187 23037
1 38419 164978
1 31140 133242
1 29156 143595
1 62991 27098
1 158583 17685
1 20096 152195
1 85859 15643
1 31480 9253
1 89153 95358
1 51681 147295
1 137482 94288
1 47946 97493
1 167604 151728
1 7012 76495
1 127178 170821
1 70525 124116
1 63882 196988
1 158844 66311
1 21892 8518
1 128604 28610
1 174576 133580
1 29997 82609
1 124816 3765
1 199560 183281
1 158983 175131
1 162642 178857
1 16440 45129
1 80820 183208
1 164195 89529
1 115161 92928
1 62588 139724
1 199912 125922
1 22221 109642
1 187652 132538
1 142926 116891
1 80065 52301
1 48130 187910
1 101544 66834
1 123093 178920
1 92845 40590
1 132980 192248
1 2416 120243
1 177772 54522
1 63602 12858
1 3462 90432
1 175512 180799
1 31522 125993
1 33446 59997
1 29331 152723
1 22325 35147
1 40250 119396
1 14197 72629
1 195366 145209
1 71082 43038
1 114859 52332
1 11617 1974
1 59137 194444
1 44658 182647
1 112671 136792
1 149627 6086
1 175000 78910
1 110171 82694
1 133749 157266
1 80621 137983
1 35156 161297
1 79750 152240
1 77889 171863
1 7218 13234
1 136275 121886
1 136106 154766
1 16137 10873
1 141914 33056
1 16485 166608
1 60689 133037
1 192776 178334
1 72648 165825
1 42958 105385
1 34520 122573
1 198764 43904
1 100790 151487
1 167369 33338
1 71793 45027
1 174554 122925
1 102446 17466
1 120833 16621
1 38626 91609
1 132967 4486
1 46544 147652
1 39000 20476
1 179461 97291
1 37279 185922
1 67153 197477
1 71266 71737
1 194440 123531
1 79744 42027
1 176888 170070
1 14185 136903
1 98220 115484
1 46269 35038
1 176482 131911
1 90985 21789
1 23560 157048
1 63166 177485
1 98429 29915
1 137746 73992
1 152966 7947
1 135516 160766
1 137486 164137
1 267 77160
1 138851 48440
1 147560 38859
1 150829 23035
1 68140 53744
1 15281 182993
1 84707 114977
1 193221 171280
1 19457 197160
1 51797 130017
1 18565 66052
1 143191 182108
1 24012 62700
1 185547 165029
1 177080 113416
1 36983 107781
1 165250 31468
1 123040 10700
1 101404 135383
1 114827 14502
1 80075 175788
1 143990 29244
1 51011 54640
1 38225 43918
1 38340 12164
1 49217 83662
1 42036 159716
1 128280 100224
1 57534 61215
1 77390 102159
1 25770 183193
1 198595 35058
1 169470 162302
1 16504 179520
1 83028 154377
1 163467 168592
1 89212 1205
1 46579 142740
1 160725 42625
1 192380 160952
1 71527 42474
1 14852 169143
1 43651 49189
1 18550 14333
1 63582 11995
1 49093 187523
1 80170 191144
1 20907 16295
1 186935 196246
1 145508 81611
1 13513 34007
1 177637 141167
1 55482 181569
1 63778 181202
1 6353 24013
1 180032 195654
1 124388 10578
1 59734 174738
1 148651 112510
1 5866 8461
1 14310 59990
1 30313 21432
1 31025 165935
1 112040 108060
1 31973 26412
1 97690 152421
1 153650 180858
1 155281 25598
1 122234 112137
1 113081 109229
1 2544 186956
1 19731 38192
1 197938 90100
1 142318 173273
1 44835 141993
1 137643 157672
1 91533 59465
1 105522 14439
1 37238 62436
1 139439 142858
1 129089 171768
1 8978 199238
1 12551 112298
1 152967 120882
1 188534 194565
1 162034 123997
1 74025 53430
1 16365 41967
1 139977 117895
1 159173 181700
1 83236 178268
1 129011 100484
1 178508 81580
1 130776 28423
1 87473 196352
1 44347 14376
1 65282 144049
1 146758 185127
1 110529 15326
1 190590 163397
1 112229 69612
1 72515 160155
1 170741 33027
1 166728 122618
1 192226 154501
1 184019 119561
1 127525 12560
1 51576 193499
1 143129 113590
1 5394 159120
1 89051 197243
1 177283 167470
1 148896 146513
1 157613 94336
1 141975 50960
1 124335 103982
1 94080 2040
1 51237 181085
1 14155 135210
1 1306 41994
1 173620 120612
1 51088 18402
1 48350 192829
1 16947 6884
1 148398 61344
1 180761 44922
1 60651 115405
1 174398 21
1 50900 151758
1 15102 114119
1 39233 62390
1 110355 168101
1 174845 175903
1 148559 38749
1 31267 161252
1 105885 57109
1 15799 119197
1 179252 89222
1 141127 135962
1 135580 80856
1 117507 68451
1 167142 12222
1 127321 173230
1 115685 43347
1 8917 42912
1 139442 36086
1 69496 153289
1 91551 74979
1 7062 93914
1 98107 192147
1 27765 154217
1 34759 17941
1 83684 35112
1 102902 161838
1 10649 164257
1 87723 46830
1 43919 136693
1 85422 190675
1 3230 94613
1 153776 112035
1 174107 143169
1 2881 78468
1 118195 10689
1 168462 97823
1 63171 22881
1 163871 31542
1 154874 113905
1 87697 179330
1 113266 30780
1 96464 14608
1 153867 30920
1 55512 8862
1 79882 100942
1 93548 1522
1 138737 9659
1 96215 117562
1 162015 134952
1 63714 140586
1 118250 9365
1 1366 145809
1 173178 115244
1 5044 175358
1 59625 125236
1 53362 102610
1 100121 177363
1 196984 165351
1 726 34312
1 140186 78944
1 87724 182632
1 79063 46609
1 202 47832
1 143185 195346
1 138008 26828
1 145487 14174
1 89237 147007
1 45809 154226
1 74101 79922
1 39666 179043
1 194234 49705
1 40676 69055
1 100178 103971
1 119271 22504
1 170608 118233
1 10154 22893
1 187566 105273
1 150246 81834
1 191969 1124
1 115608 8482
1 150078 5094
1 103870 47643
1 83309 64821
1 63253 53113
1 153388 28077
1 159249 71774
1 69734 48393
1 163805 25537
1 139284 172517
1 180756 190477
1 135059 125555
1 135488 70076
1 56775 157499
1 100434 113589
1 67823 69207
1 49634 18018
1 148106 60142
1 143592 103190
1 147817 112
1 96123 138782
1 41557 22867
1 12745 195750
1 156260 25356
1 72534 100302
1 191127 56209
1 97401 78989
1 128951 144525
1 26324 50054
1 96047 199716
1 139411 76776
1 13547 67432
1 73000 112139
1 121330 49500
1 113605 67721
1 89410 78504
1 137819 155354
1 177066 92381
1 154897 196339
1 28140 106730
1 3399 84384
1 73427 69278
1 163788 5664
1 111058 57184
1 157790 48385
1 190111 16685
1 85153 36797
1 21006 33681
1 123042 6420
1 125489 18087
1 165773 146475
1 51055 192213
1 14572 187364
1 64291 11586
1 180002 56574
1 109559 97115
1 152168 61934
1 7425 39430
1 169670 104127
1 135646 189925
1 84309 145127
1 89101 191437
1 182516 197675
1 197071 147144
1 33480 85046
1 191548 87049
1 19128 96244
1 179176 186030
1 98599 140020
1 169846 58236
1 149364 12606
1 168380 96022
1 32496 49521
1 3288 105215
1 40415 173025
1 9234 197905
1 4914 181808
1 117108 86014
1 30915 17131
1 47206 170950
1 33233 123495
1 32525 136696
1 57661 191197
1 129253 160173
1 120005 160066
1 72541 169153
1 37823 84203
1 54387 130773
1 87129 98144
1 97553 180802
1 36367 100286
1 144103 63519
1 4141 51667
1 7241 13046
1 78023 123636
1 34571 1986
1 184310 10593
1 176027 98285
1 165397 144221
1 7647 156424
1 84860 124999
1 92495 133451
1 35195 196349
1 85205 76878
1 139737 140467
1 82275 87175
1 143246 84815
1 182484 7366
1 55038 192136
1 21126 39150
1 34040 124158
1 60663 41718
1 175919 33884
1 181407 19104
1 71928 57772
1 189133 80824
1 145924 193850
1 96581 108816
1 37471 105197
1 159513 64762
1 22697 188706
1 188422 85894
1 143763 169739
1 133585 168253
1 63005 90183
1 139938 45342
1 151758 97282
1 37153 34904
1 1396 46414
1 13839 154760
1 61022 25219
1 150439 17781
1 195223 53972
1 101942 176777
1 157476 95794
1 93623 193680
1 124545 128806
1 177458 67062
1 168535 13930
1 12246 137341
1 110529 55304
1 86358 82558
1 112449 31223
1 129153 6049
1 10045 196849
1 39909 91423
1 56319 89433
1 166630 99254
1 93739 37836
1 109658 21037
1 107778 87557
1 142631 191306
1 99032 2614
1 187936 138833
1 93458 131557
1 19740 116862
1 118308 135236
1 37913 163781
1 38472 92053
1 75728 74697
1 152322 136252
1 4057 185499
1 16466 104422
1 40513 96949
1 81210 106202
1 120489 92470
1 191409 86237
1 96290 90526
1 130664 163339
1 70599 94605
1 125052 27059
1 35290 55672
1 101052 98931
1 101667 92717
1 119581 130772
1 132101 49416
1 131002 139432
1 113377 125877
1 173136 29474
1 97904 14888
1 24762 100342
1 109852 30426
1 148201 105394
1 99039 127558
1 18407 30747
1 30495 65123
1 151565 121164
1 91721 171555
1 179778 22219
1 137580 199532
1 172406 108269
1 107800 69398
1 79902 189548
1 22519 90725
1 58609 40134
1 180588 167816
1 39843 72153
1 178794 25874
1 195298 56124
1 138839 104312
1 169550 153056
1 132065 58059
1 188 26600
1 131168 146422
1 181934 117254
1 104685 125435
1 110412 145751
1 73218 43818
1 76134 29056
1 33939 17955
1 54509 95881
1 59372 6861
1 181615 7354
1 13771 194198
1 107219 82100
1 91200 25196
1 149717 195602
1 66244 151740
1 92163 40960
1 156823 74219
1 66103 140443
1 115037 88466
1 65942 131594
1 101818 28669
1 118154 52573
1 87851 9190
1 96444 45604
1 232 36463
1 139029 56593
1 60024 89822
1 25077 140561
1 157332 96668
1 177076 29799
1 129728 81264
1 82264 108875
1 193510 65656
1 136406 164419
1 45300 123432
1 122190 8511
1 8120 137415
1 91009 197817
1 102137 108136
1 597 120270
1 116888 145701
1 198284 179351
1 106024 66593
1 81152 61323
1 8139 21630
1 160802 172697
1 181518 50141
1 198452 170754
1 144838 9814
1 196 40948
1 32875 131575
1 86058 141869
1 135348 74560
1 158597 78479
1 46388 194015
1 170162 110591
1 21877 80616
1 120077 96835
1 66003 195672
1 95340 168923
1 75291 151308
1 32664 52512
1 172709 197372
1 90638 85723
1 128366 7868
1 109431 156649
1 153465 122741
1 158499 173068
1 26791 183968
1 188364 112724
1 145813 78020
1 22089 2031
1 56246 194992
1 120656 108365
1 127858 41468
1 90736 117752
1 112382 117372
1 82062 13234
1 103293 95493
1 55456 171409
1 166550 92452
1 87271 125335
1 111126 10395
1 135345 5141
1 56776 74526
1 7503 42562
1 101395 9550
1 16531 43415
1 5140 80117
1 187085 49838
1 148604 75459
1 68806 13978
1 42156 110215
1 100796 144841
1 55182 9327
1 9824 115609
1 78135 45764
1 126478 52216
1 75195 166433
1 33036 52735
1 102864 169268
1 30918 24656
1 742 108471
1 903 7086
1 169862 103663
1 187963 56092
1 195753 41765
1 49060 113978
1 15899 11620
1 141146 192284
1 128465 16372
1 31239 76845
1 113288 88597
1 178275 133635
1 70751 98175
1 177708 141762
1 68597 169240
1 118632 32246
1 15879 110773
1 89375 198508
1 127876 46998
1 176275 43474
1 163122 44764
1 90243 113487
1 120773 84301
1 127904 10660
1 151421 123018
1 196429 90692
1 74433 12687
1 143133 59760
1 148410 70828
1 33736 90839
1 151025 192835
1 198511 185965
1 108204 94338
1 137489 150474
1 103430 83937
1 126926 145605
1 51214 164638
1 54683 13649
1 19553 193912
1 169349 190872
1 105291 169450
1 180650 79638
1 155610 168874
1 95861 63480
1 158724 353
1 7961 27957
1 62396 125164
1 185553 178348
1 35663 187668
1 68695 159359
1 61957 115209
1 184226 75055
1 19061 187748
1 28579 54393
1 176616 195358
1 178690 108784
1 95217 199564
1 139286 42332
1 150604 129630
1 133923 96978
1 114422 189271
1 153239 176916
1 37453 112781
1 73287 136939
1 160168 6307
1 167399 65155
1 151992 199366
1 45959 36295
1 127263 44199
1 143573 78526
1 182353 66231
1 129999 45028
1 100010 138472
1 84680 115532
1 23630 47970
1 129118 94390
1 136455 100803
1 47354 115053
1 103004 2716
1 126857 194467
1 3630 137513
1 18489 61263
1 34775 75344
1 165111 153222
1 74245 108764
1 17511 158808
1 31700 58107
1 49572 12461
1 113067 8949
1 48889 196321
1 74649 121391
1 77920 58205
1 52336 128288
1 1466 43446
1 145249 116626
1 95247 163595
1 118681 12316
1 26631 72794
1 52059 61214
1 87080 168226
1 136542 180094
1 67026 38591
1 55145 126369
1 167097 109826
1 140782 61293
1 131041 187344
1 35876 117053
1 82719 109054
1 3432 184805
1 47118 107882
1 7765 79271
1 46800 131419
1 71905 188406
1 89735 128796
1 57659 28906
1 150100 22869
1 5539 163395
1 158222 126508
1 14793 123171
1 80325 174556
1 159786 68998
1 27064 170899
1 45735 145796
1 28756 198161
1 163175 8457
1 60208 188350
1 166447 156243
1 115910 133004
1 187455 41773
1 196659 176269
1 3439 79146
1 76145 113751
1 142603 158181
1 156755 52566
1 27243 196599
1 70657 12849
1 23319 182841
1 139830 37089
1 169690 57916
1 21431 60494
1 61541 45893
1 179350 189612
1 103591 8910
1 103975 24660
1 21162 64442
1 87745 45926
1 198256 163223
1 129783 168734
1 184526 115674
1 164248 38582
1 177032 127446
1 149093 70651
1 120238 41086
1 199826 10163
1 124214 142236
1 133632 127982
1 74907 84817
1 141177 171627
1 63029 186831
1 178924 168174
1 190682 45268
1 17130 33374
1 175477 185897
1 27232 155045
1 48484 83739
1 90199 65794
1 178967 58552
1 155689 18546
1 83110 133452
1 66310 177152
1 148018 16285
1 142055 32360
1 44864 40677
1 81297 16307
1 50194 32655
1 164301 119887
1 57352 185909
1 132901 6254
1 128886 124312
1 27555 127009
1 40966 4575
1 44806 97396
1 134096 11860
1 73157 37516
1 191927 123805
1 26056 36608
1 77382 37175
1 167075 49717
1 196620 148473
1 45781 116989
1 196597 150726
1 40001 135473
1 85739 146579
1 180140 97485
1 50155 79131
1 2423 63371
1 123883 41952
1 180126 83908
1 44971 160228
1 14768 157571
1 136666 114855
1 155025 123947
1 93483 156706
1 1773 198988
1 2424 26948
1 100222 195328
1 160343 13548
1 124225 54027
1 126203 83495
1 78773 371
1 101837 47659
1 150357 184668
1 161419 180116
1 127830 173032
1 139041 198302
1 109540 160335
1 104773 92643
1 161240 83514
1 141336 83542
1 47037 77413
1 125115 137087
1 85829 185332
1 65519 24953
1 22470 113365
1 75184 113257
1 76665 60120
1 116115 15233
1 53685 33292
1 81503 177140
1 125288 105114
1 28329 134331
1 16407 193126
1 194099 162505
1 77655 76452
1 11077 55242
1 135563 54264
1 127117 193698
1 170080 152402
1 63285 21668
1 96902 139144
1 23107 6353
1 163312 81013
1 86134 43859
1 90511 169809
1 153566 132344
1 169866 139794
1 36987 120691
1 156802 80834
1 65241 2640
1 122820 22434
1 134891 1464
1 29647 15742
1 159143 60197
1 155527 146961
1 89121 176039
1 74170 155
1 116715 42198
1 182802 176961
1 6957 172825
1 172570 86181
1 16448 133848
1 191030 84486
1 76623 111806
1 165660 154394
1 178929 105010
1 120856 618
1 8129 133078
1 77056 108398
1 9472 95680
1 163700 114281
1 100332 23352
1 165721 14599
1 82721 174770
1 166358 9268
1 36848 63117
1 87888 23871
1 12989 12620
1 21730 117040
1 73822 136979
1 74079 9191
1 185650 8677
1 56843 119286
1 79359 197725
1 98519 9536
1 98896 81258
1 100637 196755
1 116557 132240
1 187933 110786
1 58716 58843
1 17462 114503
1 82487 56805
1 53543 51416
1 23310 91403
1 153798 108872
1 134496 55788
1 130945 106336
1 186133 37346
1 17813 12158
1 16222 80901
1 199116 191021
1 166095 8861
1 46460 63430
1 156221 120742
1 188924 88710
1 40788 1546
1 117672 13745
1 188283 150938
1 9752 168807
1 33130 38094
1 197660 149828
1 138123 193791
1 80123 83837
1 145808 25889
1 166894 117176
1 152661 31557
1 101975 117612
1 30454 62351
1 80391 152954
1 11698 118964
1 178415 182219
1 49345 117239
1 15845 19818
1 190195 59748
1 146970 42788
1 135242 140621
1 175066 8542
1 181273 50629
1 150277 188342
1 104477 41434
1 156557 25886
1 37724 52311
1 64496 14389
1 175548 70201
1 75830 171047
1 181478 171184
1 139438 38279
1 130972 131738
1 35045 38443
1 78615 135419
1 138151 125319
1 150629 110080
1 45242 119245
1 11137 151733
1 19159 162884
1 96308 85189
1 72171 135271
1 139435 121329
1 159054 29121
1 104410 194130
1 76995 114950
1 121425 16723
1 28593 158644
1 122844 124458
1 186271 128747
1 137120 95319
1 62645 158665
1 178803 62495
1 61042 58122
1 182652 71305
1 74473 145566
1 48396 110489
1 30912 165068
1 49275 972
1 69867 193031
1 31303 17108
1 122661 121806
1 176041 170517
1 4271 18569
1 65145 183584
1 21453 134690
1 158277 59759
1 64574 18337
1 59692 162657
1 144891 145035
1 143232 121207
1 78898 152253
1 168861 165071
1 79044 193860
1 132675 36896
1 48829 188671
1 173883 142901
1 45331 80120
1 197480 50158
1 161377 179135
1 162988 187636
1 39525 45193
1 143678 5308
1 142328 96328
1 142025 14272
1 20428 150475
1 118792 116024
1 139820 14935
1 154719 17119
1 108079 99335
1 110396 48804
1 74109 74722
1 82414 155503
1 114054 128827
1 164806 171990
1 159424 161805
1 92140 27102
1 141472 82070
1 15620 160950
1 114140 160180
1 170049 61106
1 8223 18559
1 79369 23172
1 13773 190950
1 184011 120577
1 132984 187854
1 196445 167442
1 96483 19238
1 6169 74424
1 150198 36687
1 79801 9028
1 176194 165611
1 159217 46806
1 68854 53572
1 4110 45141
1 24801 7199
1 173773 141871
1 84906 20257
1 97149 78547
1 134605 4002
1 27864 181100
1 35992 193423
1 25694 145120
1 126182 37510
1 143859 193672
1 40795 67564
1 55867 61361
1 80159 77778
1 127604 33043
1 50655 110152
1 119828 93329
1 160193 79361
1 134243 54769
1 149094 144808
1 80859 86109
1 8422 161153
1 107326 135194
1 144648 178436
1 124087 16583
1 98240 97463
1 95860 84825
1 165420 64395
1 39811 41877
1 135249 162424
1 46764 136207
1 197906 95196
1 170254 138657
1 101874 71632
1 98237 85359
1 159243 65164
1 84827 75993
1 160207 57021
1 82037 2561
1 68669 52197
1 104225 2431
1 191207 174515
1 7253 119329
1 33955 7715
1 97802 30504
1 15438 187800
1 17809 105472
1 113800 34615
1 108661 182591
1 107757 78534
1 31187 47584
1 99473 129350
1 86454 188737
1 55999 38414
1 114486 107034
1 152690 193513
1 77075 148544
1 168980 87601
1 83021 18266
1 120630 123116
1 50439 58594
1 18703 98087
1 82716 84895
1 109434 154321
1 182592 17761
1 98090 26394
1 108699 144381
1 151152 58765
1 96739 60555
1 86895 1962
1 37176 197917
1 124318 96328
1 133509 168897
1 192447 155497
1 75860 15418
1 163166 161375
1 17010 159994
1 124749 32415
1 124420 42147
1 192478 91747
1 80232 99136
1 190625 12549
1 24591 154110
1 158239 55961
1 138522 99759
1 124823 8843
1 28084 167554
1 137080 49146
1 90736 94523
1 89951 39444
1 198947 107386
1 41107 28467
1 142723 156457
1 15997 111927
1 80001 81350
1 16556 185508
1 112740 49299
1 165577 45054
1 125990 44955
1 24471 17059
1 43732 63847
1 36207 24232
1 91873 185152
1 114937 18744
1 79243 104487
1 66222 55785
1 193905 186577
1 56972 50016
1 95731 136680
1 120858 38119
1 115019 59070
1 124446 133836
1 141356 25812
1 146780 164605
1 77017 46091
1 86736 27554
1 132552 46058
1 145262 93306
1 112503 144016
1 17369 16441
1 97486 51515
1 134562 196257
1 189686 133049
1 60291 104799
1 25081 28140
1 37978 66408
1 189595 94981
1 75306 129236
1 7800 135161
1 113168 199035
1 52063 105224
1 162050 177742
1 91182 53167
1 6798 195640
1 53998 76330
1 39504 35253
1 180593 31983
1 102644 195058
1 23659 179048
1 114414 107559
1 145165 104752
1 117367 77169
1 50088 74577
1 39241 188723
1 156289 58747
1 157022 73390
1 43760 50568
1 40869 34272
1 130558 197487
1 10117 185882
1 99839 188294
1 71766 28709
1 103021 161725
1 138460 110742
1 84422 152023
1 48902 76016
1 2408 78379
1 19111 7674
1 55787 152538
1 163379 44449
1 20094 73042
1 125757 3089
1 66757 134468
1 45872 195214
1 6257 110498
1 109068 38744
1 13153 1564
1 8354 181184
1 7673 169179
1 141650 47301
1 94146 66942
1 4739 117170
1 44865 150932
1 148835 121532
1 194010 151770
1 59808 26903
1 12967 67062
1 113447 101209
1 29140 177844
1 133468 28691
1 49598 102848
1 137243 145835
1 6221 189924
1 71021 186814
1 74638 186562
1 19021 150069
1 90708 123157
1 28316 101478
1 101648 85156
1 56162 40750
1 116975 194696
1 97096 88012
1 104949 80095
1 199570 83840
1 132120 48272
1 129633 146788
1 37406 96256
1 172969 108298
1 172153 145109
1 167663 183832
1 4899 52778
1 55430 154912
1 190198 111955
1 97739 47363
1 178510 144659
1 163422 136264
1 138466 164187
1 189090 83960
1 190751 32004
1 147192 69309
1 144774 38351
1 125815 35451
1 15368 33948
1 97968 85870
1 72223 138088
1 68896 141124
1 22064 112779
1 157813 21373
1 105311 115122
1 91654 59714
1 124466 101017
1 42637 54467
1 147625 101324
1 7784 184916
1 47261 78367
1 192015 94920
1 114776 81642
1 155670 190351
1 157748 49738
1 184038 108237
1 44151 77525
1 77816 63357
1 150125 56477
1 83474 43461
1 172167 156328
1 88518 21018
1 191348 139438
1 195880 82325
1 22974 13715
1 102288 188822
1 42408 94438
1 151696 168090
1 128901 84569
1 185590 124248
1 163866 64195
1 81540 116193
1 37111 139476
1 26670 168952
1 1939 170583
1 173269 144943
1 116711 128174
1 51267 107651
1 77069 20553
1 194151 199737
1 35737 93927
1 4050 11833
1 130295 3793
1 126450 183146
1 199237 184788
1 66382 128335
1 88691 47103
1 163714 13474
1 194201 71836
1 5243 190575
1 57817 17075
1 82998 191283
1 150326 36924
1 124917 176693
1 109812 24291
1 126786 54628
1 42672 67650
1 25960 57906
1 39874 198234
1 117295 179120
1 31761 13779
1 58455 54379
1 68214 199349
1 150103 26630
1 162709 48423
1 152472 15769
1 99127 122919
1 50348 172233
1 27756 68489
1 85843 79785
1 36193 47988
1 153073 166416
1 198397 34522
1 192457 143611
1 140417 77368
1 194685 104677
1 64800 112526
1 182473 30309
1 104475 135007
1 15293 172615
1 119137 75883
1 157626 199279
1 34470 50348
1 39088 107114
1 5442 99087
1 160727 186518
1 11724 186420
1 88555 179892
1 44600 18856
1 4908 60171
1 8493 132962
1 69525 92032
1 47146 7228
1 51228 125107
1 49691 129715
1 51050 121693
1 93367 138913
1 99612 180135
1 192733 152057
1 93434 161421
1 44847 174020
1 146359 169780
1 39534 57179
1 169769 192456
1 15127 116644
1 188490 178266
1 118397 152593
1 176559 5305
1 48104 24854
1 28871 80399
1 152877 39722
1 144599 49150
1 102990 114369
1 25525 97851
1 169812 163848
1 142082 75179
1 97451 100001
1 161836 109692
1 179646 84320
1 41763 110725
1 150676 182086
1 177179 129313
1 182698 23293
1 55427 165001
1 11089 6164
1 176900 100273
1 174601 111484
1 25980 158564
1 123423 76803
1 128700 57827
1 64516 113807
1 94848 176826
1 118639 2142
1 24302 130661
1 95861 135868
1 42321 122338
1 13094 52806
1 105943 43927
1 195435 71838
1 13832 19111
1 77405 126958
1 146697 64271
1 122792 162081
1 70865 142214
1 30049 125598
1 147370 58581
1 136356 182151
1 20331 198708
1 198258 70131
1 37620 25191
1 34122 35111
1 19627 14488
1 147846 62171
1 17781 92405
1 9912 186347
1 189880 2635
1 67525 163931
1 157199 58595
1 165953 75344
1 93262 44829
1 144396 29323
1 189431 125899
1 82412 17256
1 176316 92113
1 73964 188695
1 130680 96059
1 174965 159961
1 69864 109917
1 98090 11518
1 178927 121457
1 26953 189277
1 153097 152621
1 143168 67029
1 104526 140260
1 181644 99202
1 185706 107040
1 158168 7106
1 24155 70013
1 102421 52714
1 138220 87495
1 56278 13443
1 29040 15767
1 6254 188682
1 39234 93931
1 137613 178791
1 50491 18501
1 3863 161453
1 76020 102342
1 80710 186386
1 120253 134027
1 130498 49520
1 171102 11911
1 73598 16827
1 55181 66721
1 171990 130437
1 48112 124624
1 27367 20975
1 164309 192374
1 82158 126898
1 187503 162746
1 11300 141710
1 54802 93800
1 36121 60433
1 60401 45005
1 193487 169163
1 181910 139279
1 58970 4367
1 82594 44682
1 29621 14638
1 170695 4273
1 118375 184688
1 132483 14500
1 79191 163091
1 134431 157709
1 158892 53704
1 95975 52352
1 37993 20011
1 47596 116947
1 122887 153217
1 103287 25531
1 195284 99192
1 143887 59752
1 95628 114394
1 168302 101922
1 122614 165075
1 183935 75365
1 163008 190244
1 147996 35833
1 174238 141287
1 139142 40086
1 93856 173893
1 27684 178103
1 178323 79413
1 83712 102013
1 22042 107575
1 57472 83911
1 100428 189904
1 114209 13966
1 157264 173448
1 82105 2694
1 19191 74849
1 157678 113715
1 120666 89049
1 23538 57225
1 140021 193059
1 145921 117768
1 173315 67681
1 66589 172374
1 60570 50341
1 175816 199838
1 97225 121897
1 191938 34985
1 72240 169805
1 192132 198778
1 113247 31696
1 168317 65775
1 148274 128529
1 168076 21141
1 163628 110471
1 182462 51020
1 54419 115134
1 43017 140316
1 117260 13844
1 137225 36566
1 156407 627
1 80634 126447
1 124300 11793
1 199926 68185
1 26998 71077
1 34032 25827
1 158896 141419
1 46192 85331
1 42655 78299
1 62609 109506
1 120431 90854
1 130680 23032
1 176432 117425
1 49046 199880
1 185075 108309
1 187041 13102
1 75873 56791
1 56655 87271
1 30492 50341
1 112532 10192
1 99352 86033
1 47260 185410
1 181308 1489
1 129547 154284
1 52276 69047
1 9972 170995
1 18010 49645
1 55768 26375
1 17349 21620
1 57888 70918
1 175729 197534
1 83613 92566
1 191120 186313
1 90239 37182
1 105392 131038
1 107347 133637
1 61262 130441
1 178562 161358
1 135929 109690
1 98374 40754
1 176043 140444
1 162990 81055
1 30309 181589
1 90197 32368
1 65289 1535
1 60191 199310
1 73596 138149
1 58485 30983
1 74429 35648
1 170242 79340
1 109888 136563
1 96173 3568
1 69775 120261
1 29592 58751
1 49249 88990
1 151513 148507
1 145084 137092
1 15351 120702
1 144904 195734
1 117161 33388
1 145589 113034
1 196363 197719
1 146255 151907
1 97633 148023
1 49311 103158
1 40911 101610
1 174532 160350
1 159384 89994
1 184723 94588
1 146199 181133
1 195884 181620
1 91451 70369
1 146461 131045
1 32199 122504
1 42556 124328
1 132426 177649
1 124159 161740
1 52379 47961
1 138207 143248
1 55320 194849
1 115054 180065
1 142623 169583
1 81653 180629
1 15693 147338
1 8466 118888
1 58358 90865
1 157584 168245
1 85862 47932
1 57352 182264
1 154774 81462
1 196664 12163
1 11889 57465
1 150305 126142
1 140360 183372
1 194086 71268
1 96211 10682
1 2338 52026
1 100074 192244
1 970 169297
1 126852 153512
1 174212 34687
1 189231 37346
1 106375 84889
1 113424 41250
1 181300 46197
1 142748 158143
1 139316 163614
1 33430 124924
1 119443 168920
1 159370 125481
1 102555 62614
1 193802 26876
1 106228 39097
1 38184 121071
1 170812 154058
1 148533 179420
1 91682 173242
1 167032 97112
1 198665 60376
1 158962 162125
1 74842 25364
1 46928 162075
1 79401 96115
1 12272 31729
1 193227 152658
1 90969 178663
1 39031 36959
1 118517 113758
1 73307 65813
1 38289 8154
1 10690 180792
1 116695 46431
1 28196 126865
1 10123 168908
1 160652 53034
1 13123 34164
1 60209 168460
1 1003 116035
1 28110 179704
1 72121 113104
1 61891 32228
1 31788 99774
1 141232 52279
1 6540 187672
1 79056 150600
1 42845 73709
1 156948 6098
1 58788 35113
1 10368 138811
1 147870 5044
1 134026 123271
1 20029 15312
1 140465 214
1 26789 44270
1 193947 75686
1 163367 51793
1 163442 131525
1 39741 184550
1 126656 199190
1 154950 109731
1 121546 83912
1 164099 95006
1 143466 14674
1 1106 104368
1 191664 77873
1 28329 3403
1 90810 164518
1 30806 79320
1 65170 192875
1 121462 69972
1 180936 57717
1 105267 14893
1 81553 104431
1 9154 102488
1 23583 134324
1 88156 177846
1 88577 51022
1 193276 86759
1 77949 152110
1 190042 145070
1 121323 156908
1 171494 86022
1 10645 71232
1 179719 63236
1 67917 168512
1 53589 71982
1 1486 158108
1 20885 110811
1 44119 116632
1 68340 35276
1 197508 21769
1 18694 168329
1 56429 63378
1 53056 89664
1 120004 13343
1 172980 28954
1 52266 15970
1 179340 152095
1 149650 146893
1 24648 113932
1 176601 175824
1 7484 183155
1 68900 95061
1 96005 199443
1 199420 65721
1 187275 71096
1 118119 82764
1 35836 110485
1 18951 42571
1 155847 169311
1 25719 145181
1 125975 51501
1 199716 106124
1 149650 149325
1 37545 36229
1 43985 194985
1 180526 131154
1 165665 66459
1 77827 31318
1 94330 13006
1 169528 143497
1 115583 149142
1 155776 159670
1 167222 27537
1 113670 21555
1 198729 176382
1 176783 69343
1 160765 63005
1 47697 8929
1 17905 162633
1 83922 120671
1 185178 178962
1 94981 58685
1 147389 150623
1 57186 100376
1 152045 48771
1 108676 41282
1 128583 12957
1 70280 50751
1 120044 143285
1 79970 13184
1 119037 194900
1 107139 86879
1 147740 138532
1 49513 12571
1 155489 63690
1 49798 68309
1 96410 184768
1 199829 118026
1 70920 12790
1 153977 96019
1 64599 1066
1 143447 70810
1 87964 52357
1 166581 32223
1 79445 26234
1 170004 90987
1 143132 57434
1 60299 100243
1 124653 109434
1 60261 31216
1 154201 6024
1 197756 45725
1 140106 177705
1 10007 20785
1 47290 123160
1 119744 3326
1 196270 107643
1 74794 113546
1 124471 102727
1 92354 165837
1 191338 106134
1 180563 177836
1 193502 144199
1 158368 85556
1 26792 71573
1 160252 65881
1 47635 80955
1 87661 14192
1 159011 153927
1 166529 130218
1 192138 198973
1 31408 164883
1 40426 67311
1 35827 44362
1 145293 18394
1 41188 78851
1 184867 76100
1 39575 38715
1 77947 85971
1 128185 168186
1 163012 115951
1 87462 50702
1 37509 23580
1 136783 69254
1 50714 152594
1 119693 166253
1 147121 30174
1 159488 154952
1 14469 91005
1 26156 92946
1 142041 198263
1 341 43063
1 174968 112505
1 126169 64783
1 166187 65654
1 6670 155676
1 87867 97344
1 180508 109895
1 125928 137122
1 6429 117206
1 80170 190656
1 67762 103665
1 194023 71858
1 121768 122518
1 45493 167774
1 100493 99738
1 40850 13652
1 147596 80162
1 42144 98351
1 113680 86113
1 179749 93225
1 14999 190228
1 30787 24318
1 101333 157947
1 145012 19653
1 96076 160922
1 17546 69003
1 40425 63663
1 1380 64754
1 158433 25653
1 71411 180681
1 181260 73753
1 178415 100523
1 77314 35708
1 84629 179229
1 37876 174377
1 28451 41507
1 38861 31192
1 42709 196003
1 131081 193891
1 23265 28094
1 21462 177992
1 93233 179627
1 105577 113439
1 148832 179925
1 151266 58397
1 127671 36278
1 167779 134281
1 101033 187572
1 113262 188093
1 111821 124795
1 114366 135839
1 18715 71965
1 65575 22433
1 184233 59303
1 148977 118392
1 150823 116612
1 180722 46169
1 165528 168726
1 133162 108217
1 134803 101907
1 46755 50053
1 1209 180317
1 89546 33120
1 4152 44261
1 45512 77212
1 68353 96770
1 62949 71995
1 138054 62925
1 62110 64807
1 146743 48000
1 37188 50352
1 88445 191887
1 28120 6533
1 122871 2310
1 155877 196661
1 81460 190372
1 38685 169446
1 64561 54391
1 121655 129174
1 89236 139576
1 35208 134610
1 79017 86505
1 68449 23349
1 91100 157677
1 68201 61218
1 107510 101096
1 33722 52227
1 142684 193048
1 143936 96259
1 159046 21554
1 185424 62410
1 148860 182977
1 50567 154937
1 98326 14843
1 116900 77541
1 117493 92197
1 136231 29015
1 123132 50409
1 85930 836
1 5204 45429
1 123520 55049
1 90720 126550
1 41164 183147
1 21436 88086
1 135203 120205
1 46844 81427
1 124134 102257
1 154467 115745
1 7961 152244
1 141858 50849
1 139720 117700
1 87698 10594
1 57692 157219
1 16628 185080
1 71993 197025
1 163944 192795
1 184091 163862
1 111403 97603
1 88561 143966
1 64981 148289
1 165689 134105
1 96595 181664
1 73116 116643
1 147105 48700
1 13068 16719
1 3147 79266
1 142364 91306
1 50980 111849
1 187936 85678
1 32775 47888
1 176133 8580
1 68814 69913
1 102771 109695
1 196240 120358
1 178785 158230
1 87263 91474
1 95928 41440
1 126785 88593
1 132780 40981
1 190381 76491
1 118679 18372
1 129098 91445
1 182935 93456
1 14179 95089
1 34793 124207
1 29294 102761
1 173703 109349
1 133567 39399
1 42111 161277
1 74567 105015
1 175892 94409
1 105105 150527
1 126426 170330
1 39167 38174
1 106509 5378
1 90369 193285
1 69810 139337
1 54678 147666
1 159793 49070
1 43975 186803
1 177841 178592
1 111521 52409
1 38133 171452
1 49202 183803
1 11767 32328
1 28679 27118
1 94339 74159
1 192804 143043
1 123862 79615
1 130948 174272
1 100087 68193
1 126547 75106
1 37909 11671
1 150377 20530
1 30178 68284
1 156296 175206
1 22896 152503
1 183576 165882
1 61386 153600
1 175073 21775
1 8212 33047
1 55562 93956
1 142373 127298
1 197073 116947
1 17381 175367
1 186314 88238
1 69283 8489
1 170012 155226
1 192633 30567
1 187385 38540
1 196387 101425
1 194909 182274
1 179292 66285
1 31818 57251
1 99067 118122
1 87555 10394
1 65997 144228
1 112646 171824
1 133491 197880
1 180749 197609
1 148413 44713
1 91016 171169
1 161288 102739
1 55316 18342
1 154709 112878
1 98559 162328
1 146155 39751
1 90560 82047
1 145647 167610
1 66033 93997
1 56066 49266
1 154831 154325
1 25626 194981
1 175796 23787
1 16292 18123
1 183763 126780
1 8153 138846
1 152053 207
1 166878 5719
1 127666 71869
1 50274 84711
1 155059 24271
1 30899 134836
1 119143 151958
1 128800 80917
1 62339 2063
1 84566 20048
1 16126 55607
1 158964 25875
1 175244 6571
1 39920 102065
1 113242 190020
1 80174 138910
1 117898 109362
1 29406 186029
1 151792 78040
1 181591 6920
1 29709 178599
1 38961 199665
1 78411 85310
1 8104 16248
1 21433 120705
1 151087 77180
1 43016 17144
1 196498 18278
1 184581 146218
1 58319 131107
1 143321 114746
1 13430 35937
1 62591 87362
1 120063 94733
1 60164 2990
1 167340 1547
1 152708 13019
1 69535 79030
1 36131 36784
1 87678 119065
1 106635 43772
1 179269 144366
1 178148 30096
1 82412 68054
1 165785 156768
1 177018 39192
1 201 7445
1 172008 127839
1 7243 48693
1 18745 80814
1 153575 93943
1 153177 73446
1 139794 95008
1 106869 142458
1 156265 137058
1 23002 73649
1 91056 55926
1 116305 47197
1 78732 176440
1 170554 12442
1 163518 88771
1 93800 194826
1 141858 98382
1 12668 130319
1 122856 82885
1 58757 101449
1 157713 113259
1 52311 27730
1 134829 135024
1 128554 119031
1 111827 116430
1 63221 11384
1 123106 70121
1 39563 87810
1 61238 12583
1 124469 81451
1 149805 198157
1 197585 21679
1 70748 168347
1 166891 19562
1 4492 66410
1 11866 50902
1 197882 26499
1 150685 1478
1 67150 189122
1 117173 196323
1 79450 15340
1 85894 188837
1 161623 16269
1 133737 22293
1 143707 36950
1 149908 159489
1 197150 152629
1 181934 151168
1 83566 25846
1 21612 129256
1 157808 134874
1 176752 180045
1 195673 132790
1 108195 151228
1 39661 85646
1 125905 179767
1 20086 1778
1 182149 29938
1 120072 186969
1 15781 112910
1 88307 191739
1 128720 85908
1 107337 50548
1 18166 198325
1 119570 37399
1 64759 112513
1 83980 173391
1 121919 80678
1 105000 48253
1 44706 116906
1 144129 46733
1 112627 47339
1 54495 182618
1 69738 99157
1 5165 145221
1 154934 36836
1 40566 102545
1 170080 120028
1 29029 17921
1 59105 141830
1 37822 33588
1 198661 77421
1 164696 162880
1 190464 108632
1 23325 173326
1 164241 146825
1 83588 150518
1 10261 49142
1 32589 87068
1 46318 172679
1 133117 199753
1 160149 71185
1 138588 57421
1 25532 166417
1 146476 155156
1 177703 121515
1 149355 20615
1 77837 143587
1 167435 175782
1 174442 154333
1 190897 37923
1 171944 15185
1 45036 147330
1 54831 1362
1 181495 20014
1 109576 11968
1 80050 30046
1 123705 180107
1 51484 103977
1 109212 49194
1 89748 146790
1 95297 156251
1 21521 180999
1 63751 67997
1 10399 140536
1 49526 107307
1 91804 126132
1 32607 101050
1 754 90663
1 39735 66741
1 48406 109002
1 45552 568
1 95106 10171
1 127706 40203
1 66607 7644
1 6329 168288
1 1174 36653
1 5351 88207
1 154663 19117
1 121195 60497
1 72330 187374
2 30252
3
