200000
1 62976 131925
1 96664 147646
1 176112 41311
1 169915 196881
1 6295 180236
1 138407 96273
1 18621 170693
1 160516 80500
1 170592 5045
2 179777
1 95149 23904
1 68468 11867
1 135479 179500
1 92564 11181
1 26024 44268
1 106874 160121
1 49469 110448
1 129624 149238
1 64493 113113
1 55002 171226
1 44016 74566
2 182860
1 46990 9490
1 78537 2759
1 135178 137783
1 165844 24481
1 197339 90414
1 2464 114325
2 138910
1 73026 45358
2 92702
2 70687
1 89540 180478
1 29818 138218
1 157240 170997
1 105745 187524
1 104765 91872
1 125233 5368
1 163628 10766
1 21249 120386
1 1364 49595
1 98554 9370
1 21188 109438
1 99157 192449
1 79319 100149
2 187378
1 88137 104834
1 143039 25674
1 22298 143706
2 184561
2 144523
1 117481 86056
1 4738 87162
1 36467 177104
1 150477 134809
2 65155
1 26929 18754
1 3257 41531
1 93176 63771
2 5739
1 148830 17665
1 181375 110851
1 126251 1313
1 84867 95831
1 161765 80423
1 12655 2070
1 180444 28781
1 142711 90101
1 40139 80351
1 2662 169243
1 179841 42698
1 13484 20813
2 131217
1 92137 111593
1 27161 118715
1 80325 183992
2 138421
1 107327 75213
1 157769 98153
1 139127 66343
1 91590 117324
1 101424 48398
1 95285 90651
1 38388 40961
1 168366 83585
1 167043 51821
1 122520 160870
1 84507 87447
1 199261 154170
1 91399 178510
1 105549 167555
1 130795 122768
1 97298 182566
1 5390 66172
1 117204 70515
1 24681 69816
1 60269 198003
1 74607 195683
1 99535 18869
1 134493 187838
1 133044 4951
1 52164 12566
1 176583 37586
1 76884 116149
1 125713 84042
2 116715
1 116193 82150
1 17211 23518
1 9813 130192
1 62017 166535
1 68008 187260
1 141632 171728
1 93817 106916
2 95119
1 172859 126915
2 89026
1 134785 172320
1 107105 39018
1 38843 174360
1 13694 104087
1 90446 130926
1 182401 180380
2 6251
1 66745 188093
2 167775
2 179242
1 109217 39986
1 161474 133813
1 191129 196225
1 126339 55680
1 126915 56573
1 68469 1964
1 149524 35671
1 82679 83198
1 96011 190290
1 81727 101385
1 173975 70475
1 124385 106841
1 178692 104712
1 97247 183906
1 183788 184645
1 51441 196648
1 18267 14525
1 61782 115504
1 146691 27062
1 118491 54694
1 28257 71952
1 25963 83727
1 62959 153871
1 15256 147442
1 181900 81062
1 56169 88707
1 25705 76550
1 123364 84624
1 4660 51943
2 2782
1 74965 43978
2 20328
1 136808 64264
1 124224 45792
1 172062 7600
1 89214 44412
1 93763 109217
1 135777 2331
1 8637 125164
1 153088 170968
2 154707
1 55611 13503
1 158864 166877
1 12363 125601
1 47344 124970
2 161001
1 167701 83200
1 33034 3886
2 34620
1 74048 178824
2 29268
1 141867 106073
1 3423 165234
1 146137 72816
2 85504
1 172865 27318
2 11680
1 87682 50289
1 153401 171599
1 102324 56964
1 128814 98931
1 191220 91831
1 187327 110714
1 59421 49132
1 75844 190755
1 22433 109329
1 107145 15880
1 98961 127630
1 75256 33003
1 130281 33075
1 87235 39170
1 190432 128224
2 11030
1 55555 196078
1 113002 67388
2 182403
1 162239 101048
1 138227 151908
1 162394 197058
1 60793 195901
1 50217 151760
1 77561 199853
1 30269 108389
1 183455 141899
1 93570 24966
1 71904 15502
2 146151
1 66134 77187
1 138557 146769
1 185138 166387
1 102364 133760
1 50996 100675
1 39572 29185
1 136282 104067
1 146783 67926
1 149242 26434
1 195069 195683
2 14258
1 21751 17474
1 44798 96080
2 107264
1 133032 95234
1 33135 90082
1 95969 81920
1 195482 196677
2 78954
1 85687 17601
1 140195 81638
1 158841 14859
1 3503 92899
1 48420 20472
1 25705 161988
1 166928 31917
1 76801 43890
1 89789 104251
1 27487 32447
1 195068 184885
1 175594 151962
1 69085 126321
1 134101 194234
1 42264 48094
1 192747 76612
1 15039 95367
2 13595
1 163227 195876
1 101856 139975
1 53241 170822
1 6785 74826
1 47412 149186
1 5426 18056
1 191115 153399
1 52568 168954
1 63253 47034
1 170608 19833
1 69198 29628
1 52664 132874
1 174755 87160
1 199964 95211
1 150523 107873
1 126691 2526
2 176902
1 103725 186267
1 45666 7178
1 21048 180418
1 106071 161451
1 90630 182006
1 138670 38139
1 162255 169055
1 23168 36418
1 184520 91867
1 6783 130191
1 193965 8618
1 159781 171455
1 166287 145243
1 72604 156430
1 176990 6135
1 9519 33116
1 55799 45996
1 143921 30656
2 19825
1 58482 195500
1 24917 36773
1 133564 177676
2 96149
1 62613 54727
1 91110 63689
1 176905 93648
1 144897 164198
1 43330 81728
1 40921 103085
1 125555 102520
1 93240 111315
1 143974 26015
1 68468 82609
1 71531 174505
1 84212 142957
2 55623
1 123410 127619
2 138757
1 103386 141215
1 54185 135926
1 18219 176258
1 23626 98714
1 154761 107696
1 52641 178323
1 35569 50344
1 182898 175446
1 156917 106200
1 175315 30455
1 173454 2191
1 163231 8311
1 177187 115811
1 102431 198736
1 25241 74467
1 21237 139647
1 197659 98880
1 91979 126612
1 163947 59703
2 87548
1 131657 7146
1 169818 164225
1 107969 180964
1 106080 159710
2 133578
1 129312 117747
2 27712
1 97510 146773
1 199594 146588
1 35921 40951
1 88225 55973
2 189335
1 38238 60758
1 164785 59542
1 149726 170131
1 91650 138530
1 126536 18999
1 61709 149516
1 169521 44636
2 145944
1 39620 135359
1 141363 2106
1 188153 26676
1 170002 2692
1 26079 55291
1 122084 180078
1 143441 80306
1 168969 126527
1 24163 88184
1 117024 167617
1 185223 43192
2 192029
1 111461 167681
1 115795 13966
1 37574 115917
1 130507 46120
1 92471 35982
1 147851 148182
2 132450
1 65965 56399
1 62735 3636
1 95885 183481
1 171925 190444
1 170316 158774
1 6975 85603
2 81530
1 108599 155382
1 43230 40149
1 90041 118190
2 79046
1 85032 75960
1 177009 158071
1 99495 67550
1 139909 68471
1 155004 151911
1 39336 65085
1 118727 149743
1 158425 119007
1 48875 9216
1 146184 22844
1 85177 126044
1 87136 9515
1 195866 17608
1 109848 3491
1 100800 1113
1 118646 151531
2 177998
2 47235
1 17413 49471
1 153823 101019
2 32918
1 58868 116157
1 118269 18457
1 10394 26219
1 159176 78917
1 152987 102532
1 189752 86780
2 124779
1 37809 70925
1 128345 94198
1 121068 31277
1 153083 123152
1 159703 116978
1 41399 62429
1 50207 85240
1 187820 84866
1 2966 198245
1 170888 176972
1 33689 11897
1 52820 159646
1 175490 59352
1 27459 139616
1 132944 112854
2 132668
1 49289 138452
1 136123 84582
1 106165 116893
1 197587 107379
1 81415 149029
1 120438 73775
1 28631 139389
1 122665 82891
1 112097 164278
1 99862 20517
1 161242 44561
1 155900 136091
1 141235 142506
1 28054 61392
1 123501 43104
1 120329 14268
1 81822 121288
1 128210 148218
1 173058 64658
1 181870 170766
1 59525 135931
1 104331 54582
1 191120 16821
1 1199 108851
1 82130 139027
1 169640 112791
1 193169 20409
1 144372 170129
1 159537 30148
1 172592 83319
1 123203 157878
1 140038 96466
2 191121
1 108001 140883
2 40751
1 137059 135869
1 111014 92694
1 193072 118681
1 141348 68594
1 42911 186535
1 86589 27469
1 176518 33923
1 83318 170556
1 53418 154500
1 144335 29512
2 15209
1 8119 134928
1 188516 99114
1 8434 175318
1 159035 13698
1 129878 154910
1 138177 25000
1 56229 187536
1 161671 103132
1 54542 146319
1 2137 594
1 60894 116672
1 67659 8805
1 186212 56217
1 158855 61818
1 135141 92653
1 24149 103794
2 51394
1 148006 34858
1 93608 91174
1 67393 142131
1 177599 81524
1 151180 115427
1 90095 155247
1 6853 117563
1 146924 133804
2 45466
1 35304 45644
1 50645 164889
1 128841 27983
1 117273 169946
1 197826 182767
1 22978 173739
1 30709 96169
1 94907 27004
2 111884
1 56 195526
1 146 103649
1 100931 142403
1 177958 113071
1 187279 121409
1 154267 55609
1 130257 146819
1 175072 65657
1 138328 84692
1 15983 137099
1 56377 140110
1 24276 160858
1 19771 178982
1 16571 129676
2 102979
1 125367 33662
1 83693 136385
2 54127
1 66450 77723
1 106411 52726
1 58144 9611
1 69750 101708
1 104602 189206
1 169402 139302
1 133083 82163
1 59476 107541
1 57538 61193
1 37967 4788
1 159643 65780
1 56306 132375
1 147213 7958
1 179536 100400
1 32838 26466
1 145228 137794
2 152996
1 42328 5227
1 168881 103462
1 105070 129119
1 194753 129938
1 33365 30800
1 107046 156135
1 149855 26094
2 128189
1 192179 142182
1 69860 57399
1 39172 189044
1 193547 143268
2 105875
1 16142 65021
1 143800 67011
1 115483 167261
1 142767 195638
1 64348 51051
1 3735 178450
1 80467 18604
1 12537 110741
1 7901 199959
1 76533 21020
1 101881 18369
1 86254 187888
1 143958 47883
1 127732 172947
1 27170 104010
1 136562 129033
1 19279 160695
1 89049 24298
1 115752 155800
2 65996
1 50261 140885
1 22371 26893
2 22209
1 47009 161017
1 163986 75545
1 74409 158058
1 135390 63794
1 71038 4149
1 34778 168683
1 162369 112240
1 93944 58323
1 76907 24975
1 7377 128406
1 14583 121075
1 178284 30766
1 160076 19894
1 153998 195463
1 165997 103414
1 142147 4722
1 98276 109088
1 118251 165071
1 69548 105599
1 123336 178613
1 96670 166277
1 88199 164003
1 141406 100761
1 23244 170475
1 65734 172257
1 28099 75421
1 107347 50641
1 37220 154930
1 127695 93556
1 140294 139067
1 147071 171451
2 152487
1 199590 136013
1 113849 131899
1 43323 158520
2 175516
1 41042 177524
1 101527 28086
1 82569 63832
1 17279 99518
2 84117
1 195444 135612
1 24182 72744
1 171301 105427
1 177576 21182
1 107771 48129
1 169701 174216
1 71163 62665
1 48542 35420
1 185332 139452
1 20695 53659
1 35813 87624
2 174838
1 167797 114027
1 173859 133515
1 42204 29101
1 154215 96416
1 42811 156043
1 64671 7554
1 124237 65923
1 59526 129680
1 124772 128294
1 181127 88708
2 22064
1 77241 87851
1 28612 50704
1 41313 114823
1 40737 43415
1 170732 112803
1 199165 95968
1 98788 134381
1 137023 42389
2 68965
1 66960 99836
2 152804
1 26862 21569
1 130435 36295
1 109365 166261
1 188301 22505
1 71009 175674
1 18557 52886
1 161949 75811
1 127554 120285
1 116672 151322
1 192547 182210
2 117302
1 181564 144653
1 165902 130284
1 174782 93850
1 196564 36800
1 105129 83044
1 177776 2600
1 138130 39179
1 191645 127778
1 195324 89219
1 141871 192411
2 12990
1 29284 175261
1 39138 131892
1 20046 122064
1 162223 148325
1 177251 58603
1 166979 147253
1 10340 83995
1 144164 22285
1 69313 179233
1 45555 186887
2 24765
1 4198 117298
1 97086 20638
1 176932 143893
1 195679 82457
1 127951 154509
1 91383 190396
1 152725 153875
1 120600 105182
1 100113 177266
1 50415 26628
1 105073 98008
1 164298 180501
1 107050 147359
1 66539 51328
1 25626 138070
2 190604
1 51466 187966
1 23332 50099
1 167672 9685
1 101547 133368
1 167331 87380
1 33372 51540
1 173352 167371
1 64472 29485
1 131089 48919
1 147946 154847
1 30248 1098
1 761 153292
1 128700 117464
2 135859
1 79695 88947
1 174736 8054
1 76542 51153
1 116169 77120
1 161129 44871
1 27079 36441
1 72456 135423
1 29919 142847
1 188399 50599
2 132781
1 42109 109751
1 58301 106785
1 76405 11818
1 4757 113677
1 76719 45811
1 43227 148910
1 96014 55236
1 110517 42872
1 145395 37961
1 165343 108967
2 186694
1 24546 7521
1 1334 199940
2 31506
2 90355
1 178378 48953
1 96612 195206
1 177825 179824
1 179674 156669
1 78410 197663
1 46314 10012
1 139019 22479
1 19276 191411
1 159162 149113
1 93062 28391
1 128521 79783
1 127001 65222
1 15763 120232
1 130988 181132
1 1638 164600
1 29880 184367
1 40337 102702
1 29494 42417
1 174064 97384
1 183110 144870
1 169333 109044
2 26337
1 111443 123065
1 28457 133825
1 174510 143363
1 193380 147535
1 41669 175767
2 19047
1 153600 178235
1 172879 179865
1 174201 90526
1 81988 138555
1 96682 114258
1 12775 69295
2 115079
1 24195 140662
2 98713
1 77364 164815
2 41308
1 65820 114214
1 104029 66813
1 146543 28680
1 69823 171290
1 33785 104257
1 122232 27583
1 180266 44438
1 136923 70247
1 98 98456
1 166120 141377
2 51389
2 115442
1 140165 69727
2 107355
1 153906 27896
1 163138 183867
2 83299
1 85717 122813
1 76521 194238
1 24987 163095
1 195850 84161
1 25386 88012
1 64634 44316
1 79047 125407
1 91946 78820
1 27713 165664
1 187998 59132
1 63319 106111
1 106555 106688
2 195877
1 1086 95635
1 180418 106068
1 68346 113327
1 8852 182659
1 177551 130524
2 53213
1 166778 178807
1 96418 195887
1 142277 152157
1 72242 177658
1 55604 119050
1 88323 108828
1 1611 96466
1 74392 138218
1 85321 27135
1 137617 18302
1 104632 110526
1 33491 107969
1 149683 7945
1 180405 85179
1 171961 51924
1 134701 136345
1 136945 69436
1 171258 11069
1 167805 59628
1 81234 117452
1 37124 37074
1 40782 74548
1 182010 73409
1 198164 40380
1 35379 80040
1 52230 106576
1 109736 189107
1 131881 173517
1 129352 63360
1 108120 139145
1 93827 180484
1 192042 120359
1 100179 175038
1 101857 126042
1 90444 73437
1 166996 121463
1 58725 86254
1 125727 159999
1 73030 82696
1 30409 146413
1 113428 22522
1 166901 110652
1 98171 142261
1 190349 41597
1 53755 108215
1 176236 181912
1 103478 92536
1 102923 18464
1 36857 80791
1 152047 61148
1 35657 167175
1 34960 194706
1 126447 97846
1 36748 124630
1 7238 35134
1 68045 53268
1 23301 177679
1 105336 193370
1 98312 181980
1 1367 109865
1 189475 101126
1 29961 49214
1 177962 150982
1 13353 28571
1 14458 94558
1 126012 19803
1 48012 13377
1 17374 30006
1 183611 156994
1 134831 209
1 24211 131387
1 16953 97225
1 115549 64446
1 112229 173761
1 127720 57729
1 189024 178794
1 179353 162629
1 67911 60051
1 147638 135431
1 36442 131569
1 155055 85867
1 193248 93488
1 168686 84005
1 134934 105786
1 188833 142634
1 10974 12871
1 150341 181910
2 45734
1 73312 154741
1 1143 108182
2 169777
1 178618 194394
1 120088 183407
2 38156
1 70206 27056
1 198515 48659
1 118136 125946
1 78896 37206
1 168115 122291
1 117831 149514
2 31249
1 43647 86328
2 176956
1 1617 176663
1 27881 31694
1 181441 17610
1 77450 118156
1 78797 194212
1 9184 114693
1 183626 21018
1 43315 38304
1 172268 146745
1 105859 192554
1 108621 43150
1 162871 19934
2 115515
1 34862 149704
1 63589 107653
1 129497 51374
1 5637 153862
1 98422 17483
1 188639 882
1 50627 131863
1 49377 62048
1 62695 175244
1 91292 95577
1 195004 18322
1 142136 71329
1 1310 10605
1 95511 25795
1 162868 64870
1 136327 81761
1 199420 108151
1 16363 76219
1 39195 106298
1 34284 137983
1 58725 143700
1 172188 8530
1 103593 137630
1 27498 81374
1 13377 8212
1 197005 95197
1 73816 25026
1 135722 159972
1 115965 135531
1 109512 170547
1 76775 16507
1 154999 75708
1 171016 184623
1 16252 104690
1 164375 176835
1 189183 28563
1 151385 13980
1 95544 154041
1 88047 1719
1 191127 97501
1 165 189906
2 142515
1 62020 91066
1 13655 78198
1 56624 47660
1 185780 175878
1 77421 101766
1 6725 51446
1 181981 106027
1 102391 180078
1 92830 9956
1 92384 98008
1 57394 120937
1 6156 36109
1 113007 180717
1 79558 121343
1 60968 23789
1 57444 156456
1 27291 194809
1 53142 138610
1 195740 48579
1 136240 31720
1 168833 137704
1 180341 65885
1 148303 167549
1 71526 141659
1 59877 731
1 193804 55758
1 144680 60782
1 29826 81970
1 81647 22650
1 16710 93818
1 160943 190894
1 47873 81026
1 139753 127342
1 54868 56632
1 146130 132123
1 80997 73350
1 9859 165030
1 147883 197506
1 118754 70421
1 24694 91354
1 41424 148180
1 30594 52794
1 4052 119039
1 135101 144703
1 20168 56047
1 124758 79008
1 130690 177987
1 181321 173915
1 120710 42416
1 176552 38430
1 40106 113548
1 117420 112120
1 30281 75543
1 53372 83199
1 147820 122891
1 58045 16514
1 81589 998
1 48219 160242
1 162126 65525
1 141398 108876
1 171986 69347
1 132944 156106
1 173626 166786
1 89621 156810
1 116234 131032
1 124395 104702
1 199996 119021
1 181341 30870
1 3117 102676
1 149763 33131
1 1158 12537
1 122324 11373
1 43758 8554
1 120622 79951
1 180398 75688
1 115108 12273
1 119461 103983
1 180361 179662
1 99309 34627
1 134652 171495
1 97869 16446
1 73717 91503
1 83168 189527
1 77263 44536
1 188677 6581
1 110166 21214
1 5769 86516
1 106066 50546
1 67537 153463
1 18836 144233
1 74764 77551
1 137344 29958
1 98393 56938
1 8027 83461
1 59060 89567
1 134423 17290
1 170535 107897
1 477 176073
1 21166 50658
1 124186 165558
1 97707 67473
1 84237 3119
1 197643 25495
1 120976 86825
1 76600 3174
1 100196 181656
1 96129 171555
1 8577 110563
1 142534 112813
1 32094 101511
1 157608 32942
1 87934 136906
1 140528 166625
1 15612 174116
1 82110 19493
1 162200 20072
1 102901 131265
1 46657 53624
1 140710 120887
1 90597 122602
1 16250 56590
1 108855 94261
1 112227 187739
1 43904 24224
1 88324 30096
1 134314 124013
1 195359 8647
1 141384 142657
1 74496 43471
1 17577 171927
1 108137 101880
1 1950 19430
1 45309 77468
1 140106 185424
1 152688 152623
1 113962 42061
1 91055 137992
1 197989 114838
1 19723 122032
1 20181 157782
1 17196 106666
1 138005 146253
1 184819 13827
1 135054 112198
1 88240 125531
1 111613 25660
1 13701 180148
1 199111 23881
1 178714 111035
1 191423 165519
1 78211 157397
1 66486 188074
1 59630 16108
1 156229 30805
1 150098 147321
1 141527 106331
1 101204 148115
1 95034 125825
1 156027 32057
1 35559 73650
1 42966 18140
1 34383 81386
1 128492 158513
1 159657 127911
1 134436 197813
1 159673 105101
1 183286 38401
1 25826 38809
1 5841 12625
1 131503 124616
1 182030 56335
1 141407 110152
1 54485 60068
1 184367 193631
1 36366 99970
1 34220 98779
1 175307 132843
1 36408 38906
1 52276 20998
1 145564 71258
1 73587 76899
1 112271 176354
1 86368 171469
1 9990 88050
1 188911 71567
1 79357 199689
1 117145 186569
1 11588 1782
1 23176 51829
1 50189 37505
1 176070 55861
1 27252 94234
1 177896 35680
1 144208 84738
1 76983 70348
1 127161 120504
1 80799 194461
1 56794 60007
1 33883 147726
1 116217 106637
1 195232 187135
1 149892 120431
1 104969 77505
1 141599 187899
1 107075 105246
1 79787 172862
1 117114 17259
1 68440 159303
1 35843 35090
1 131054 102107
1 103755 154650
1 184344 29467
1 4352 133370
1 189106 183346
1 138430 93982
1 103316 130563
1 38524 70265
1 18271 186706
1 193976 65868
1 185223 31665
1 7648 136757
1 134561 64622
1 27266 160316
1 21231 138107
1 120950 128409
1 171050 154845
1 125514 74249
1 103952 172057
1 121134 74707
1 78510 174940
1 46305 125845
1 46958 31658
1 57116 182165
1 124196 145097
1 93693 22276
1 135829 114159
1 1398 114837
1 84553 34280
1 6070 107135
1 30418 31692
1 60504 197134
1 102941 78945
1 172747 107313
1 128057 130124
1 145729 187775
1 54630 137085
1 184732 110091
1 16928 170907
1 90774 44393
1 128235 2862
1 34543 193921
1 175392 21964
1 198492 19540
1 84345 151878
1 126894 178124
1 109081 82259
1 9025 27977
1 144927 116413
1 40870 120041
1 146861 87435
1 94034 127959
1 123187 132142
1 193415 58903
1 51649 91247
1 190211 95120
1 19149 53144
1 81448 602
1 85313 179810
1 99756 180362
1 126025 15967
1 87554 89853
1 56475 178921
1 164744 19425
1 174216 90443
1 29746 24137
1 40385 113389
1 197239 74674
1 97709 148357
1 161338 977
1 1578 43645
1 77755 12064
1 21410 185695
1 180159 72680
1 160784 18248
1 61053 103441
1 94418 89163
1 48074 163495
1 102129 96101
1 44743 11247
1 90286 77729
1 8137 185578
1 118288 32844
1 72777 155561
1 93547 199836
1 44238 99602
1 178227 39836
1 179479 127409
1 4161 20763
1 44108 51651
1 126436 45590
1 122535 41342
1 76844 94114
1 65823 95653
1 58418 148510
1 161557 2506
1 122476 55897
1 41282 178596
1 96560 30271
1 62497 32532
1 129926 93706
1 100825 101938
1 97331 9574
1 88237 37917
1 89282 82148
1 38055 131714
1 117398 137060
1 192578 191916
1 97454 161661
1 15191 14925
1 165879 149294
1 190986 128843
1 74392 94025
1 136630 6094
1 141689 71646
1 3925 119050
1 17173 13862
1 186740 51080
1 16322 196274
1 141655 144057
1 50879 43539
1 136296 194365
1 15293 141834
1 81446 72752
1 2544 170930
1 172107 100535
1 163608 93484
1 196542 142602
1 14538 92043
1 136635 165441
1 133444 142849
1 13055 133731
1 52529 67722
1 131000 60141
1 97530 147159
1 98731 95135
1 130638 61310
1 82791 158861
1 8050 130400
1 198699 67109
1 29388 158106
1 103892 19196
1 145068 180656
1 107657 137886
1 112283 198518
1 129706 149717
1 85417 56448
1 135350 184632
1 177330 198733
1 169787 120056
1 107056 177519
1 148163 137895
1 51655 142526
1 114109 143114
1 129612 154430
1 199785 140705
1 139287 188045
1 138120 174132
1 115531 31762
1 31684 121183
1 127203 147298
1 20891 94881
1 38079 148788
1 96145 160929
1 149551 96647
1 81815 87106
1 59647 148753
1 56502 172073
1 49859 101548
1 4864 138315
1 73764 175036
1 104889 107836
1 143596 136100
1 184833 197878
1 47182 167850
1 150469 84902
1 122809 69863
1 91174 123645
1 98271 196979
1 108010 94773
1 83649 185680
1 129634 136738
1 127357 136213
1 2332 52924
1 155417 62622
1 149961 95209
1 31890 135602
1 100209 177679
1 100193 131125
1 67861 73626
1 132877 100304
1 77349 82507
1 188662 12189
1 182948 193730
1 174432 55574
1 78744 134157
1 148607 184512
1 183222 7089
1 31490 160723
1 40972 171384
1 181987 182766
1 7473 137852
1 89709 71097
1 142314 184242
1 194254 120602
1 171422 6650
1 46239 80924
1 27644 15397
1 175666 178396
1 45867 99080
1 6107 98357
1 24179 187457
1 1537 42287
1 83562 187079
1 52391 116196
1 31968 53942
1 3382 122610
1 112526 48923
1 163662 191271
1 65725 79740
1 29900 95209
1 114035 89836
1 14749 11750
1 176291 13261
1 28099 154620
1 112277 67750
1 106215 113449
1 80915 177640
1 156641 36277
1 82965 110267
1 31172 163678
1 37359 127374
1 108524 109700
1 178298 158174
1 143116 70230
1 193024 135814
1 158707 114940
1 7852 74312
1 93022 11654
1 21872 14683
1 3844 55573
1 28536 105973
1 126109 6600
1 116048 86362
1 182133 102762
1 3345 10854
1 143600 75802
1 93137 131479
1 179037 100603
1 27595 102430
1 89664 4060
1 45517 70887
1 52186 133994
1 132769 160103
1 763 123604
1 145981 80294
1 36491 86335
1 99438 147724
1 89365 140396
1 92226 117104
1 62421 66854
1 19765 82847
1 172291 194544
1 7454 94250
1 46625 78958
1 192795 194547
1 142401 136851
1 181946 47224
1 28314 98443
1 60265 18656
1 160780 109353
1 144801 19654
1 96305 52819
1 111374 136516
1 95078 61932
1 118209 144642
1 91226 152258
1 5977 76159
1 194967 148601
1 134831 7582
1 67022 152183
1 32961 71348
1 107304 113169
1 196001 913
1 53770 99574
1 58206 121868
1 192424 157531
1 137395 95060
1 134413 17959
1 169391 129717
1 12905 154207
1 181925 22887
1 94108 35284
1 59157 104221
1 97090 42955
1 88474 123276
1 69951 42669
1 65813 168634
1 171916 113648
1 191193 10185
1 21443 33349
1 24728 3523
1 170279 74436
1 86733 134568
1 104120 8340
1 39083 95926
1 165813 38303
1 183622 87736
1 181298 28533
1 28545 175122
1 142492 62976
1 186040 51467
1 13194 14120
1 155822 8412
1 173318 31623
1 134009 67896
1 74716 175567
1 119725 84828
1 183266 762
1 106886 28185
1 68681 243
1 80601 115807
1 144611 6851
1 153405 94476
1 195189 96382
1 86069 100789
1 74686 198382
1 177953 109748
1 24967 105856
1 74662 73587
1 45998 112622
1 100507 695
1 137198 26668
1 81590 74608
1 126129 165783
1 98230 133824
1 13209 56602
1 178065 42890
1 129098 59747
1 159008 89532
1 21628 84997
1 76873 169951
1 103359 9007
1 60782 67423
1 195728 186893
1 5972 86102
1 113179 14333
1 94550 151134
1 17297 76660
1 181451 52822
1 123820 106801
1 55989 104244
1 4287 87459
1 113259 169548
1 72195 186199
1 16329 87456
1 91040 114980
1 57750 81576
1 124536 169690
1 182389 114659
1 112954 192295
1 59984 113374
1 125414 71756
1 10562 65028
1 189852 88384
1 66180 39143
1 75241 40482
1 147995 61198
1 7060 24357
1 141567 146496
1 68006 78583
1 96014 110223
1 67256 96242
1 2226 61543
1 30337 4870
1 19152 172953
1 22688 32422
1 42482 134755
1 19302 159731
1 8503 146562
1 96999 120038
1 18746 151867
1 13443 11649
1 4160 82598
1 126000 149495
1 106853 115963
1 155274 70875
1 95625 74337
1 61149 107655
1 141814 53045
1 172593 138573
1 121685 164312
1 58775 44963
1 47955 86716
1 184564 63562
1 4685 107056
1 32780 119871
1 103555 91369
1 120144 96102
1 59644 197011
1 76266 181171
1 41781 120536
1 86023 66331
1 91536 164976
1 39846 185850
1 135675 98729
1 136289 25414
1 167006 86201
1 17786 150836
1 110857 145922
1 39719 190057
1 154781 107556
1 61472 157155
1 92793 16969
1 98472 103209
1 86887 18605
1 136282 72752
1 168328 22061
1 196727 90703
1 166653 165905
1 70060 109989
1 90071 52508
1 113768 126473
1 181890 10451
1 101087 135858
1 91885 31372
1 45592 190440
1 59773 118201
1 157118 184875
1 43570 58101
1 111012 133602
1 55641 63501
1 62810 118214
1 180 72786
1 36143 69135
1 8423 164703
1 75911 45407
1 171108 168550
1 198367 186606
1 2905 172415
1 139230 72054
1 89240 62323
1 90399 74975
1 76870 99909
1 97404 137133
1 19976 124418
1 166812 80553
1 32299 33035
1 38464 133389
1 72530 108256
1 124618 53492
1 133862 136431
1 60878 43520
1 22969 5022
1 197726 145101
1 32954 161941
1 168208 28950
1 11936 173646
1 170643 18983
1 123792 187553
1 33906 149059
1 75538 108043
1 123367 62806
1 20467 17214
1 90084 13981
1 159419 29935
1 32606 98196
1 73554 74652
1 119898 103840
1 39789 54364
1 58812 191998
1 150015 191980
1 52877 162348
1 80798 126134
1 70477 150550
1 71412 111332
1 138041 134275
1 10855 70565
1 114398 185025
1 17034 38207
1 175391 110990
1 97093 3286
1 121475 101384
1 138050 192380
1 61698 138327
1 25242 97529
1 185745 62873
1 9535 42140
1 140268 61711
1 50027 49667
1 60900 130822
1 60808 198631
1 134569 91335
1 168801 113515
1 187224 57666
1 5705 29158
1 85192 139640
1 69962 68270
1 3538 17833
1 123216 58087
1 168159 16638
1 199511 72141
1 66102 7799
1 8658 124094
1 158406 161942
1 32670 188876
1 58417 55629
1 190630 89345
1 40281 59366
1 17879 118771
1 17966 155250
1 140487 125450
1 141048 143924
1 99553 31502
1 89890 192973
1 166164 71222
1 119305 175467
1 166396 139631
1 59843 87278
1 92176 114986
1 10418 123099
1 133262 138729
1 75403 79941
1 196645 86859
1 4578 39160
1 64481 141717
1 195512 69223
1 171931 62531
1 140807 82520
1 182049 59087
1 165197 121806
1 14500 89409
1 120343 118647
1 46113 144568
1 149199 91287
1 52754 161783
1 5257 170293
1 132757 180020
1 25035 119300
1 23260 64092
1 91163 132116
1 26839 13802
1 83469 184634
1 24799 19690
1 28748 157501
1 47972 145417
1 146344 157827
1 47833 46943
1 68641 55419
1 166942 135359
1 81843 17995
1 98990 185790
1 127203 149372
1 6474 33282
1 146632 69284
1 172901 116557
1 9309 65044
1 125969 189898
1 126534 185284
1 141162 53911
1 190112 146812
1 184001 87955
1 141582 60227
1 90443 158441
1 128576 181453
1 150155 119453
1 116615 75424
1 38781 107671
1 91863 154696
1 174149 105070
1 128091 151100
1 111255 168182
1 113023 197263
1 50599 21132
1 35002 46747
1 11731 98593
1 174426 83883
1 78672 83205
1 96340 156776
1 15763 86775
1 19148 185606
1 123136 115882
1 148514 41072
1 134615 119833
1 94461 137137
1 181533 185741
1 135900 187748
1 117834 64814
1 80602 159517
1 126961 8457
1 43009 11545
1 39220 29665
1 14675 68452
1 158185 93433
1 58069 76873
1 86791 117663
1 164060 194623
1 14293 177405
1 156 25554
1 4437 71196
1 175278 103887
1 23852 94778
1 133346 193396
1 47254 104974
1 16390 158166
1 104007 9112
1 169909 163541
1 60452 101678
1 26658 143421
1 194084 17796
1 53287 9342
1 124096 115964
1 61193 139855
1 122083 113262
1 166798 61725
1 67789 189177
1 138370 118266
1 32394 172171
1 20870 127364
1 8402 96109
1 16986 170515
1 72578 10898
1 108780 99046
1 123515 22369
1 13088 34832
1 97497 134785
1 60002 114975
1 145047 34020
1 25899 13709
1 186240 94359
1 155024 136939
1 23769 28936
1 95632 20490
1 98253 157208
1 60447 131692
1 130137 145252
1 43438 148778
1 196600 163215
1 61822 181478
1 40529 102098
1 92325 4212
1 23392 161349
1 148703 29508
1 161442 153072
1 118681 44883
1 83013 56205
1 63481 161555
1 134671 68896
1 84721 137495
1 100814 115387
1 19270 160644
1 3648 36810
1 604 103988
1 42307 73766
1 5892 61292
1 71422 38360
1 145800 35136
1 156113 139691
1 141942 1349
1 40507 188087
1 114795 42360
1 175947 153515
1 175266 102893
1 13321 142298
1 35005 94010
1 22309 393
1 11090 76644
1 145952 148152
1 23417 176777
1 112313 107439
1 42326 27536
1 131547 42315
1 188578 52558
1 113284 146569
1 172926 138490
1 179577 41169
1 39482 49300
1 19752 162247
1 135202 27473
1 22174 57870
1 117771 198345
1 147818 124509
1 109596 184868
1 35729 186758
1 85472 159042
1 86068 3011
1 88267 101802
1 89086 38532
1 180746 55541
1 185362 81335
1 88080 68732
1 194292 168664
1 74270 75519
1 53750 80761
1 3090 102615
1 49766 167890
1 156531 44574
1 69942 38924
1 41852 8092
1 164203 177611
1 55335 155189
1 38602 187834
1 169467 13074
1 189696 174043
1 103321 69773
1 14609 83662
1 124163 23521
1 37891 37666
1 115822 190161
1 107212 11674
1 169545 19415
1 40952 142785
1 182734 140239
1 7199 78833
1 116361 167589
1 36615 132447
1 46630 168188
1 147221 72235
1 58048 153440
1 151482 77607
1 99174 176366
1 104027 78758
1 19376 185922
1 93888 57287
1 123843 58914
1 65345 188993
1 114144 128745
1 20718 119345
1 199860 127606
1 38847 128994
1 67675 194581
1 79931 34332
1 198454 94381
1 32044 188143
1 117871 170220
1 39746 44673
1 197770 182960
1 28998 194454
1 84270 120440
1 148098 181920
1 96372 17994
1 187439 99528
1 132015 74597
1 125279 135483
1 184828 152745
1 6380 2295
1 86284 6533
1 147553 133719
1 167919 15138
1 47206 69278
1 174179 70350
1 41009 72001
1 128349 147884
1 8044 56055
1 25558 10073
1 929 106117
1 11290 12321
1 54445 88324
1 32973 98915
1 63651 36150
1 80447 181826
1 1344 157321
1 128177 48270
1 155471 168363
1 14248 146994
1 160221 78415
1 12722 17119
1 32096 174718
1 105782 14456
1 53987 16161
1 198144 75391
1 148085 191757
1 95372 119615
1 149267 27024
1 146387 164348
1 182866 170683
1 5076 137496
1 20625 40240
1 80229 118279
1 52063 106990
1 77434 74037
1 168360 123418
1 160052 9141
1 62502 76048
1 138157 89837
1 175877 152106
1 165827 28096
1 68822 168464
1 124003 86141
1 63097 77761
1 2136 16326
1 55557 116321
1 83988 186563
1 31289 185731
1 199166 8839
1 184359 120056
1 4796 72834
1 183327 13400
1 73858 34665
1 131994 15248
1 153115 161059
1 88745 4205
1 45240 91638
1 31005 9256
1 67767 169713
1 47287 63474
1 81205 29658
1 100882 79745
1 39703 158427
1 137103 46811
1 107156 10536
1 13313 150242
1 88327 91635
1 44698 18401
1 13108 174228
1 70934 86998
1 15896 138803
1 110055 101056
1 194550 16440
1 186144 44458
1 1439 85684
1 4133 104825
1 58433 41105
1 173138 65458
1 105524 107384
1 62571 176655
1 94400 39681
1 11268 144068
1 93042 20767
1 95729 29068
1 76321 32780
1 41521 55673
1 153852 188403
1 162646 64444
1 90518 145950
1 123384 123825
1 117300 161311
1 39259 78446
1 177493 166850
1 41245 15885
1 125315 10802
1 76069 67320
1 123162 4394
1 103240 122165
1 59478 43230
1 129533 46194
1 49826 156011
1 26627 108306
1 46173 43453
1 67600 120760
1 84911 159487
1 129726 5971
1 90061 126729
1 20209 30122
1 182473 105412
1 174988 42730
1 178525 72801
1 1749 87341
1 115577 184314
1 93541 178765
1 179787 5576
1 141140 115946
1 85454 26120
1 96292 3000
1 178902 3240
1 149036 76876
1 91034 194677
1 40776 152104
1 21059 54985
1 192320 81477
1 16820 181169
1 73205 16672
1 34714 125981
1 95507 140295
1 73462 142603
1 12979 23398
1 185000 62198
1 139279 86285
1 31486 20730
1 23980 103876
1 61181 185355
1 173122 199570
1 129775 58583
1 42736 35977
1 132077 45689
1 124574 86486
1 175919 150688
1 41842 177544
1 10705 65918
1 71351 159902
1 65512 3316
1 46346 52182
1 39942 86398
1 78855 137458
1 64265 194203
1 69555 112398
1 35882 60416
1 111851 65760
1 153029 144509
1 183756 13134
1 72484 41008
1 170596 179830
1 175953 95784
1 98969 151865
1 98779 7260
1 112793 8841
1 58408 65422
1 96642 164405
1 117948 13817
1 135890 72755
1 18696 145730
1 49041 5101
1 124854 69598
1 138365 124814
1 12852 21824
1 192950 53966
1 153152 26181
1 138667 100924
1 80179 199011
1 23684 156428
1 115855 98768
1 8401 136801
1 93709 25135
1 4531 176476
1 97571 153663
1 148169 184677
1 163219 159879
1 162590 21369
1 71353 46205
1 47825 191093
1 29525 121590
1 174341 109282
1 124504 43090
1 144713 32321
1 163244 150696
1 161610 152728
1 33158 109040
1 50231 174781
1 73904 38832
1 105077 178402
1 9234 101801
1 53573 157026
1 190849 65346
1 104370 59339
1 180234 153461
1 47807 47916
1 22336 8312
1 168336 167265
1 87556 15342
1 141080 8284
1 176021 137871
1 18307 187062
1 85272 38485
1 182500 17718
1 15849 72937
1 46497 19936
1 16546 13133
1 119965 95682
1 171563 83339
1 123622 70395
1 17346 136414
1 126816 162317
1 155213 27230
1 33393 34980
1 91805 38449
1 170030 182566
1 133893 173424
1 33350 98877
1 188444 8280
1 131502 64547
1 102479 81522
1 151309 171182
1 133546 184197
1 138024 128924
1 51944 91898
1 151568 104736
1 77753 162256
1 145034 186861
1 173202 124097
1 8767 98818
1 101499 8307
1 91301 55159
1 156245 42275
1 14317 130631
1 138987 55631
1 110511 170397
1 146042 26852
1 165586 24995
1 34691 80871
1 17536 7945
1 149201 59815
1 129225 74067
1 178565 111395
1 118167 174310
1 167594 143031
1 72914 133140
1 9974 158092
1 39188 148262
1 100317 199361
1 49871 165481
1 96412 38036
1 188349 115004
1 122180 138581
1 127753 163992
1 67269 32397
1 39036 108256
1 162813 22187
1 63082 43756
1 196033 61743
1 181917 81232
1 26603 99994
1 18306 181938
1 184548 149717
1 35091 74700
1 115764 96
1 117444 87677
1 120904 68414
1 65650 50391
1 84482 94943
1 84424 17188
1 171143 47502
1 20276 40186
1 28933 47708
1 173706 156929
1 60867 120460
1 114166 56323
1 52909 62720
1 52711 86643
1 100000 27748
1 65530 26944
1 25587 165465
1 177316 198683
1 155654 142373
1 130469 128454
1 91343 78680
1 170793 170848
1 158370 34434
1 9536 27183
1 116608 52883
1 94528 126189
1 55524 166162
1 140857 71510
1 145738 147331
1 198745 122352
1 91008 165714
1 14113 162075
1 194097 140101
1 12936 157018
1 105519 103776
1 154669 30499
1 157889 141722
1 182339 119076
1 74605 108096
1 121464 65238
1 107975 153129
1 10854 95622
1 123387 61274
1 5821 163681
1 20311 93177
1 126128 103744
1 180316 20408
1 157088 198580
1 20487 61114
1 108294 82899
1 97754 179721
1 172132 45315
1 168752 9468
1 8173 134727
1 170753 44450
1 197172 179016
1 60146 39668
1 36179 62885
1 167201 99770
1 4444 65533
1 99246 55164
1 194501 52220
1 177358 100908
1 35151 151652
1 95628 56658
1 28983 41374
1 15264 99383
1 127969 168833
1 35061 189078
1 39873 106401
1 35509 79615
1 16332 106012
1 792 83086
1 52702 192225
1 131693 158924
1 146669 191810
1 144871 123235
1 180718 187
1 60843 111368
1 12230 5314
1 107161 94691
1 173811 144530
1 163545 116866
1 178364 151603
1 106216 15487
1 154070 84939
1 185826 170799
1 30040 15787
1 88786 147533
1 35873 86931
1 104504 93222
1 173448 20167
1 67674 84870
1 7876 10070
1 163022 26658
1 41437 81575
1 129734 48647
1 153491 181383
1 184604 148162
1 47245 10737
1 83872 127121
1 61956 172765
1 19616 122762
1 137648 198988
1 167735 149963
1 190963 132562
1 169561 182818
1 15621 132325
1 75102 145021
1 186720 111012
1 136972 25556
1 121132 91819
1 165418 49236
1 28397 84182
1 14594 189840
1 2988 8020
1 34998 165923
1 170595 102318
1 199494 185705
1 22125 156312
1 198112 150815
1 177068 185975
1 9961 197974
1 85180 13747
1 106123 89184
1 91160 163134
1 186240 3252
1 137740 16421
1 164381 148580
1 65819 50199
1 171234 146306
1 158641 36532
1 89729 62093
1 23051 78295
1 58349 34210
1 147877 177254
1 29412 30304
1 64484 161753
1 123968 143260
1 7877 158602
1 111802 88647
1 127814 92604
1 48960 131036
1 100435 118766
1 179832 59918
1 57780 177633
1 7253 59057
1 172148 39016
1 45466 98151
1 138196 54768
1 167852 196814
1 7345 182735
1 18204 155048
1 73843 114001
1 177845 114507
1 46840 20417
1 102019 152266
1 173313 174517
1 72484 141219
1 36635 199005
1 131027 143850
1 90511 184589
1 195506 19765
1 26829 41608
1 64664 100810
1 146582 80592
1 60956 47174
1 88618 171115
1 28512 55182
1 26162 35575
1 189216 192187
1 166894 182897
1 104317 19841
1 138720 178626
1 198277 26529
1 194490 73931
1 9222 151632
1 114758 158642
1 22034 19303
1 162709 138542
1 104020 72844
1 81706 66703
1 199764 117472
1 1254 32593
1 54855 35306
1 102391 122786
1 141019 97348
1 38525 39794
1 16321 28676
1 190525 146810
1 16891 101806
1 12426 168784
1 73959 7832
1 117616 125161
1 10893 57053
1 81058 190704
1 89510 66566
1 170022 36038
1 91693 186677
1 34879 119962
1 7210 81748
1 475 15403
1 31996 112254
1 4286 27099
1 66342 59564
1 98991 58358
1 185565 194722
1 103073 154627
1 105297 91418
1 195045 105802
1 53818 7665
1 169229 156902
1 109029 103376
1 119459 69261
1 120766 31710
1 63692 133661
1 144160 80420
1 89079 90217
1 132315 184001
1 16778 139460
1 65413 120399
1 57422 102029
1 103812 117717
1 182105 67644
1 52442 46190
1 60668 40364
1 125362 75129
1 102255 109033
1 31977 60035
1 148986 19323
1 104352 3314
1 62948 183219
1 33922 104882
1 88289 149365
1 189521 85349
1 70647 32647
1 136565 162503
1 108914 163352
1 87751 127135
1 64585 2132
1 98842 42604
1 191183 75560
1 29004 35343
1 19166 24400
1 170636 171701
1 101953 63593
1 40427 179592
1 166625 119731
1 65447 91927
1 44147 21414
1 85877 100610
1 49439 146489
1 55375 121962
1 62003 186927
1 134719 198232
1 114185 164451
1 160107 105197
1 87093 87445
1 65697 16586
1 137012 56500
1 31459 33472
1 14674 79278
1 196918 179642
1 191898 132982
1 7272 198953
1 55683 51669
1 157600 111856
1 105241 130101
1 40491 77202
1 145001 24105
1 167555 44824
1 152881 30144
1 125858 67975
1 121031 92364
1 196040 123329
1 200 105965
1 12873 138362
1 39299 132771
1 151706 78623
1 98343 7700
1 73885 22145
1 83499 198874
1 159850 189064
1 137084 160785
1 118240 80917
1 75308 41503
1 107564 124728
1 153241 186052
1 8666 61779
1 190299 163556
1 158682 193870
1 32049 145234
1 131924 57213
1 178990 124831
1 109294 166863
1 29088 45412
1 36829 185336
1 25985 63436
1 74666 133856
1 85538 139685
1 179527 119181
1 57172 168936
1 129170 191950
1 82841 82374
1 69608 76266
1 153226 78774
1 152110 195528
1 84425 121084
1 187036 104224
1 173994 153787
1 135435 38625
1 3549 162046
1 121600 33316
1 13151 114884
1 9273 28113
1 193890 178442
1 167159 147601
1 37370 149789
1 117580 108596
1 53961 151199
1 95207 113250
1 100140 174745
1 121821 134215
1 29991 135618
1 199738 8699
1 139343 198735
1 168968 191151
1 175798 84796
1 138079 86943
1 19740 13977
1 12206 168500
1 101588 105944
1 110857 15864
1 90676 146517
1 101363 184768
1 199169 56743
1 181165 184597
1 50330 1254
1 170623 23011
1 28579 73213
1 196422 41381
1 19252 92914
1 19326 187664
1 57603 88627
1 159954 65087
1 62288 157668
1 198690 180959
1 87120 135974
1 180564 187868
1 31259 152489
1 197790 145868
1 158169 693
1 126098 154969
1 140906 96053
1 5675 51764
1 106901 18373
1 137175 1848
1 77619 83453
1 965 135389
1 109149 137726
1 31216 69342
1 119251 81148
1 78188 187628
1 134382 179533
1 2801 189396
1 86024 50545
1 38630 100718
1 199849 13729
1 29103 164104
1 122741 27613
1 130810 134482
1 3029 40881
1 23174 907
1 127523 143303
1 99956 105516
1 104666 169203
1 192338 46675
1 68733 73594
1 180389 177522
1 73862 182372
1 7928 74936
1 2769 105796
1 162594 10752
1 152202 30277
1 43548 20985
1 83860 160439
1 103171 156245
1 68539 118617
1 132074 113206
1 55452 168745
1 150884 25174
1 109011 73834
1 169296 54390
1 160230 33653
1 38373 93384
1 163952 33988
1 79616 193760
1 44496 32954
1 18411 35289
1 142994 142646
1 198064 41604
1 32990 128666
1 178783 38870
1 130847 60118
1 23068 194897
1 103606 63930
1 132652 99379
1 123489 119228
1 174081 34014
1 64102 45830
1 126403 74248
1 10180 161796
1 53601 167588
1 13019 37612
1 69401 135312
1 193179 32207
1 121604 82817
1 76394 100831
1 54437 20139
1 195225 73152
1 4915 181364
1 190026 103571
1 162469 167772
1 50010 165313
1 143549 185061
1 164117 43077
1 7768 46537
1 122138 83133
1 99636 137949
1 62348 174770
1 30019 54143
1 154299 95206
1 55151 111112
1 143506 7005
1 92206 169901
1 86466 35502
1 35272 153080
1 33134 102540
1 15974 28775
1 117656 130576
1 42077 177954
1 181643 183113
1 191547 117539
1 159947 164743
1 8593 131425
1 191482 40099
1 169857 77949
1 175372 56595
1 3594 74097
1 11117 41965
1 93074 186485
1 17520 189049
1 162739 124531
1 136571 17660
1 148168 140077
1 144433 117314
1 117305 77549
1 190881 78827
1 83909 5678
1 39917 105337
1 1487 152073
1 11773 96024
1 167597 106018
1 107172 149423
1 85997 71124
1 98131 94630
1 150888 188761
1 118205 36857
1 16523 162622
1 113418 92348
1 199650 18759
1 101311 157998
1 4776 55646
1 181037 181698
1 195213 36738
1 125273 95531
1 23367 21165
1 65261 69865
1 60764 83142
1 25181 50065
1 45487 140105
1 44123 68833
1 71304 2867
1 164799 123844
1 98856 159090
1 182065 65763
1 64334 155084
1 156057 174701
1 8131 52366
1 112073 103079
1 33516 99127
1 69992 67063
1 3665 198566
1 30178 119341
1 79657 142465
1 61646 102291
1 152424 10920
1 176991 177078
1 972 114010
1 147792 30069
1 39460 10085
1 62153 1546
1 39649 113107
1 195543 127894
1 39009 1235
1 164427 112305
1 180154 82341
1 123121 174770
1 194308 136714
1 110132 1660
1 53034 29996
1 75151 197706
1 183665 42313
1 142262 193084
1 25801 129701
1 71110 117026
1 42516 195185
1 30251 70664
1 23861 132342
1 100433 142914
1 120731 125830
1 50317 84153
1 69902 47589
1 41611 120183
1 113080 56883
1 186491 125487
1 8055 165021
1 57656 119185
1 35362 38469
1 50105 180172
1 67610 121326
1 21883 11300
1 42963 142508
1 194286 160886
1 26466 41676
1 78494 137545
1 7497 172863
1 9253 146071
1 194752 66893
1 72144 195420
1 147398 41336
1 85199 12574
1 82025 110573
1 2528 147069
1 30930 19506
1 72958 61245
1 189525 147660
1 23046 39890
1 113143 174832
1 32681 73579
1 79039 47725
1 199448 169666
1 61314 150167
1 22573 70178
1 142377 32182
1 15383 181945
1 28102 161648
1 63752 148640
1 162584 106101
1 135905 168617
1 177690 85161
1 29342 65704
1 78034 193367
1 63678 86661
1 133784 42132
1 51446 160000
1 38373 102576
1 155351 66629
1 67102 142628
1 87996 168435
1 50785 67193
1 75447 56935
1 20815 63733
1 91966 174030
1 176027 89163
1 21715 133035
1 98258 134403
1 26417 173221
1 162730 108199
1 142269 31828
1 190735 115247
1 184620 81805
1 99116 37615
1 60337 130732
1 45431 85056
1 149289 110113
1 177664 556
1 14922 17470
1 102586 178782
1 194122 8767
1 2186 73097
1 175436 65883
1 184528 161622
1 24400 180683
1 1717 107284
1 180314 98776
1 50612 84187
1 94563 97769
1 32747 174849
1 15935 65740
1 34 63106
1 158926 49221
1 158876 9705
1 183719 50325
1 129631 121027
1 132162 193740
1 158399 709
1 151269 174290
1 193711 165116
1 80785 177202
1 140426 41846
1 118573 936
1 183966 51375
1 100211 110701
1 45114 109823
1 49625 101568
1 57274 37249
1 177730 53814
1 115856 11206
1 92006 28869
1 18965 145212
1 186943 190733
1 179216 171673
1 161142 10344
1 12101 53068
1 117133 149299
1 180930 146533
1 157262 22621
1 189414 86403
1 116212 49776
1 180722 14911
1 35031 66334
1 111636 56279
1 38877 5389
1 64434 152989
1 5087 44389
1 111988 143457
1 91866 143321
1 5333 58779
1 122520 122868
1 132779 178334
1 100637 92966
1 186292 126777
1 57493 19407
1 168355 95215
1 71422 39371
1 131243 38234
1 18002 191166
1 197451 170587
1 23351 179361
1 41754 156677
1 37483 111566
1 170325 187082
1 143978 177160
1 178407 183973
1 110625 12367
1 144696 124361
1 145432 98466
1 104633 29131
1 79834 165525
1 191214 16587
1 132201 61717
1 159548 183080
1 6816 194297
1 145589 161637
1 27176 82379
1 192481 134102
1 129248 195991
1 56848 24463
1 107526 192756
1 37917 114190
1 11498 2320
1 90309 121255
1 110165 81728
1 123176 134065
1 170742 85832
1 13470 122479
1 147469 157287
1 147070 197442
1 171675 17767
1 115178 164044
1 83209 180195
1 132255 175655
1 32151 143897
1 144380 163720
1 162248 71666
1 77840 40622
1 123660 35408
1 89833 16783
1 150446 42135
1 51802 67524
1 53183 22655
1 48460 132212
1 116290 115993
1 76360 86846
1 35097 74463
1 131 3818
1 131056 28288
1 188011 135826
1 52136 50796
1 69554 182349
1 31111 89949
1 125912 168733
1 27614 122726
1 35133 118873
1 120122 32320
1 121126 74973
1 84814 119187
1 112272 38064
1 171936 103042
1 16179 121397
1 70516 38073
1 49368 144918
1 44150 83067
1 42206 7854
1 112620 158247
1 146825 138487
1 126490 158666
1 129996 80499
1 14647 131947
1 12440 23709
1 70545 197459
1 100390 138386
1 136188 29275
1 52993 101308
1 196992 135034
1 727 94080
1 141891 41103
1 181568 143465
1 164916 42987
1 116688 128019
1 145529 118627
1 140314 181916
1 26843 18516
1 36229 172104
1 58353 88375
1 181523 26675
1 172170 66279
1 167151 36669
1 188383 32944
1 27703 142769
1 137528 29402
1 67595 16758
1 52061 129655
1 43476 164537
1 182912 38889
1 96727 59289
1 19817 41911
1 100924 168213
1 188449 59793
1 64410 74420
1 30947 16289
1 182662 17716
1 108479 126869
1 179227 93620
1 129617 67370
1 11404 68453
1 64226 182970
1 7975 73134
1 44188 165769
1 133420 195615
1 167156 17228
1 85646 131929
1 25682 115900
1 62408 29691
1 37380 118617
1 93540 18127
1 88293 170306
1 190472 162998
1 188039 28660
1 187778 7697
1 104360 196832
1 143701 48178
1 65428 115506
1 24772 58882
1 56215 80606
1 190686 88243
1 101414 138861
1 158219 115881
1 97614 53705
1 194582 175076
1 78556 122694
1 101499 59313
1 166734 75057
1 6322 162258
1 34171 191196
1 170300 3371
1 139006 114986
1 173613 119406
1 89448 83608
1 92730 49097
1 70182 130829
1 129157 19022
1 34096 34404
1 170919 146338
1 138292 95351
1 118717 65386
1 127362 173997
1 158134 947
1 91320 18631
1 9499 145953
1 24753 196839
1 111711 171610
1 45866 80609
1 5802 19507
1 150133 130503
1 144800 164443
1 91873 85424
1 153015 9414
1 10152 199176
1 94969 27165
1 115739 44765
1 89302 130276
1 138956 100072
1 122989 159531
1 47226 102875
1 178332 118457
1 37762 94123
1 8006 183414
1 104515 178077
1 17892 169304
1 36562 150549
1 48655 12047
1 13408 151004
1 174413 159989
1 159592 172146
1 143834 155056
1 149213 58836
1 100792 67049
1 26963 99791
1 166201 193203
1 236 156358
1 100876 19252
1 150342 15616
1 141255 69783
1 130531 1718
1 105716 65972
1 147225 93658
1 112031 93183
1 174011 25131
1 141726 74673
1 171143 51385
1 19169 81588
1 58321 155380
1 11004 153811
1 30383 186
1 24050 178785
1 42599 177951
1 163908 4136
1 172758 74687
1 75834 39189
1 64673 47874
1 28146 55201
1 22241 78768
1 153703 169218
1 9418 74165
1 102082 104340
1 67933 17398
1 56743 68674
1 30991 132372
1 95865 159865
1 41337 4352
1 68847 120271
1 82817 108415
1 170012 110959
1 51720 179840
1 193145 76616
1 79893 120988
1 102005 17206
1 180866 4268
1 2111 182065
1 17253 84433
1 108371 185524
1 120706 3136
1 122883 114353
1 43631 138381
1 112008 114867
1 91207 118521
1 140681 27219
1 114707 5246
1 60011 11871
1 94261 198554
1 194201 181768
1 111447 19418
1 196182 68555
1 162452 169769
1 12736 49378
1 6629 148184
1 68775 110379
1 51086 172272
1 135310 96984
1 72009 157110
1 126400 79385
1 107315 70910
1 195927 108103
1 132853 159859
1 161993 6674
1 51126 185125
1 81781 99309
1 198783 46868
1 197164 35064
1 94063 185212
1 52290 118574
1 120864 167458
1 198102 59984
1 18009 197661
1 138848 108305
1 99317 161896
1 196923 194627
1 146259 2407
1 25970 52738
1 157568 149815
1 30544 146911
1 148130 191419
1 43682 138319
1 101350 51300
1 97424 15765
1 68395 19456
1 23004 154925
1 195632 156806
1 166073 199163
1 52347 159584
1 108752 117299
1 64843 100154
1 119054 29961
1 133185 160139
1 16498 151708
1 195466 111457
1 168533 153758
1 185552 57841
1 15547 161095
1 187490 38623
1 51993 166714
1 171360 165515
1 7399 189688
1 86443 68892
1 88232 20100
1 147916 77265
1 118519 13206
1 32356 135493
1 21587 126851
1 174868 108291
1 111598 195820
1 102381 168714
1 143283 57447
1 176986 198434
1 186966 5035
1 70156 96159
1 2720 147903
1 154022 62837
1 11002 65957
1 139691 150078
1 89082 36867
1 77028 117447
1 100716 105170
1 140630 13537
1 164962 139402
1 73059 23654
1 1791 177804
1 136319 156874
1 147456 109842
1 99479 150500
1 112267 139860
1 115388 12924
1 125885 29885
1 9046 107735
1 148078 64013
1 180294 139521
1 59591 166352
1 86236 40603
1 28488 106687
1 155962 22309
1 70098 6708
1 3144 53197
1 117820 91219
1 142810 50488
1 159060 11767
1 88095 143631
1 42291 5339
1 128971 134670
1 36551 165386
1 187462 135177
1 6939 26313
1 194134 6784
1 25321 181315
1 118346 110948
1 181346 163317
1 24233 9578
1 15804 92890
1 93594 31631
1 67454 125529
1 61333 153324
1 85896 144302
1 39497 42748
1 199782 62423
1 153999 151852
1 64086 130495
1 74256 15202
1 195864 192048
1 87922 159184
1 167157 168884
1 91144 142587
1 170771 172364
1 122041 46919
1 116408 150741
1 100849 112197
1 127196 30263
1 106440 120511
1 107380 120655
1 42671 18883
1 199803 36831
1 162786 33134
1 133764 15861
1 145098 123003
1 115325 111257
1 34481 1292
1 136582 35515
1 85996 13815
1 128370 153372
1 144900 20885
1 71197 112699
1 18405 164487
1 85935 103875
1 155402 155721
1 118767 125619
1 54696 167099
1 23371 198861
1 143514 67245
1 47910 154050
1 179982 51755
1 39203 79326
1 151341 84426
1 115826 57648
1 136592 80497
1 150616 94525
1 154401 165611
1 76675 101990
1 76046 17772
1 65166 158294
1 41589 10273
1 977 36208
1 142349 182973
1 182061 103736
1 186193 16321
1 133399 120320
1 56690 182475
1 152866 58582
1 57789 12386
1 180049 157228
1 31178 131137
1 192733 151751
1 183783 93602
1 1155 97708
1 119620 100300
1 61906 114248
1 180448 31456
1 1652 154527
1 69300 103776
1 199354 70648
1 159582 195009
1 98157 163334
1 67344 67571
1 130897 103641
1 17977 160685
1 58940 179525
1 30452 98302
1 44312 49811
1 23280 133521
1 83637 31655
1 69216 80449
1 141715 108530
1 110051 77533
1 149742 57689
1 151670 34557
1 145354 198116
1 80409 49734
1 91840 47659
1 114943 141690
1 174537 147006
1 185721 25347
1 140363 165141
1 183205 189057
1 132322 6071
1 42515 139921
1 118832 154414
1 55992 84512
1 164968 29034
1 139734 178801
1 24855 31988
1 156651 179884
1 36788 86294
1 52185 197351
1 117289 2569
1 105814 127352
1 100258 28127
1 48981 146235
1 137493 37170
1 169589 114849
1 71250 72653
1 167144 168762
1 174029 16153
1 42149 14724
1 115242 95242
1 112914 178356
1 86920 177866
1 195820 101700
1 119312 110885
1 120 89661
1 4544 154103
1 108399 100998
1 198707 157395
1 134054 148270
1 148915 18486
1 144187 87287
1 188481 69739
1 185927 157731
1 155619 154495
1 86272 98115
1 21232 90024
1 172461 138365
1 14744 25521
1 107599 15005
1 104375 91945
1 110605 126751
1 104668 156813
1 91489 187836
1 104276 149619
1 93186 94195
1 124284 50935
1 138065 173658
1 176391 102827
1 34184 74085
1 164363 158330
1 169695 24245
1 42259 76062
1 14976 60324
1 57760 34563
1 18733 6800
1 10049 144315
1 100592 182950
1 116821 7971
1 24708 54705
1 99486 43349
1 180290 148259
1 131529 145999
1 16270 93603
1 20218 100452
1 162307 51607
1 113949 69921
1 167132 40115
1 165418 18434
1 111139 162243
1 188152 191703
1 41823 36917
1 43973 6705
1 137914 6378
1 75013 53201
1 63472 76734
1 136873 16146
1 181311 155030
1 75889 167381
1 5962 113897
1 46453 42861
1 12944 124178
1 26544 108492
1 82253 120469
1 57422 157934
1 61039 26927
1 160759 190341
1 14012 50915
1 174044 102308
1 194305 35650
1 70786 9711
1 6845 177275
1 67468 154114
1 6607 107555
1 23885 114657
1 184734 72645
1 57934 61216
1 75527 49389
1 162333 8852
1 64972 152946
1 123991 84729
1 16378 129347
1 123766 2149
1 133211 45235
1 97310 156140
1 34782 195079
1 74660 179605
1 12611 112318
1 121760 30206
1 188107 161314
1 48373 141131
1 191008 199695
1 99870 170516
1 71616 196865
1 46139 71503
1 34735 106595
1 190044 136251
1 170526 178133
1 150412 161423
1 43222 100924
1 82274 118370
1 101225 54864
1 32132 136603
1 196571 188450
1 173628 131356
1 21452 140332
1 61440 87083
1 77609 167646
1 31484 801
1 140756 65958
1 13219 95254
1 13648 33919
1 153397 16268
1 177841 19197
1 107154 121499
1 170820 130839
1 89152 3740
1 70267 72054
1 17914 150810
1 80795 197181
1 174713 100789
1 69033 30873
1 143495 141017
1 45969 135627
1 95489 27871
1 198041 124787
1 70892 184641
1 122502 100319
1 47995 1668
1 97357 79188
1 36384 929
1 34045 170140
1 173777 37044
1 186474 37328
1 91613 89192
1 152348 26856
1 57967 115746
1 39993 111872
1 143713 194541
1 109937 145773
1 40068 195110
1 185576 8385
1 6767 164073
1 15401 180570
1 10438 68155
1 45321 17713
1 109645 14009
1 183385 96482
1 135981 65984
1 59855 66615
1 144197 69790
1 190967 95034
1 170037 132538
1 183702 133498
1 95591 76863
1 182943 165853
1 157598 189838
1 188250 190183
1 197443 3812
1 81617 138249
1 66285 6345
1 168700 175982
1 66865 173819
1 84463 47553
1 62955 94362
1 143363 128771
1 194187 31893
1 197058 17868
1 129571 153812
1 21719 52447
1 187632 50215
1 133301 9650
1 124263 149295
1 28486 142078
1 30785 125644
1 12694 152324
1 585 15686
1 85568 183136
1 85989 13887
1 51034 2771
1 45860 146713
1 181341 183371
1 53383 118179
1 153111 127925
1 133971 97162
1 69524 84550
1 1621 58814
1 25673 163845
1 138998 40865
1 78595 59485
1 29377 1335
1 76880 31842
1 122802 96778
1 2604 82274
1 131457 70621
1 170287 144877
1 62255 191252
1 80308 2151
1 43409 171106
1 72332 23502
1 183002 175155
1 57189 138183
1 4205 33626
1 192053 88878
1 87203 29757
1 150059 29661
1 160922 139967
1 103959 3452
1 6911 5806
1 74520 183881
1 52380 134254
1 170375 144106
1 175269 128869
1 159010 6769
1 158143 6505
1 153531 113646
1 64339 91303
1 177762 105531
1 165969 97556
1 79695 155780
1 168008 24473
1 40277 170453
1 153061 74938
1 101059 72681
1 163720 88072
1 61404 57712
1 68239 106888
1 165498 99232
1 133598 101091
1 102462 81406
1 188332 179663
1 17147 121710
1 120339 54206
1 197987 198266
1 159897 58437
1 4529 138080
1 110202 173903
1 139224 87966
1 179193 26754
1 68461 24962
1 198759 119602
1 116624 149805
1 40370 110533
1 163616 158247
1 20529 116518
1 72416 37545
1 138414 22958
1 59812 41510
1 93621 6543
1 143616 108699
1 1500 167363
1 78130 151961
1 191060 138549
1 188302 54544
1 52911 27502
1 115563 101342
1 95921 97794
1 187404 61336
1 72412 10363
1 15250 15384
1 86390 102214
1 151264 61384
1 138782 192989
1 76685 81325
1 145743 196981
1 59089 36535
1 43763 174376
1 166250 114312
1 59115 195429
1 58830 111874
1 137886 64214
1 123734 160854
1 162496 10066
1 140521 81226
1 180645 162436
1 151526 77195
1 96070 49755
1 131990 76147
1 76499 24948
1 128144 181468
1 169593 176389
1 52078 47717
1 105077 49099
1 29041 141764
1 51930 130741
1 102576 37773
1 134751 94482
1 93255 155137
1 42348 86520
1 96637 99803
1 92326 109175
1 59381 130135
1 168761 2173
1 164634 74755
1 53285 67275
1 108292 116298
1 57548 181016
1 126576 78078
1 162555 96579
1 175647 184102
1 58423 13631
1 75212 189064
1 165321 97274
1 130516 126840
1 187405 171278
1 65185 187810
1 111479 113643
1 85336 171668
1 77798 175173
1 16260 7888
1 121070 51834
1 190785 96848
1 14304 77958
1 194541 151513
1 199132 90346
1 196300 171077
1 178458 28826
1 79482 50700
1 177077 171174
1 58647 161811
1 65146 44331
1 26350 50552
1 92271 75258
1 165222 134620
1 131046 50313
1 148908 166897
1 131012 24345
1 36896 178693
1 174668 99879
1 167102 94160
1 50097 196247
1 108816 29690
1 197532 103197
1 105875 94064
1 41979 167662
1 137959 53161
1 126923 23527
1 110266 34548
1 192295 182779
1 150582 168964
1 8465 89762
1 95914 57918
1 66943 42496
1 3191 42050
1 133161 176212
1 160572 179192
1 69522 63074
1 189187 177437
1 143189 76450
1 43053 197069
1 73266 9258
1 66331 153555
1 100697 108185
1 23967 81583
1 180726 90886
1 145890 73767
1 122621 161001
1 28950 30161
1 43832 111239
1 46303 120799
1 149966 109411
1 133245 5611
1 31894 186403
1 47230 142917
1 127068 150080
1 153313 27515
1 19571 181234
1 151053 120232
1 73916 1883
1 3123 132736
1 84213 86387
1 115009 59931
1 74757 47796
1 98377 104831
1 167238 33415
1 51248 136819
1 5972 63534
1 113755 39233
1 127574 2482
1 175319 68491
1 6666 171535
1 104584 156305
1 139413 188575
1 151508 51713
1 19723 188612
1 127760 184000
1 121851 89178
1 153323 152440
1 68159 173725
1 187865 62051
1 60099 197334
1 112643 69846
1 154963 12427
1 28845 123921
1 180521 83559
1 77927 199622
1 178103 91367
1 75704 108008
1 169265 17863
1 131720 103606
1 189279 108140
1 113677 61447
1 150305 149459
1 10744 16343
1 65156 169658
1 194912 141779
1 2820 143053
1 150254 25250
1 41122 119572
1 175818 176628
1 96808 99738
1 72775 118287
1 49466 32352
1 34955 44503
1 88607 81988
1 60097 15326
1 65615 80940
1 125057 118508
1 59647 56631
1 135808 187536
1 181163 165285
1 177460 51751
1 153379 77893
1 101963 70572
1 115993 40415
1 48076 79297
1 12074 51235
1 179149 19965
1 191467 10386
1 53271 61943
1 167990 39916
1 39831 124113
1 117556 196634
1 147334 21384
1 111084 137244
1 146971 4986
1 42765 130676
1 171887 125688
1 186424 123924
1 7088 74575
1 133586 44678
1 93258 52689
1 186248 3867
1 124179 44713
1 162467 14102
1 148918 179423
1 42638 10073
1 172322 46312
1 35429 165967
1 143411 150706
1 175297 129115
1 97441 161646
1 89473 188225
1 196647 80926
1 182107 30996
1 19831 160417
1 31138 58336
1 181532 125180
1 170010 9688
1 128175 117611
1 24762 141122
1 41727 104488
1 47680 94497
1 193402 11259
1 185211 173539
1 161248 136579
1 108181 139213
1 131114 130627
1 171104 179107
1 83766 138864
1 154722 172188
1 46518 23290
1 2788 15877
1 15002 112793
1 60599 39539
1 134139 177882
1 121671 134255
1 94345 133994
1 41892 7390
1 81527 152673
1 153678 188975
1 188709 98450
1 63425 92040
1 40462 15186
1 176705 38898
1 41715 128135
1 47720 178307
1 58567 20275
1 144685 93133
1 7388 47873
1 51767 75973
1 154574 199439
1 106339 160950
1 141934 133308
1 401 71335
1 171313 28467
1 3317 142345
1 90970 179256
1 182620 185829
1 104677 59634
1 48317 7302
1 95926 42298
1 189699 9507
1 149825 177188
1 18008 16208
1 170618 75723
1 142003 73509
1 160576 153185
1 105253 33645
1 47557 152054
1 49248 171027
1 81345 14280
1 156233 155595
1 181015 116172
1 34111 156413
1 176392 130556
1 26348 198647
1 144535 157026
1 2764 70995
1 135036 124324
1 170747 17638
1 147276 182480
1 146755 166570
1 44328 28457
1 10470 149038
1 164390 146865
1 125800 47100
1 29373 19769
1 197665 86603
1 131637 64423
1 66946 71207
1 196109 109768
1 178597 82461
1 188782 61143
1 144282 16363
1 57936 39819
1 80750 194407
1 136555 31207
1 143806 48942
1 138848 89598
1 3069 7567
1 108329 184197
1 88194 115449
1 101887 47646
1 171222 120739
1 148170 24033
1 108540 178938
1 193038 80685
1 69185 71696
1 127635 193648
1 183813 199363
1 151189 76275
1 64970 109035
1 195373 145705
1 158717 129416
1 11135 83705
1 5187 57258
1 182182 23497
1 56710 146210
1 184605 3214
1 102079 21546
1 72111 160081
1 171526 55760
1 2273 45892
1 148631 77224
1 178782 7685
1 105255 35187
1 166307 53618
1 108071 115914
1 47915 171885
1 87768 47055
1 119901 34033
1 85008 88150
1 123893 17238
1 147979 48143
1 159793 117025
1 2997 23479
1 60989 174352
1 128503 125312
1 138528 32036
1 150336 137598
1 104743 172399
1 174102 79635
1 146514 46432
1 122396 110940
1 158654 18060
1 129446 185373
1 187219 73919
1 45499 134059
1 60398 161540
1 148522 26840
1 58257 32368
1 112080 8676
1 89098 5941
1 67303 111650
1 72033 44710
1 106899 49512
1 100870 67142
1 27242 161595
1 69754 3798
1 74050 191034
1 24508 150110
1 54527 66121
1 139063 172283
1 6621 163073
1 96874 51498
1 107066 35350
1 183703 122515
1 21863 173064
1 145072 81625
1 127536 123342
1 182718 63905
1 179433 137983
1 166355 140449
1 85308 148931
1 124467 123947
1 132209 132602
1 95359 56890
1 94332 150891
1 88866 127228
1 53453 193967
1 42815 17120
1 198803 87583
1 128410 102497
1 128402 73659
1 180805 92884
1 158632 19676
1 88206 16878
1 181978 106844
1 117095 113689
1 149987 56899
1 132822 196984
1 767 11126
1 83101 7161
1 95221 138971
1 125740 88411
1 187812 75599
1 35846 67071
1 31759 56268
1 141938 150003
1 126379 25877
1 33891 163901
1 198183 117412
1 124393 8229
1 83389 169749
1 139544 130245
1 171321 42516
1 132409 37717
1 98375 44548
1 59120 100402
1 24129 100593
1 177070 35695
1 15609 109624
1 26776 109215
1 165124 132341
1 109942 111585
1 143047 39342
1 185568 57964
1 63814 118974
1 43111 181277
1 114859 171524
1 98048 99966
1 89555 181580
1 28469 179225
1 187551 106558
1 157711 119550
1 118201 70725
1 45118 113361
1 2469 129027
1 95499 196311
1 66314 138611
1 28160 77314
1 148289 145054
1 90134 118266
1 49821 148162
1 194912 153838
1 98427 126336
1 36405 179932
1 38475 155205
1 45411 80349
1 100000 149498
1 118034 117492
1 180020 13808
1 182710 57240
1 106687 1222
1 59257 62784
1 135802 160284
1 80039 157934
1 142447 11581
1 66268 124479
1 183683 30472
1 123820 16114
1 119494 2720
1 126289 51830
1 50169 125845
1 109145 148344
1 146721 123794
1 148817 95469
1 142091 34056
1 41580 74269
1 113568 71514
1 139960 81265
1 67180 89482
1 64004 114622
1 60137 37092
1 83850 11474
1 68433 121449
1 9379 144574
1 16547 75710
1 103147 34853
1 183989 9622
1 94897 198723
1 13370 114973
1 163171 24705
1 87062 199654
1 22522 55928
1 103584 155095
1 35618 151043
1 34423 62420
1 66349 109770
1 138440 33385
1 132408 162444
1 110430 183419
1 110493 155821
1 196523 102001
1 93530 158720
1 193429 66654
1 120578 28374
1 116997 124083
1 46178 24007
1 75820 72803
1 153847 155840
1 193942 26134
1 45454 191630
1 83187 76945
1 93563 159849
1 184612 134245
1 74942 55108
1 151107 174872
1 183218 91028
1 16949 58065
1 125752 146144
1 183412 71047
1 112803 11656
1 30232 63980
1 182182 59224
1 21093 99989
1 17338 86541
1 6811 34989
1 175188 64361
1 98234 183259
1 57670 186292
1 173012 105009
1 79860 176019
1 599 198486
1 182906 24270
1 109018 129654
1 121948 174172
1 170088 808
1 60078 8305
1 112395 98848
1 194437 62603
1 129435 115286
1 52253 33657
1 142150 33078
1 189388 177772
1 194594 135305
1 73958 188482
1 11696 123491
1 181938 105041
1 89139 18831
1 171918 135089
1 156082 94136
1 125086 100685
1 27657 132377
1 52026 137962
1 19639 6759
1 123672 176440
1 122915 199292
1 58807 22745
1 132528 178823
1 101966 152048
1 118659 60019
1 144756 175980
1 148242 31957
1 149904 57301
1 39791 32345
1 103172 44821
1 150356 36783
1 110230 21386
1 73265 181490
1 21855 74059
1 80563 66009
1 8439 81081
1 31640 39457
1 103136 65736
1 166129 108154
1 46706 87821
1 55606 37681
1 54470 394
1 20623 7645
1 18855 71671
1 168802 179726
1 159542 193364
1 134681 157299
1 187228 163820
1 58357 81995
1 36341 170155
1 90585 146126
1 13050 114916
1 120271 85916
1 65776 63644
1 167712 167717
1 166224 77402
1 7890 41499
1 78518 153267
1 102594 4181
1 199309 195729
1 140708 180165
1 65850 55107
1 94744 75484
1 172936 100683
1 194736 37628
1 189204 129571
1 110142 63710
1 4730 22929
1 35811 101828
1 141183 176749
1 123733 27618
1 187968 2800
1 120816 146761
1 104602 133759
1 182913 186964
1 143643 181624
1 172494 44886
1 57898 16125
1 36522 171010
1 1202 178814
1 14263 149341
1 13076 185803
1 38012 175649
1 119821 54937
1 167082 135027
1 76773 94164
1 185513 82568
1 134746 30247
1 144040 52499
1 88844 53256
1 55140 60786
1 162282 100423
1 98488 135385
1 38044 85399
1 167846 87358
1 132402 101918
1 130789 3910
1 123789 114106
1 12267 78704
1 40589 84
1 56124 51072
1 167546 184489
1 183220 104175
1 66870 131734
1 9553 52305
1 87075 193443
1 133188 148166
1 72272 110612
1 144442 198117
1 52266 84716
1 148645 133926
1 136673 15874
1 135888 27471
1 152280 135880
1 65507 134241
1 163344 70873
1 125235 96259
1 186071 5187
1 3021 161647
1 99117 39189
1 86596 62107
1 113015 105899
1 145273 100906
1 93991 131831
1 62186 96468
1 161195 112082
1 1727 14164
1 7509 148739
1 168848 129104
1 5195 56526
1 147323 187598
1 103280 103617
1 48356 33236
1 51026 24827
1 158029 111200
1 174037 10365
1 132632 44682
1 143647 186358
1 198618 135157
1 17798 47497
1 23523 196862
1 86839 187041
1 128011 184734
1 4455 167352
1 130878 74338
1 191359 38244
1 131211 22221
1 179652 9507
1 137001 45515
1 75396 112936
1 188747 92250
1 66823 172902
1 155302 20852
1 93237 58076
1 65664 108223
1 130564 82529
1 52603 111481
1 160294 162738
1 199329 21790
1 174704 73658
1 2866 108443
1 76237 92129
1 162860 56248
1 33891 9240
1 13786 3777
1 78278 32867
1 66400 135029
1 139356 153639
1 90438 146610
1 118864 37302
1 160898 47969
1 104763 104537
1 21898 170398
1 86352 88029
1 162459 64618
1 65094 187232
1 82371 43541
1 73099 8606
1 66422 174117
1 128231 103543
1 73487 17548
1 91694 127811
1 164516 16201
1 155434 95001
1 1871 109213
1 172296 183643
1 131769 58929
1 92802 127302
1 162218 131397
1 24397 129273
1 117710 28956
1 154947 159940
1 86218 182566
1 16083 78066
1 108928 49710
1 42343 119833
1 169119 169477
1 35222 78625
1 192174 10606
1 79627 192723
1 47577 36107
1 31221 88485
1 110205 78984
1 116465 124867
1 150192 167046
1 170357 119775
1 90005 69323
1 181182 40315
1 23902 174184
1 1723 181366
1 88739 175594
1 26619 95574
1 188770 129860
1 9172 10197
1 94742 110077
1 125398 170926
1 165309 62550
1 56559 116009
1 35109 136702
1 42464 90085
1 45111 61626
1 6304 137382
1 126918 23695
1 104526 171039
1 75544 21041
1 221 66049
1 82294 58353
1 88443 44933
1 29105 29730
1 118786 25014
1 171894 136652
1 87971 130
1 31443 192341
1 172239 144194
1 70217 194220
1 148199 150663
1 19284 44343
1 89510 69095
1 145145 195072
1 68173 134216
1 81872 84123
1 169488 49324
1 125842 178331
1 187519 11070
1 12324 26165
1 192951 179228
1 192739 41460
1 147657 198310
1 39218 187231
1 198315 53765
1 3010 73064
1 16734 2239
1 127778 190807
1 83295 50297
1 69511 23733
1 195858 43405
1 148189 121789
1 21099 127311
1 87630 21760
1 154655 57371
1 163154 65815
1 29195 7649
1 29048 181134
1 116706 182066
1 24755 166478
1 124444 13901
1 53096 174348
1 106461 183269
1 97335 144688
1 24804 114101
1 125512 84488
1 11637 17799
1 66071 33967
1 39304 12801
1 37635 114744
1 185075 86769
1 69972 47646
1 132118 25434
1 74378 304
1 94213 169727
1 113005 186041
1 140731 170096
1 87186 178350
1 170236 172242
1 44523 8604
1 126859 89395
1 120467 57361
1 105934 18126
1 110808 166153
1 97342 174555
1 138569 64923
1 59539 71899
1 118145 71460
1 112047 148706
1 19508 143796
1 4106 104037
1 15417 43704
1 117022 34310
1 29977 90792
1 5140 86814
1 130007 36658
1 37550 43978
1 50945 28774
1 42741 60537
1 151541 1570
1 113957 159156
1 39159 199553
1 65432 96303
1 10994 65536
1 42224 36047
1 158796 34865
1 163657 141371
1 186159 92899
1 101215 137000
1 95188 43217
1 112955 177696
1 196179 126473
1 48227 128019
1 66473 103072
1 60162 85024
1 55817 126357
1 96597 155237
1 11941 112770
1 182616 18373
1 14590 22026
1 60145 10169
1 53930 105598
1 151130 157722
1 124134 175058
1 111956 197102
1 135196 22080
1 43274 97201
1 56758 187899
1 129220 148581
1 119268 93847
1 142733 163868
1 11177 133431
1 93670 165637
1 173869 123062
1 52013 20662
1 26558 103129
1 119624 95417
1 136168 129461
1 117206 52378
1 193142 14813
1 70359 147311
1 129737 199951
1 175834 4136
1 197721 2143
1 29799 163225
1 142665 94564
1 45486 187205
1 23984 38625
1 78641 118445
1 46308 104374
1 23661 91930
1 40842 62983
1 74958 191143
1 133659 159725
1 183251 138130
1 57017 35356
1 20287 9988
1 156722 172565
1 121985 156062
1 74643 198797
1 133670 162502
1 24625 47197
1 185086 118578
1 82548 148971
1 187404 15157
1 40805 50520
1 170738 78088
1 188793 179243
1 4315 31066
1 26717 106302
1 135914 34074
1 161412 4904
1 160227 72260
1 131440 17834
1 100377 197226
1 138557 113821
1 159256 194949
1 64564 168411
1 187795 147644
1 96333 113005
1 170704 192564
1 86278 48374
1 107794 33816
1 32163 189981
1 80263 142251
1 111046 93888
1 61300 104331
1 78834 140759
1 4957 75592
1 8154 154662
1 97721 34405
1 52783 101927
1 12437 1070
1 184809 50679
1 145351 112443
1 65812 91456
1 124565 30979
1 189151 36134
1 79271 195556
1 190114 9333
1 70699 42545
1 183726 19403
1 11783 133181
1 8409 176066
1 10948 39
1 138057 18977
1 167288 23015
1 172224 18947
1 111733 84440
1 144872 171975
1 161328 51526
1 40353 119802
1 132404 82105
1 138953 175490
1 54152 196226
1 139083 153868
1 15453 181381
1 39212 74679
1 124861 18695
1 109585 175810
1 25904 3258
1 102996 198195
1 64112 198407
1 89864 34570
1 110160 51227
1 33034 3685
1 118632 195253
1 58315 60724
1 141635 167982
1 82524 72224
1 68812 199818
1 57081 169848
1 142903 149054
1 133784 123612
1 89772 180866
1 184755 189037
1 84857 8409
1 119188 148468
1 43448 122334
1 149728 25874
1 169662 172816
1 127783 159784
1 18181 159905
1 18283 46215
1 140060 114876
1 194927 195354
1 138893 50069
1 36098 92050
1 166671 175861
1 82955 43987
1 9262 78789
1 198231 119197
1 101623 28123
1 19168 150909
1 176232 144323
1 154784 75124
1 86679 127631
1 165207 72744
1 163553 10978
1 49752 40394
1 107030 18745
1 75867 2375
1 146786 124346
1 79230 70899
1 83327 161730
1 88541 135922
1 61273 189225
1 102548 128168
1 111554 2008
1 131281 46244
1 83992 168847
1 85919 87304
1 148531 31472
1 13808 61244
1 83 71311
1 161771 141076
1 161544 105789
1 139255 184255
1 142051 177875
1 158342 188849
1 115038 69628
1 22501 62994
1 112135 189638
1 67714 166376
1 69618 139626
1 11583 161026
1 35360 82329
1 167862 185831
1 80106 171401
1 23117 30974
1 37234 98945
1 95996 161471
1 178508 122849
1 31836 57114
1 120040 75317
1 135474 93093
1 101827 119995
1 102460 19148
1 67663 115699
1 178619 46452
1 179680 194343
1 113857 33776
1 35160 160250
1 18044 187175
1 98836 22709
1 86596 81285
1 98776 51023
1 14050 58338
1 27449 183549
1 117921 38896
1 104777 113786
1 111321 9768
1 138952 152089
1 8697 30582
1 23177 164488
1 67668 187172
1 77602 153063
1 20784 40644
1 8984 56777
1 23818 175586
1 31434 117258
1 184878 18985
1 33116 86610
1 21365 84885
1 167271 178728
1 195487 63513
1 140319 166458
1 59732 32337
1 148356 41067
1 76917 44650
1 77 191775
1 147624 89999
1 20817 113411
1 122851 74520
1 96184 60320
1 69752 62383
1 156898 137376
1 182690 146242
1 170006 126241
1 102863 152943
1 82606 26555
1 115246 74221
1 194240 37324
1 4666 167991
1 61839 52108
1 91655 11966
1 173363 187533
1 94925 102927
1 62534 194130
1 110579 40258
1 88465 60372
1 669 177893
1 170614 60433
1 17784 151144
1 137758 157013
1 45637 714
1 151781 40589
1 178277 94980
1 160773 152393
1 168740 58868
1 63041 25426
1 46408 133388
1 198163 93549
1 74971 57339
1 5527 110637
1 192567 144604
1 53817 7615
1 166866 83678
1 104028 140850
1 143946 119156
1 78860 166662
1 79474 171133
1 22183 133175
1 61084 82934
1 168519 43337
1 109225 36831
1 143026 199381
1 185488 30699
1 114757 156372
1 4523 65387
1 190686 111212
1 29320 175741
1 168841 129209
1 83950 32113
1 14766 15773
1 36525 173564
1 119800 103243
1 35563 32545
1 28169 108432
1 57965 14427
1 86620 120867
1 28322 83344
1 114298 5998
1 183670 174514
1 18017 93213
1 2133 35704
1 21106 75494
1 25981 107389
1 105370 109209
1 129994 126646
1 2 20202
1 7228 9241
1 87739 27005
1 171275 16524
1 107748 189873
1 73965 141196
1 133853 86895
1 85223 119135
1 152049 56181
1 160147 24251
1 113856 84126
1 24880 81208
1 128490 89716
1 89776 43060
1 112642 188792
1 42045 94981
1 194610 158641
1 96781 198820
1 84011 55155
1 193832 47575
1 20176 130738
1 131319 99551
1 163491 7495
1 119887 39203
1 13296 121793
1 150270 126237
1 61432 63727
1 165717 26756
1 114976 136941
1 26358 105977
1 83867 130414
1 151840 77110
1 87701 158473
1 129336 2803
1 136609 145478
1 129626 89818
1 88549 111146
1 7841 179182
1 73925 24256
1 136435 167223
1 48653 175019
1 118224 63920
1 179298 1001
1 180763 52532
1 57131 89578
1 113705 90342
1 126779 43474
1 193994 51809
1 122179 156362
1 179990 139424
1 107062 26189
1 178106 137645
1 156668 195889
1 157059 91599
1 97754 134005
1 126634 99888
1 186337 53770
1 107872 112972
1 70231 79012
1 64219 52001
1 177251 78914
1 187489 6099
1 88956 151932
1 145684 179486
1 161492 15565
1 104191 58433
1 81728 61409
1 81184 132905
1 14827 185824
1 94198 144540
1 63676 5819
1 109901 67111
1 173253 35191
1 90247 199689
1 132845 26231
1 86636 20897
1 13472 112078
1 21813 184662
1 125493 114117
1 175830 109957
1 37728 129770
1 127690 132464
1 98265 95578
1 38691 49444
1 157324 16271
1 157970 197483
1 83714 136301
1 62707 147892
1 46543 56393
1 94044 119680
1 177342 164795
1 179303 61006
1 110138 18598
1 42942 196104
1 150526 160773
1 85351 75374
1 35071 87864
1 48912 171652
1 118679 74703
1 144476 10808
1 119285 2902
1 84014 96662
1 80004 34977
1 132213 154031
1 24409 79961
1 162232 144903
1 187040 136455
1 86180 174078
1 190921 57441
1 68244 49601
1 6767 58195
1 176160 64562
1 67529 148880
1 28648 179220
1 106900 168856
1 132770 150715
1 192640 176267
1 49571 111988
1 114394 3183
1 22826 17201
1 105081 35583
1 184115 115959
1 129197 159796
1 55866 18763
1 177317 151704
1 192718 39385
1 109024 36488
1 70232 20071
1 71382 36489
1 157419 96122
1 93991 107983
1 6670 148295
1 58307 165449
1 180872 99549
1 189020 160048
1 146027 171600
1 143305 28050
1 174692 164328
1 45820 172570
1 178818 105355
1 98406 93858
1 190340 76009
1 169257 168443
1 10536 58279
1 119870 102076
1 31921 88397
1 9512 174345
1 160248 13107
1 72536 171686
1 20406 124137
1 87458 137980
1 113808 161318
1 107936 152362
1 198820 49907
1 176037 151376
1 113939 93592
1 174372 133656
1 103247 121735
1 9250 152709
1 161383 65288
1 175129 4672
1 158609 46181
1 127150 49121
1 39287 26327
1 2966 24634
1 138948 3696
1 109380 127146
1 52656 28233
1 126678 153441
1 112266 62126
1 74688 143342
1 20934 168521
1 8056 198929
1 25095 131661
1 36067 48830
1 57518 125348
1 92416 44974
1 169059 110938
1 105811 17516
1 83747 17226
1 2901 100383
1 182155 7178
1 138778 93011
1 136036 44947
1 123267 156300
1 93103 174195
1 31269 180046
1 1650 178614
1 59576 72230
1 100867 175313
1 121028 39677
1 141525 142097
1 14665 195422
1 103680 6788
1 114734 199109
1 87894 26470
1 22317 66538
1 187939 131471
1 193404 109454
1 31875 96346
1 20286 118150
1 30251 149977
1 46956 66373
1 185968 11127
1 134654 14190
1 69788 137901
1 147165 12890
1 130675 60713
1 168526 111143
1 145728 73723
1 182807 32386
1 168549 122178
1 129270 166774
1 6179 24471
1 190979 80628
1 134758 49144
1 124193 184741
1 121685 6583
1 122541 2862
1 28952 17956
1 92640 188803
1 101610 85816
1 139143 112175
1 93600 32067
1 66021 151394
1 4218 141655
1 72358 144380
1 69611 73206
1 6792 124888
1 144355 2042
1 115461 146781
1 20133 38596
1 79748 117121
1 28613 32295
1 90432 132703
1 54209 164565
1 77176 92154
1 115140 163145
1 54168 160017
1 182966 149815
1 132648 118886
1 144135 174193
1 1716 28810
1 151997 94490
1 111419 153323
1 188285 189136
1 125851 115168
1 132311 8854
1 166781 78899
1 96980 198400
1 149117 27888
1 126723 112226
1 185436 36205
1 69762 23930
1 42858 21339
1 87882 46108
1 190445 33420
1 89343 159071
1 78999 148804
1 123958 180167
1 169383 113349
1 35591 42354
1 135198 173973
1 126100 148358
1 68261 78611
1 189402 2650
1 164156 181114
1 127032 145635
1 67750 1972
1 55037 9058
1 179027 126435
1 137847 21324
1 133070 29867
1 29305 42490
1 186600 22980
1 44588 176467
1 22372 197694
1 130521 79478
1 152292 188373
1 198005 157868
1 66516 129912
1 192558 21453
1 119638 94676
1 156789 9648
1 60525 191654
1 78797 152985
1 77421 181569
1 85203 160542
1 61730 156956
1 13453 188891
1 171583 80543
1 18551 156567
1 36811 23599
1 55180 190774
1 34631 172280
1 5970 91424
1 76706 92539
1 6633 7857
1 153953 138072
1 85397 54114
1 196809 15324
1 168713 16823
1 43086 112782
1 170486 153066
1 98177 28791
1 15892 119384
1 103413 130736
1 25776 160747
1 102258 100656
1 114359 173960
1 97310 112917
1 20546 26554
1 148008 197299
1 72226 144542
1 150390 93531
1 63533 8079
1 190610 166958
1 105930 177492
1 14992 88610
1 157625 1545
1 38531 95123
1 87206 78155
1 102624 84109
1 17455 96488
1 126194 124440
1 144243 125574
1 28736 46085
1 121246 66578
1 15612 138361
1 185394 81196
1 140014 22199
1 152792 170065
1 35872 66227
1 158759 19592
1 109066 181908
1 115700 15761
1 112128 175880
1 115354 152139
1 151386 177742
1 36235 145892
1 162916 97088
1 133080 161286
1 62535 108704
1 111485 118656
2 139218
3
