200000
1 76084 62255
1 186787 180461
1 86713 137076
1 98507 117254
1 122410 53157
1 189683 59062
1 90758 60726
1 36817 105514
1 167412 30660
1 84068 179908
1 62742 140474
1 147362 170089
1 135059 114502
2 117540
1 186606 154079
2 125123
1 55589 15806
1 199176 61797
1 169135 25298
2 3097
1 174353 79554
1 162160 40140
1 53126 42037
1 125184 112662
1 171902 119784
2 54086
1 149160 58811
1 35690 116245
1 45410 119444
1 28020 64228
2 135121
1 188930 41765
1 79410 124207
1 135174 177540
1 51595 67000
1 85324 103189
1 150091 167922
1 81890 13636
1 35251 103677
1 136819 39831
1 157306 145180
1 13137 129042
1 164543 147653
1 35843 159916
1 125429 35238
2 129231
2 79326
2 133048
1 96969 175035
2 1624
1 64745 65181
1 157632 52111
1 106074 58009
1 193049 40418
1 39968 29374
1 116203 64114
2 143127
1 190092 41159
1 45333 170973
1 98171 128397
2 69989
1 47858 168910
1 80351 116297
1 174371 33748
2 68550
1 127829 76916
1 68744 71877
1 43078 190403
1 73608 180270
1 114423 198000
1 134441 94711
1 173208 139056
1 41424 44897
1 78725 61326
2 100291
1 120800 102910
1 123305 21618
2 17635
1 123831 40488
1 31667 63139
1 125527 20657
2 24542
1 68404 13850
1 18986 120784
1 179746 34767
1 114384 146367
1 5656 149865
1 103459 61344
1 20646 156173
1 149852 46936
2 76013
1 64821 198896
1 10708 89292
1 65012 42083
1 72085 151309
1 167121 21456
1 30093 139345
1 63265 130487
1 148557 41849
1 55391 90440
1 147349 10711
1 15896 185839
1 195049 85140
1 46488 103392
1 128152 10914
1 98452 24421
1 80841 164325
1 72089 93349
1 147465 38045
1 106548 130359
1 117843 196183
2 130147
1 15606 139423
1 47874 14140
1 169282 96366
1 40889 56285
1 189349 145748
1 158651 148948
1 107415 2631
2 59808
1 137016 26450
1 83365 115438
1 109251 109502
1 168454 7852
1 185019 5215
1 43467 11172
2 175495
1 86646 124673
1 121717 118501
1 111216 46732
2 106395
1 80319 44922
1 108322 150001
1 102558 143481
1 166475 147848
1 50830 133013
1 123149 115570
1 163210 153280
1 195682 92134
1 45022 31687
1 106847 20470
1 106573 85337
1 110276 54900
1 198915 193814
1 156099 148831
1 6973 190105
1 121359 8596
1 66615 74760
1 60326 33202
1 24918 87195
1 1634 193038
1 63383 193324
1 153340 133913
1 60024 171262
1 28322 138510
1 116197 31312
1 65978 99872
1 84646 75363
2 108343
1 196473 138694
1 80657 162972
2 184180
1 169266 53998
1 31488 94435
1 150129 182495
2 77882
1 57829 198163
1 169367 101885
1 8202 168291
1 93765 21724
1 166579 143223
1 99846 100885
1 129965 164671
2 138645
1 117424 81153
1 116076 151188
1 16331 30303
1 173479 146138
1 694 123784
1 57547 121470
1 100746 175548
1 79685 5794
1 124915 45348
2 22414
1 37037 166005
1 128339 133084
1 161107 92544
1 10628 11211
1 139987 132213
1 157741 197318
1 67042 11896
1 65204 39546
1 6105 136889
1 157456 76669
1 88734 84222
1 115345 195578
1 136786 75635
2 175283
2 39561
1 31028 84969
1 22795 24317
1 169050 123855
1 94515 118275
1 41092 34799
1 181139 199901
1 80999 93212
1 147293 140841
1 199641 84578
1 43484 186863
1 100698 92276
1 179177 176424
1 3813 148376
2 26130
2 70759
1 128913 64764
1 172588 48486
1 55757 135597
1 122974 194672
1 92240 119997
1 81704 31422
1 182753 29560
1 50367 404
1 102707 6821
1 48979 20908
1 136791 44236
2 179420
1 87559 122655
1 16453 129319
1 73538 86293
1 108653 108960
1 182505 83294
1 89301 59362
1 190397 164905
1 184541 74685
1 142138 149276
1 182720 171143
1 121572 167552
1 96703 159206
1 168341 49771
1 100237 31964
1 139332 72174
1 127292 98836
1 138136 185921
1 82088 1195
1 168301 117164
1 161506 178498
1 34726 154998
1 14047 161284
1 141364 63187
1 62242 26291
1 98533 74121
1 47911 84535
1 24560 182692
1 171410 162409
1 62656 171739
1 185559 8924
1 167999 32961
1 24746 38766
1 24996 79792
1 136937 24974
1 155200 185267
1 8457 42381
1 119877 107699
1 42559 147369
1 126936 53925
2 172527
1 76084 195288
1 82843 123610
1 100668 191215
1 68017 1987
1 119242 109976
1 75589 136034
1 199487 66546
2 92759
1 101251 7932
1 106758 78422
1 170021 156946
1 95812 167344
1 179800 49196
1 23532 103768
1 115114 103291
1 130037 53911
1 183490 166754
1 156715 59671
1 127533 100964
1 26203 87659
2 27621
1 77559 142019
1 75334 142884
1 103925 116409
1 80315 181354
1 103951 174874
1 127786 15371
2 60856
1 52901 22605
1 71505 149127
1 20918 7068
1 70803 43781
2 171612
1 178700 166074
1 194382 66419
1 197922 195303
1 71966 109473
1 167886 135274
1 127723 76838
1 9564 19429
1 115533 54758
1 111484 6976
1 102595 165492
1 182038 4367
1 125408 152993
1 21456 71617
1 182130 133126
1 75807 65034
1 118515 185870
1 93260 197714
1 120948 115143
1 118025 139487
1 124230 97002
1 144884 167360
1 89963 26920
1 58794 116092
1 181884 1016
1 194960 32250
1 70683 190686
1 3742 188594
1 70300 90557
1 28525 12051
2 54831
1 179183 63234
1 135300 40081
1 86548 75099
1 100368 23988
2 129010
1 151011 53635
1 122911 79827
1 165030 86946
1 13953 71288
1 104756 150035
1 127579 157118
1 65209 9895
1 103652 123980
1 132045 79014
1 41041 192706
2 39905
1 142856 160158
2 79265
1 108015 114126
1 12914 177488
1 174480 67494
1 18499 196811
1 85542 67750
1 178562 189269
1 49287 35987
1 158000 51311
1 116489 168332
1 105740 166433
1 66064 71541
1 1153 70856
1 54999 160038
1 73933 139296
1 125375 81365
1 88885 90260
1 35222 174914
2 150055
1 64337 3753
2 126728
1 128662 46318
1 62733 169451
1 45120 117886
1 7467 15959
1 23828 152939
1 84060 86903
1 44237 15078
1 56807 119527
2 30425
2 108632
1 57535 147123
2 152655
1 190383 20832
2 50418
1 148497 104005
1 172493 140878
1 143601 4992
1 56848 196915
1 69453 1402
1 60547 61576
1 57568 144891
1 167211 149617
1 165990 44967
1 61837 174108
1 47142 5799
1 176278 102408
1 64510 93781
1 187018 132438
2 115188
1 29397 100591
1 47653 163641
2 22972
1 91911 113700
1 94808 95366
1 126266 18890
1 119107 127046
1 170308 41522
1 194460 2919
1 101214 161611
1 6 21881
1 36581 97863
1 147021 84539
1 70636 4104
1 98894 27307
1 13702 73864
1 20645 6732
2 165970
1 181606 197336
1 87176 173511
1 32815 198018
1 78408 60802
1 54525 161794
1 57660 1229
1 29872 64292
1 127339 78706
1 45542 10832
2 78111
1 32584 25290
1 101944 175944
1 159459 28640
2 156412
1 127630 145765
1 98611 198366
1 112643 2736
1 140952 38024
1 57701 109050
2 87446
1 23505 95843
1 78046 38925
1 122241 87611
1 58296 72429
1 168041 131398
2 151798
2 97441
1 106055 67869
1 72747 164770
1 51829 14662
2 136508
1 183981 108999
1 180239 186348
1 84117 21887
1 50477 153095
1 130084 2810
2 93708
1 24223 23661
1 60015 76856
1 19060 39213
1 35825 149814
1 93960 21935
1 76378 59848
1 88031 115392
1 133855 83196
1 116496 199190
1 22218 197115
1 170318 24764
1 8857 152465
1 16562 76673
1 40244 195960
1 177227 194082
1 167189 130729
1 67625 15605
1 151603 91814
1 46565 2582
1 52207 16129
1 94069 53847
2 125187
1 61727 38959
2 108212
1 94359 117250
1 55924 182709
1 117195 156909
2 73270
2 82783
1 115843 143588
1 1915 56447
1 96211 5869
1 134951 75872
1 58815 138395
2 114001
1 196542 76591
1 130838 52175
1 83954 38774
1 25656 155375
2 26508
1 104168 155826
1 190283 140221
1 189531 185216
1 174096 185745
1 180030 181746
1 168057 144312
1 93392 29593
2 167344
1 8351 114308
1 54319 38132
1 137387 198541
1 52681 22975
1 191135 18347
1 164990 177336
1 68143 126451
1 65457 100507
1 75725 44515
2 175466
1 27590 98705
1 168340 92842
1 128998 181539
1 39944 116080
1 31119 156267
1 64564 4165
1 158419 28603
2 134780
1 192873 107680
1 153753 174716
1 55544 52621
1 116655 7032
1 192179 164645
1 173877 193156
1 96186 72498
1 180472 120245
1 145356 103883
1 57431 157831
1 56567 66209
1 13004 103823
2 181509
1 130857 145848
1 88931 357
1 125501 88947
2 25244
1 61964 170947
1 9760 159302
1 15413 174374
1 94986 149580
1 9686 28577
1 39456 14259
1 59246 170920
1 147928 174955
1 23268 136728
1 167345 115030
1 169819 5341
1 11041 70807
1 109816 171939
2 8514
1 89816 155313
1 38523 143608
1 109783 189079
1 48537 28070
1 136965 96743
1 171825 69906
1 169679 171214
1 31347 63573
2 183255
1 135787 164366
1 68284 123872
1 173325 111046
2 147029
1 67435 104608
1 174869 179908
2 170619
1 101675 148964
1 29329 11966
1 151641 103967
1 21503 85722
2 115518
1 179464 49418
2 44929
1 41640 78795
1 36578 162802
1 122811 193684
1 41583 140848
1 180378 47799
1 102448 181016
1 54282 121977
1 71402 114331
2 141252
1 131999 182311
1 95652 107364
1 191401 190401
1 178660 126165
1 85288 175341
1 63131 51580
1 79746 70731
1 159650 171364
1 4647 62061
2 115915
1 94620 81147
2 64016
1 4266 18612
1 84 87632
1 19689 63066
1 151920 109224
1 73860 161031
1 188757 67881
1 120216 143072
1 38608 132526
1 8371 14915
1 103783 76681
1 175228 2257
1 84397 37744
1 5214 127229
1 36740 14053
1 10810 39380
1 128563 103715
2 99213
1 52441 104683
1 126134 25311
1 65985 178580
1 101775 7726
1 1185 27357
1 32526 111194
1 466 7107
1 26211 194002
1 161630 62433
1 180512 173118
1 108976 12345
1 56449 1390
1 109307 149314
2 10301
2 21650
1 94770 99650
1 150429 69015
2 76557
1 162810 193284
1 188845 40431
1 182763 141274
1 37043 198358
1 96942 60417
1 27732 157491
1 134663 61896
1 98459 71346
1 145591 134044
1 146069 159048
1 140174 159725
1 137463 32061
2 25460
1 195825 161806
1 20675 73588
2 80364
1 199123 12159
1 168304 191008
1 86232 26853
1 87712 61276
1 166425 178667
1 148836 35068
1 94200 43700
2 118447
2 185272
1 159480 12135
1 93719 110350
1 59953 8719
1 12466 78475
1 185608 158986
1 61575 3038
1 78079 163189
1 143844 54551
1 137888 143743
1 19176 64405
1 131942 139762
2 178388
1 8061 90217
2 15389
1 159721 188009
1 133199 20446
1 31567 132476
2 183879
2 56694
1 11470 155596
2 113043
1 183181 13899
1 177046 48293
1 54128 21762
1 165736 72323
1 48811 174506
1 16689 193470
1 154241 166070
1 112589 39643
1 54540 84123
1 16672 43139
1 173869 82655
1 41763 29356
1 110647 117924
1 41968 181063
1 112284 113076
2 197194
1 67465 191959
1 116083 172465
1 7674 158491
1 54794 9956
1 3739 8957
1 167212 85431
1 177264 165981
1 80859 155799
1 162782 131418
1 165810 6619
1 99127 58871
1 25626 56397
1 149571 76680
1 434 29689
2 161874
1 117309 83832
1 161426 81279
1 162608 76412
1 136465 21639
1 126476 120711
1 181831 155210
1 9519 109192
1 148680 69280
1 113135 36351
1 78814 155488
1 72163 131437
1 96438 179692
1 79224 169531
2 153994
1 97113 6898
1 100795 125326
1 100570 141057
1 123060 69471
1 78048 155207
2 67826
2 195371
1 15335 88544
1 191191 101244
1 151055 17041
1 145152 69070
1 60937 138164
1 182735 35882
1 192574 50923
1 46643 77701
1 173963 14242
1 182793 100621
1 99849 103930
2 162439
1 162399 176344
1 60319 197546
1 112719 20331
1 5832 135329
1 70635 65113
1 149250 69435
1 86735 70819
2 85621
1 4498 181314
1 160018 114436
1 188245 97127
1 70150 11547
1 66778 168168
1 31336 167741
1 32000 137760
1 119358 119945
1 69963 178825
1 72396 115340
1 95918 188965
1 130761 158349
1 114266 125231
1 102595 51541
2 168968
1 102402 61134
1 12812 196611
2 162800
1 99900 14086
2 197874
2 119573
1 50477 61506
1 22776 50150
1 182047 52466
1 12237 34187
1 8792 129692
1 35228 175821
1 30169 56295
1 138429 109059
1 92374 112917
1 143977 177148
1 87327 151889
1 180485 73201
1 113489 24505
1 66734 27626
1 11709 162413
1 125127 15535
1 66521 144918
1 163201 144434
1 89574 70777
1 61547 143099
1 180321 148158
1 151738 177491
1 90670 892
1 190810 162357
1 175105 134984
1 53365 36209
1 182863 69437
1 92291 64867
1 128309 85710
1 190930 13780
1 180070 107593
1 116440 144686
1 20442 17710
1 63223 171302
1 61045 136560
1 146192 92004
1 38582 81034
1 146891 80630
1 180385 51398
1 118436 116343
1 187246 188042
1 172154 57785
1 86451 30756
1 170068 91578
1 166671 56663
1 185333 179142
1 157017 72806
1 137890 4649
1 144329 1632
1 33009 199896
1 17892 8045
1 139604 68384
1 127917 122456
1 162022 7694
1 188554 174045
1 29492 70688
1 91188 139636
1 197967 109613
1 139683 115102
1 168338 81360
1 24249 58479
1 177583 89818
1 3694 92956
1 23998 156728
1 9596 16007
1 55624 61282
1 150795 115273
1 185616 126534
1 177183 123967
1 4323 628
1 136897 68760
1 107554 69834
1 199083 53469
1 42126 155875
1 54648 58049
1 190675 62460
1 13834 8300
1 81815 148647
1 155709 156546
1 6596 124467
1 158924 14073
1 31699 97370
1 117187 181403
1 171228 11501
1 47781 175960
1 15452 38590
1 73118 51919
1 101957 184268
1 117611 99422
1 115660 187444
1 10888 79336
1 195183 84565
1 128154 10534
1 149957 136260
1 145950 173681
1 75467 141106
1 98962 42575
1 136235 146202
1 70178 53436
1 17551 62639
1 143126 82042
1 66087 89029
1 170681 190875
1 175862 76158
1 141772 128846
1 160483 157048
1 44076 185449
1 20991 137269
1 199106 66166
1 75474 34699
1 129642 5441
1 197163 164813
1 86501 157024
1 141352 53433
1 70210 37763
1 12098 24099
1 119177 85502
1 152092 112737
1 195562 83156
1 132109 88313
1 80038 155846
1 76523 2824
1 106685 176092
1 91547 126003
1 155288 129332
1 91222 138835
1 81271 197193
1 68670 25244
1 94300 159236
1 42657 120591
1 33017 130953
1 124492 27937
1 55448 139899
1 84500 53611
1 160906 123665
1 175009 180307
1 106066 138974
1 111036 117434
1 191697 127451
1 195418 185127
1 64053 887
1 198376 125236
1 180126 104481
1 138905 49207
1 197969 3797
1 170862 52340
1 36513 22821
1 189766 19393
1 162074 125002
1 26470 60729
1 186735 23979
1 169802 23781
1 41766 106349
1 182252 19943
1 110338 175163
1 65108 196841
1 169585 103064
1 84769 156486
1 170551 139874
1 143895 108215
1 114779 46249
1 25705 60288
1 47120 25776
1 140871 186843
1 156967 70914
1 191915 197349
1 14770 126265
1 31969 189767
1 135739 162123
1 108310 192552
1 57191 11351
1 109731 91153
1 63717 25134
1 76184 14753
1 187547 108772
1 143437 51762
1 67602 63064
1 1575 102539
1 78240 28226
1 29992 109575
1 33494 123901
1 22331 97733
1 173548 67156
1 35006 196498
1 47530 191122
1 156496 19284
1 120920 20292
1 174620 178872
1 160487 83282
1 114086 148509
1 166560 111550
1 73302 172482
1 175502 39803
1 110851 111533
1 75880 84274
1 195585 126877
1 184833 99152
1 187053 58739
1 16755 119316
1 13880 87004
1 80585 181975
1 153011 172930
1 130668 145181
1 172378 141044
1 110865 62043
1 144803 143058
1 165664 86281
1 199496 124733
1 129191 82282
1 113299 50622
1 154944 72857
1 194665 39670
1 153599 180437
1 187098 184902
1 85793 169872
1 79912 176895
1 194738 11125
1 145750 85260
1 88573 32056
1 55411 153566
1 179193 69922
1 90854 182232
1 77426 142940
1 21947 140477
1 96501 8380
1 177455 127574
1 197120 58190
1 104633 22504
1 101289 107876
1 51225 44245
1 12301 15073
1 179173 151377
1 125051 175746
1 38161 160521
1 20386 94253
1 135359 74062
1 112761 181183
1 159112 1032
1 29549 111312
1 60553 77912
1 112592 16201
1 178800 2766
1 143232 144234
1 67784 198924
1 37653 108820
1 13443 40570
1 149390 43678
1 68552 94636
1 22910 113878
1 38142 28945
1 156403 83349
1 128855 146909
1 196903 180617
1 52064 70648
1 188587 57917
1 130503 142376
1 115600 85995
1 89326 49020
1 165016 136708
1 10735 34747
1 111580 186046
1 40816 150732
1 169022 13472
1 65577 152231
1 8210 80778
1 17331 146939
1 29576 125384
1 151123 111201
1 43869 65944
1 190214 76482
1 34691 44218
1 188879 12868
1 17934 189943
1 125824 25210
1 78944 87605
1 130885 66891
1 108630 82298
1 122999 11043
1 60020 39742
1 66975 16538
1 39439 110454
1 18696 53345
1 19449 154909
1 20234 118900
1 123186 139974
1 32084 84732
1 177037 186015
1 28921 29891
1 153440 56200
1 171582 24990
1 107952 40788
1 65891 179286
1 16156 35807
1 137072 135255
1 65992 35153
1 15234 51676
1 147596 115441
1 89494 166170
1 158814 181613
1 190677 24556
1 37694 116328
1 190048 44288
1 175265 184133
1 107165 103359
1 39391 199348
1 77058 86338
1 14304 25914
1 25313 86515
1 192388 41861
1 181 32704
1 57938 36976
1 173995 188935
1 19747 50003
1 197813 118911
1 156496 80847
1 189643 199011
1 42393 102489
1 102018 107620
1 65111 92612
1 72338 7631
1 9636 72403
1 130338 37052
1 125896 139071
1 114326 189113
1 74983 191877
1 139227 137974
1 174890 120692
1 61298 152754
1 139243 63222
1 28412 25446
1 172133 61340
1 179205 45872
1 6299 105071
1 30867 147330
1 105735 41587
1 175344 83403
1 109445 50878
1 186550 2086
1 181377 97594
1 23387 166082
1 42078 9143
1 61629 48658
1 2472 175989
1 71022 133813
1 83004 134384
1 166851 93992
1 167926 53036
1 185306 363
1 176540 90114
1 153195 128497
1 125577 42027
1 92496 75339
1 123548 34381
1 185047 170967
1 18593 18884
1 19975 160805
1 61568 40626
1 198512 80554
1 162596 153290
1 10808 3240
1 37935 139097
1 26596 134621
1 113884 169494
1 70051 83115
1 113716 165611
1 43297 78984
1 171765 144836
1 97546 64807
1 166399 41879
1 188252 148071
1 170498 113652
1 170739 142394
1 69348 4495
1 116431 43735
1 109879 152972
1 178984 132708
1 69914 197322
1 157492 145566
1 178925 196978
1 88760 57930
1 70587 181058
1 185229 21985
1 189027 94677
1 123317 37432
1 113224 167861
1 120414 40301
1 52218 145891
1 122870 11033
1 145316 153957
1 118384 122482
1 49975 186450
1 153109 5759
1 197590 86938
1 144782 52417
1 78723 158745
1 3504 14367
1 73225 114654
1 58185 26707
1 107692 92918
1 156842 145172
1 32206 198270
1 43317 6019
1 143139 39977
1 32809 136282
1 168279 109133
1 27691 141905
1 119805 84533
1 161175 139922
1 48763 160354
1 70216 10975
1 3893 49251
1 136867 176450
1 93623 67287
1 135530 53302
1 166054 72000
1 8192 58004
1 88105 113803
1 62712 89856
1 9235 167324
1 102243 115733
1 157525 174815
1 48345 129678
1 61026 68492
1 100103 71925
1 76578 182842
1 170938 174353
1 109082 166823
1 161003 157580
1 57179 111687
1 183499 169186
1 152235 163019
1 164816 105873
1 82737 124467
1 168704 37052
1 45796 154903
1 160509 20834
1 70134 102770
1 125778 74303
1 103356 120816
1 183101 177473
1 56801 6777
1 56445 68718
1 76748 124222
1 138014 165715
1 179215 135684
1 185410 113519
1 5393 101358
1 107121 59489
1 111294 188431
1 39332 107856
1 191213 170608
1 131343 165209
1 74065 38303
1 31533 66046
1 111461 96377
1 194192 93068
1 133970 81784
1 101033 50701
1 33314 26048
1 81684 79920
1 5161 58214
1 52327 183349
1 114290 46978
1 132732 189341
1 85032 48567
1 94013 46162
1 16710 178880
1 130032 191890
1 145793 152701
1 198339 77665
1 187315 16638
1 109977 130096
1 19851 183054
1 198869 190792
1 112436 12932
1 102310 79483
1 47875 96710
1 36947 103053
1 113188 18078
1 158537 152606
1 117063 47618
1 135331 163099
1 77127 89502
1 73465 34982
1 185627 195493
1 199403 98882
1 28864 40151
1 130479 144579
1 15078 154132
1 109466 39734
1 136218 174626
1 74347 39245
1 52403 110076
1 5534 64461
1 70593 81819
1 122671 134395
1 107763 28681
1 104749 66755
1 169416 132899
1 63425 23723
1 165944 73262
1 83070 172280
1 141731 3869
1 121643 161631
1 128505 7842
1 62927 129647
1 100268 5683
1 137852 87356
1 165459 10079
1 40927 104270
1 194976 87185
1 51207 168587
1 156420 147235
1 110579 73571
1 10017 150758
1 111009 163258
1 62512 170161
1 66836 188059
1 108787 84008
1 147621 347
1 136670 71695
1 146381 179275
1 77250 152335
1 16113 109025
1 170170 178887
1 182383 54249
1 128601 21719
1 113896 59816
1 118674 186857
1 198670 98193
1 53994 67456
1 8752 107308
1 165211 67013
1 135108 84547
1 107594 177615
1 92020 197262
1 43884 140211
1 26155 104097
1 61172 53965
1 51937 181845
1 164608 139981
1 23909 39924
1 10179 176837
1 127915 50281
1 141174 434
1 38422 66215
1 156859 112649
1 37255 171992
1 172242 49411
1 48102 25160
1 184959 55531
1 110384 88658
1 93947 81191
1 41282 127180
1 150170 149318
1 13093 47343
1 92604 24969
1 134874 36873
1 63544 88629
1 146343 103398
1 188358 122903
1 168866 49979
1 34476 170072
1 139390 20437
1 130795 112643
1 22163 95682
1 109098 96660
1 177074 53054
1 76579 68355
1 190826 188641
1 169484 11089
1 55892 162054
1 81864 62163
1 193381 182718
1 94543 82428
1 19061 14711
1 49308 55663
1 103435 139943
1 93653 130053
1 122924 193597
1 59007 157916
1 137699 33545
1 48419 48161
1 137298 40362
1 150012 59422
1 110266 137529
1 114018 135495
1 110471 126068
1 170043 156033
1 127903 174317
1 59104 49845
1 172333 17332
1 169806 199443
1 197608 120193
1 137167 46890
1 32617 72359
1 118695 69735
1 122093 131893
1 197314 86186
1 25959 177070
1 138590 8529
1 197514 17964
1 145269 110656
1 115157 113424
1 188653 167214
1 14240 49197
1 77124 70389
1 9062 179253
1 11126 170331
1 8658 117923
1 97136 196700
1 60046 36138
1 94842 23483
1 105994 158623
1 134431 146185
1 33418 71714
1 12897 105716
1 39860 153362
1 70811 30483
1 44183 75570
1 109559 13808
1 159359 196054
1 81809 193687
1 9592 102610
1 153322 49758
1 166369 50020
1 72337 44470
1 77107 54112
1 32015 87409
1 68946 144925
1 86163 71955
1 52819 25310
1 114077 97630
1 110413 73732
1 72238 102936
1 32293 43890
1 44399 61344
1 12373 196159
1 14304 154225
1 179260 27107
1 91460 186613
1 87212 36444
1 20875 194253
1 74544 133216
1 185792 168224
1 112284 167048
1 79924 105122
1 194009 117883
1 37418 83943
1 4976 169944
1 99268 154984
1 97430 21160
1 181870 8341
1 168697 161922
1 52041 61595
1 11402 89600
1 35995 83959
1 8396 152355
1 148277 170620
1 18331 83650
1 154532 179297
1 101120 15545
1 3739 42126
1 113012 66831
1 41633 151784
1 26483 2983
1 52727 131931
1 199811 38956
1 182028 173927
1 2436 43382
1 78181 15534
1 152889 118658
1 121287 183293
1 115672 172689
1 104870 117849
1 20687 184094
1 182739 50571
1 65367 68678
1 134113 177583
1 86013 1139
1 19288 132857
1 136750 90698
1 76254 23880
1 86467 70038
1 164642 81456
1 121037 150387
1 174474 81730
1 166050 39423
1 24671 172318
1 34089 29950
1 1016 60476
1 97186 141900
1 104101 116023
1 44921 134409
1 20636 110428
1 36876 80000
1 66600 44273
1 157050 176856
1 121360 97352
1 47727 12670
1 162118 73094
1 76781 194706
1 27538 30958
1 40733 73104
1 94589 83251
1 174550 67714
1 186882 166078
1 126060 44325
1 186545 115709
1 48829 13401
1 85606 178989
1 119352 13068
1 40554 7081
1 103535 103080
1 89063 77683
1 194334 186812
1 174610 91649
1 49468 146089
1 187091 104779
1 125825 155662
1 111032 153812
1 132664 115829
1 173468 181431
1 191303 196223
1 38162 104052
1 37500 89549
1 74325 102651
1 81818 97969
1 119476 102968
1 104740 74452
1 25082 163359
1 135785 61672
1 52252 113466
1 115025 87313
1 107815 71216
1 2406 108815
1 118569 151320
1 179558 59440
1 114781 141310
1 41352 144051
1 9629 166261
1 27789 196543
1 164995 139998
1 40521 168645
1 45664 182007
1 92850 16627
1 9505 85159
1 122151 136091
1 147838 76680
1 169860 160866
1 87525 55990
1 74085 49325
1 70310 106520
1 13689 180553
1 81951 120236
1 29002 128666
1 136939 194711
1 74953 113670
1 46727 132589
1 92638 140002
1 96837 97789
1 40816 168541
1 52980 19681
1 156338 83947
1 85263 72069
1 18606 142197
1 82916 6773
1 123542 195967
1 148808 56299
1 135945 46361
1 79161 162841
1 112418 8970
1 159828 138099
1 195847 186042
1 83769 33217
1 102321 108383
1 113466 31587
1 33271 32682
1 13835 41062
1 75871 114418
1 22438 81094
1 85287 158112
1 102398 111876
1 179088 185628
1 154791 39786
1 161005 182969
1 197316 11100
1 113899 194653
1 58352 71073
1 189792 29235
1 35952 125873
1 55449 3347
1 141401 119553
1 192990 81906
1 31358 8397
1 187720 73606
1 131101 124133
1 78278 119997
1 94602 38715
1 82028 39518
1 35227 8620
1 64702 173567
1 42390 120013
1 141883 31273
1 173528 14072
1 118252 18313
1 126982 65174
1 6702 193944
1 87801 104238
1 170622 36813
1 123493 95855
1 34117 129665
1 59723 134970
1 159140 154978
1 82784 169588
1 108802 70236
1 82621 143178
1 179283 54853
1 40840 193413
1 20970 14280
1 20194 157456
1 68546 6804
1 186514 57223
1 192649 140997
1 185202 155203
1 77679 3539
1 67993 106723
1 117613 51065
1 176520 153949
1 81945 157353
1 99096 182980
1 34025 46126
1 96099 85788
1 188037 29793
1 118578 91356
1 98577 111889
1 96616 120130
1 61499 184684
1 87916 27549
1 91202 177266
1 71324 155863
1 7368 38364
1 146096 89858
1 83801 118472
1 1708 187044
1 125692 38120
1 102154 95878
1 78585 59628
1 189223 20729
1 5483 114157
1 184749 174505
1 144328 168347
1 64576 191654
1 40814 45737
1 113708 130160
1 57200 143223
1 138639 194563
1 91681 96384
1 49411 104547
1 34721 94789
1 127119 133802
1 198309 54969
1 94094 141583
1 19595 177326
1 197727 3769
1 83486 19968
1 49999 72645
1 196774 110144
1 75524 51027
1 87092 173283
1 28907 182999
1 30892 65836
1 133731 22686
1 149012 172247
1 31211 189663
1 73308 121224
1 172489 31365
1 32493 109491
1 54972 53690
1 184055 126860
1 80869 123509
1 88438 116466
1 196977 108487
1 93764 85015
1 20170 58146
1 197732 107699
1 5375 59563
1 117518 153641
1 49648 105089
1 72886 198074
1 185214 167438
1 82466 127337
1 39666 93710
1 102764 28078
1 34093 168797
1 185300 79326
1 62032 167109
1 104202 141530
1 84140 115976
1 106105 133368
1 151340 33130
1 16215 37423
1 151233 127811
1 179501 44295
1 189966 129220
1 58146 41407
1 82902 24647
1 150860 74432
1 59299 8732
1 184889 130690
1 154743 91856
1 120315 47421
1 36856 97024
1 127794 53586
1 136470 35615
1 42590 153723
1 124417 193348
1 164325 23537
1 196873 102840
1 114785 37980
1 136086 160062
1 167278 14016
1 43273 37731
1 36018 135845
1 7602 73799
1 86637 105927
1 38963 5420
1 70275 7359
1 91700 51583
1 186887 23409
1 106697 24101
1 160587 139192
1 15393 148296
1 2213 111887
1 170992 76705
1 83971 87233
1 27998 19016
1 49714 138003
1 67761 187769
1 23467 157808
1 126264 104361
1 179039 277
1 109818 96905
1 112453 99901
1 162206 7642
1 188833 155215
1 89372 160498
1 72343 146119
1 47460 54605
1 111984 96995
1 117132 43351
1 85355 95887
1 125760 93241
1 135111 120338
1 22885 37346
1 36048 164601
1 77198 177880
1 50856 148676
1 86498 4222
1 14168 192976
1 110157 79528
1 41367 169413
1 162599 29853
1 194138 36032
1 103842 175404
1 166813 182723
1 97975 45426
1 35120 74652
1 72210 90921
1 72005 69715
1 9789 9589
1 162104 81304
1 17290 71148
1 52192 149420
1 170309 157540
1 148885 35854
1 163289 116545
1 24706 121641
1 70465 152447
1 82477 44092
1 35251 47100
1 55877 93385
1 2311 189193
1 94891 32066
1 77934 198770
1 35971 169904
1 39376 154763
1 85692 196133
1 183814 45374
1 27422 61541
1 14842 70355
1 596 45073
1 145818 172158
1 93178 143764
1 147716 14191
1 82792 71121
1 138991 26453
1 154559 61452
1 77974 112372
1 97011 97495
1 119210 155050
1 83866 112768
1 47288 130236
1 68148 106169
1 5272 69413
1 187643 147656
1 155032 170593
1 49516 158639
1 83816 31223
1 128214 147230
1 159047 197446
1 171874 147928
1 198254 69137
1 155044 26916
1 59899 50637
1 7585 143413
1 29664 118057
1 60001 89499
1 148812 164383
1 117879 20778
1 163802 107643
1 197326 48491
1 165241 49833
1 57974 41858
1 93340 158467
1 12782 129312
1 141858 50011
1 2036 136746
1 168008 17094
1 36811 53288
1 124686 191657
1 180621 60914
1 24551 143816
1 117425 11673
1 147684 48589
1 103389 140178
1 40611 189461
1 158319 121319
1 124980 4865
1 180873 42529
1 162572 15035
1 141659 134704
1 188781 164231
1 76981 134685
1 71253 81292
1 8013 110898
1 40295 123299
1 121166 190632
1 110998 188383
1 168993 136594
1 84825 43293
1 64000 149831
1 81227 74573
1 21560 94869
1 172641 22594
1 146558 34788
1 32145 193974
1 140277 154600
1 9857 165665
1 109374 155915
1 160110 101692
1 1794 127641
1 135069 7505
1 186684 84590
1 82119 31109
1 83978 60702
1 13121 127976
1 155829 91171
1 80489 33787
1 157503 165835
1 69528 168387
1 105836 171363
1 142852 132557
1 190355 101918
1 194612 74690
1 154343 9930
1 104425 61614
1 183617 14198
1 118794 199947
1 89456 120988
1 42065 87699
1 163076 168085
1 160949 55173
1 88855 128701
1 9431 155447
1 10588 101155
1 77169 196572
1 6636 17205
1 443 61976
1 12238 17004
1 173023 145346
1 18055 186228
1 130080 27321
1 16355 69791
1 94149 40362
1 177794 174154
1 146316 102432
1 149094 95439
1 79821 23693
1 13819 158572
1 43372 189847
1 193000 190708
1 136708 69351
1 34389 37172
1 149584 88942
1 170494 25129
1 67546 79480
1 140023 138208
1 74281 66741
1 110463 97325
1 130215 54854
1 133513 25104
1 123600 189381
1 124169 168612
1 115106 128599
1 79804 106634
1 27968 8566
1 191355 55893
1 83433 46778
1 182529 135928
1 129753 181031
1 176890 159212
1 4478 51709
1 116750 131558
1 126622 71740
1 44462 41848
1 148678 147702
1 89566 145798
1 179765 6297
1 31556 18540
1 65226 170492
1 21936 60526
1 174060 11946
1 68076 30944
1 12344 188013
1 72325 33367
1 106800 26397
1 47578 15439
1 54049 130792
1 88549 22686
1 144021 144868
1 25799 83544
1 6907 169298
1 130457 100612
1 82900 2229
1 83696 121664
1 53215 174676
1 108271 20720
1 63430 190411
1 138451 103340
1 85321 186201
1 22075 188330
1 146028 125989
1 163191 137833
1 84061 127122
1 154707 186656
1 122536 147973
1 180515 100710
1 50398 67508
1 128337 38818
1 62723 188913
1 175396 112950
1 99191 43830
1 65042 3432
1 160679 105267
1 129354 82513
1 81205 170965
1 16123 101257
1 129572 85530
1 143977 185234
1 117128 52371
1 103345 109060
1 139246 30584
1 46938 195448
1 122760 58417
1 3486 57657
1 32667 128676
1 15289 151208
1 66028 141627
1 70833 87598
1 49255 11575
1 60134 82663
1 1042 145083
1 34204 198860
1 4658 118929
1 8775 193570
1 63868 169090
1 129046 145122
1 137215 13844
1 168323 98024
1 35855 8740
1 25369 21791
1 120308 46438
1 111494 197996
1 105236 167290
1 2339 192538
1 160735 106354
1 166978 166406
1 70522 116192
1 167927 173452
1 116269 100261
1 9706 34161
1 30928 155703
1 18459 26898
1 125555 75890
1 88438 179084
1 128845 121123
1 194010 52205
1 117671 179024
1 56484 31644
1 160521 21388
1 95553 88324
1 179493 12473
1 61556 51462
1 28803 22430
1 5924 132127
1 136109 53100
1 19497 45591
1 99292 137099
1 62424 25580
1 11746 25962
1 49613 36990
1 48216 136774
1 160312 140732
1 26314 83002
1 181291 51214
1 85730 53896
1 126371 165060
1 14547 180455
1 42196 23743
1 55111 183501
1 139962 9503
1 127178 165310
1 4381 109420
1 196343 86870
1 119460 41864
1 35812 2643
1 84125 46293
1 20746 16038
1 168204 144738
1 57207 56764
1 99058 182876
1 147895 5383
1 44063 114611
1 155839 137170
1 142203 33162
1 73820 160645
1 99281 82338
1 71004 27829
1 89885 142729
1 134651 198639
1 39576 66175
1 102417 127430
1 130369 155625
1 169337 177179
1 69229 98553
1 62660 132460
1 105490 166237
1 43488 85089
1 63888 71783
1 182019 127058
1 179073 161405
1 152348 92893
1 156738 45442
1 147515 73894
1 138050 112068
1 171071 50927
1 118475 55207
1 62401 8666
1 110031 129169
1 84927 163132
1 69364 179032
1 70475 50981
1 15138 47785
1 120821 91437
1 145804 150393
1 61174 38080
1 55037 137457
1 158366 9645
1 48421 44694
1 35007 67819
1 77348 15990
1 157787 175853
1 101142 198809
1 140620 111208
1 191839 43367
1 141107 153250
1 172473 45078
1 157731 50685
1 179323 94168
1 76878 126979
1 157484 93634
1 39535 167860
1 44168 51391
1 59769 16398
1 21969 40309
1 21377 125404
1 112026 99000
1 8551 143938
1 173264 132974
1 22538 171336
1 85514 21378
1 177645 24996
1 175059 48333
1 89892 41612
1 158260 198018
1 45699 114877
1 129095 171096
1 146952 101893
1 117881 74301
1 98183 1560
1 74591 51641
1 69655 138513
1 166205 75936
1 124155 33798
1 69330 87612
1 121300 85201
1 154664 78330
1 29189 142427
1 199258 154132
1 183334 71852
1 125094 41663
1 172972 94512
1 190325 185365
1 173144 101004
1 143849 193541
1 142943 44770
1 164903 4409
1 24282 15201
1 9508 72712
1 71472 127568
1 47604 2589
1 85056 26587
1 8592 99047
1 1491 95007
1 52391 28675
1 27904 139762
1 63465 11943
1 69857 102967
1 151120 105808
1 137079 98400
1 104943 20205
1 33433 37253
1 163263 22989
1 117859 176420
1 100200 84038
1 139868 63096
1 90445 169064
1 163176 123647
1 199259 95201
1 129711 174023
1 106002 175090
1 76876 109305
1 166164 79122
1 199355 188200
1 11374 35168
1 36605 119386
1 10660 97807
1 13965 118168
1 49858 56717
1 153544 140467
1 50912 8884
1 159128 148888
1 61493 193333
1 36578 176917
1 29152 162945
1 2353 110443
1 169138 49465
1 33890 41110
1 146944 97688
1 79120 146203
1 29479 160671
1 57538 139986
1 169632 53506
1 153236 69428
1 116102 63313
1 46947 181158
1 22821 37673
1 45437 163397
1 53062 184859
1 3336 133236
1 155000 43613
1 177137 87076
1 98144 110448
1 111384 139748
1 57284 87633
1 569 105257
1 178388 163044
1 71134 153631
1 30586 104733
1 7364 98992
1 176548 178737
1 14923 132244
1 159055 55677
1 29665 23002
1 72021 35444
1 16496 78261
1 24314 184590
1 31303 102346
1 127732 39407
1 152775 16185
1 191481 124374
1 48207 7274
1 174925 123847
1 49641 122969
1 58699 25082
1 39158 130853
1 53683 105925
1 54103 74774
1 167733 180488
1 82270 133676
1 186429 107223
1 130676 52399
1 131647 19245
1 34251 38388
1 178820 2446
1 82055 175661
1 75510 45885
1 126888 187061
1 39337 169376
1 191740 105434
1 49194 62128
1 20290 132523
1 111052 165221
1 112673 133635
1 62383 56353
1 131146 18198
1 160532 117148
1 104427 60923
1 186079 102416
1 104598 172475
1 147947 100006
1 26608 9241
1 38996 84704
1 175518 144995
1 191232 3399
1 83501 175671
1 126064 189207
1 37121 156313
1 98758 139114
1 158272 6004
1 94679 136098
1 98239 174126
1 14258 48603
1 93485 198833
1 78577 26449
1 140926 71414
1 125055 103693
1 115675 183765
1 118314 1621
1 86792 50763
1 130732 170260
1 196245 36171
1 135860 196295
1 178889 180743
1 11194 113642
1 588 21504
1 121154 66787
1 17108 29580
1 174640 87852
1 197266 151528
1 131341 44550
1 138461 8638
1 165273 61020
1 151774 3320
1 39825 59766
1 60094 187654
1 165314 95455
1 183821 139947
1 156495 152984
1 167540 120911
1 174719 19391
1 76061 177920
1 1739 95290
1 168160 173706
1 41702 87464
1 111218 126712
1 18572 159945
1 113481 18155
1 123280 20844
1 43859 22619
1 36897 122137
1 129559 72363
1 109213 141440
1 140203 98674
1 87705 147811
1 73688 48454
1 43246 148351
1 195211 156236
1 19400 95168
1 154045 119293
1 30059 114469
1 8229 120891
1 123910 86833
1 68892 162132
1 195709 143891
1 36816 95957
1 43057 166424
1 124973 163091
1 102547 94992
1 187721 132726
1 10729 125246
1 130575 65735
1 50399 131844
1 118446 141307
1 129169 130317
1 103618 71679
1 10007 6972
1 188227 173190
1 199571 15509
1 37036 125650
1 8567 39915
1 190639 82111
1 155802 178122
1 130135 95958
1 179452 66789
1 177597 175631
1 63319 154178
1 119024 111912
1 35369 129444
1 14110 169317
1 42239 171449
1 128391 74408
1 156868 168454
1 25700 41588
1 99337 101455
1 25299 124220
1 143511 35787
1 55558 184177
1 3571 109895
1 85165 192139
1 119793 11353
1 172897 190422
1 95548 166471
1 148498 71617
1 86053 108985
1 114035 71012
1 75754 145949
1 28516 42256
1 69000 11097
1 33568 137435
1 135939 142518
1 80232 98923
1 66420 186122
1 76591 16258
1 100245 172711
1 185031 192138
1 181450 168130
1 112588 56995
1 145968 106086
1 126735 196075
1 117482 131994
1 155525 333
1 140905 37967
1 7985 34382
1 121275 17039
1 166415 41427
1 83223 62882
1 192387 63222
1 101608 133634
1 77825 115530
1 85143 36738
1 42173 41708
1 67422 135610
1 133654 3533
1 11274 183541
1 11134 154622
1 131601 185502
1 139501 174139
1 159060 55465
1 167878 36346
1 158134 63934
1 42122 45173
1 40286 9323
1 144636 148598
1 125192 108682
1 123924 169378
1 11474 157552
1 86567 94345
1 164998 37975
1 86231 122349
1 156579 107150
1 174967 100881
1 33009 118751
1 184001 111492
1 197125 188929
1 133436 98733
1 106960 74816
1 59367 42585
1 98799 106025
1 101995 94850
1 56430 64442
1 54784 119522
1 18782 24393
1 77022 146681
1 123353 153011
1 135846 49626
1 73939 179336
1 70866 192829
1 65507 152180
1 152219 17536
1 80657 58801
1 164841 134911
1 78498 51819
1 122816 5910
1 199010 46260
1 192936 174195
1 187122 41834
1 68637 7073
1 67794 38309
1 154936 17874
1 108272 15909
1 159901 48109
1 148081 27002
1 169255 43033
1 113278 77301
1 129809 118472
1 76883 175696
1 126566 39303
1 36356 150041
1 27435 160132
1 9105 144932
1 42187 109921
1 54763 84402
1 137859 199928
1 157767 4380
1 20110 146607
1 124450 49348
1 129492 162046
1 52437 59710
1 175310 75262
1 133915 23418
1 97533 179572
1 173601 182389
1 142732 78750
1 46925 183649
1 97794 52797
1 126738 132306
1 76524 37347
1 128946 52138
1 18250 59902
1 47444 186310
1 101561 118054
1 34376 153002
1 143713 41188
1 3736 11627
1 61919 2051
1 25426 183771
1 175221 198811
1 92435 27834
1 93041 170971
1 33942 132635
1 131099 48278
1 125437 166036
1 7011 72978
1 57822 48618
1 45066 168972
1 68370 102588
1 67023 58576
1 199418 160366
1 160669 75831
1 97810 129113
1 31987 170113
1 82682 118641
1 135251 147286
1 1218 137910
1 163375 47063
1 117238 162527
1 27344 9386
1 130987 139651
1 38473 172997
1 78792 136842
1 74843 119290
1 181848 155476
1 102314 139588
1 88399 190568
1 4192 62353
1 151962 148832
1 193760 21328
1 2668 45586
1 93166 83900
1 132742 28609
1 186844 102761
1 92614 41349
1 134712 139087
1 3507 63928
1 144436 132117
1 41672 60259
1 9878 115551
1 2943 183592
1 35617 80346
1 144480 44400
1 91074 115655
1 124361 79511
1 49023 98183
1 18495 84759
1 2782 185254
1 55350 47475
1 23826 114346
1 160926 147237
1 124651 100509
1 191278 172297
1 34173 168921
1 146741 59915
1 59601 68436
1 63966 136206
1 69451 196012
1 197380 27486
1 129116 2356
1 78774 145945
1 39465 88446
1 180236 164313
1 48315 80683
1 36523 53924
1 186344 116210
1 171093 63063
1 165569 41901
1 56308 72912
1 79549 149290
1 88424 163995
1 197605 191088
1 70542 132384
1 106882 117199
1 94420 193482
1 5828 117229
1 57530 117307
1 57204 11983
1 90155 108462
1 46428 7140
1 193980 60140
1 192693 58584
1 4931 161395
1 176082 191127
1 7644 83684
1 23690 115615
1 23544 32364
1 125931 147340
1 72551 14388
1 172189 138974
1 79207 58061
1 79316 81741
1 146861 119254
1 55994 172495
1 196403 188335
1 97692 35049
1 101250 178147
1 66259 110709
1 26561 178130
1 153078 160242
1 141119 65436
1 161086 183570
1 28734 23764
1 80569 7551
1 183616 190116
1 193460 22575
1 33878 20093
1 46178 35178
1 177510 54210
1 156818 26137
1 174204 129141
1 188240 131793
1 42389 418
1 88601 76064
1 144167 161866
1 104645 56471
1 72244 29138
1 71664 121432
1 165009 143469
1 16233 24994
1 75442 145223
1 66015 138714
1 26296 88755
1 2760 188124
1 2430 102743
1 152659 17859
1 122271 125911
1 62353 158901
1 20748 91391
1 31647 139250
1 169996 193524
1 126679 167901
1 36372 164637
1 27255 75595
1 146314 68685
1 83730 192972
1 104916 2101
1 91382 159992
1 186982 131464
1 162781 190844
1 45836 46382
1 168535 46693
1 143604 110444
1 51703 71340
1 112191 787
1 71421 21954
1 155977 101097
1 96964 154461
1 190775 64917
1 33517 7555
1 100416 163470
1 89675 172054
1 159423 45958
1 178193 155553
1 154680 195986
1 156024 151714
1 115560 103261
1 48885 163480
1 42322 2638
1 80794 5903
1 140039 182007
1 120203 151401
1 76982 84735
1 166436 54446
1 756 115282
1 184105 43991
1 170636 117639
1 109102 75352
1 178571 120914
1 111624 34156
1 80581 153131
1 99315 93093
1 68396 144574
1 175237 98612
1 1106 99220
1 32851 122357
1 122428 146497
1 60385 77054
1 189482 29264
1 196688 166057
1 49827 75052
1 835 29664
1 51014 66768
1 79442 14441
1 54799 9905
1 57011 193970
1 41830 26153
1 152101 52830
1 42926 144871
1 13151 88592
1 51019 163094
1 80952 26295
1 164661 111627
1 190231 159386
1 198909 19378
1 120350 60966
1 145822 109627
1 15315 137590
1 174341 106497
1 124175 71202
1 165027 98939
1 103402 98890
1 19378 40742
1 39846 137252
1 113030 62258
1 15899 179333
1 134230 154284
1 111138 41196
1 143819 111787
1 30278 35733
1 30792 46527
1 195688 190460
1 147834 72343
1 71409 149744
1 169570 133042
1 59901 95130
1 131680 107208
1 64773 38477
1 144450 149177
1 32462 122064
1 86733 199349
1 75537 176810
1 106955 32558
1 163946 48557
1 72725 45179
1 146116 57350
1 88995 193102
1 37444 18884
1 181778 5720
1 170101 7334
1 82100 105851
1 146932 120746
1 62750 110448
1 157277 191955
1 167597 35450
1 189685 698
1 82075 22858
1 165721 160664
1 176129 148148
1 100774 115218
1 106924 74898
1 44203 179526
1 52005 6583
1 99724 174421
1 6395 104726
1 62391 180529
1 184084 53492
1 150668 32553
1 184756 146379
1 145096 141811
1 117708 40640
1 54259 51513
1 161159 156552
1 83915 151782
1 17489 169942
1 102640 73458
1 13352 133960
1 3665 197356
1 183143 31762
1 11094 9416
1 180560 618
1 191055 150313
1 118617 17909
1 135133 135728
1 82555 132722
1 127584 77253
1 134839 151845
1 130400 133925
1 138793 84295
1 108351 130925
1 193746 184364
1 112351 59942
1 119456 41525
1 27791 6609
1 152704 188471
1 133756 63476
1 105639 26090
1 186646 51557
1 95644 169878
1 14272 4631
1 172618 13371
1 10299 43874
1 132165 160384
1 155861 31512
1 61211 121887
1 184654 14725
1 134172 5646
1 138699 125381
1 6125 112880
1 191870 104013
1 164425 46718
1 139221 62194
1 129816 1328
1 178722 144702
1 125685 78767
1 33035 149109
1 110842 113216
1 122611 66722
1 113935 67625
1 93416 2535
1 115698 38312
1 107022 68933
1 188873 94997
1 40011 182248
1 54502 1363
1 37749 106423
1 96729 44095
1 172537 166874
1 78844 155666
1 158092 16652
1 99771 56089
1 24983 108578
1 162339 34519
1 124703 178204
1 30508 150648
1 91250 50029
1 55881 175098
1 130904 110405
1 34479 69975
1 152697 72935
1 172387 126710
1 87755 53223
1 8713 41810
1 23872 182339
1 196843 62570
1 159789 119014
1 53767 94954
1 1021 22840
1 67932 59098
1 60758 22761
1 16437 19014
1 198092 57279
1 188726 173869
1 143045 193631
1 183142 3437
1 19948 76505
1 56958 37615
1 60570 136502
1 126577 5647
1 36546 48837
1 180028 138766
1 72475 186404
1 27056 35900
1 99667 168652
1 127101 40287
1 93042 131809
1 118721 86377
1 17932 105144
1 121233 55129
1 69612 30569
1 96903 150384
1 80572 69398
1 99789 27799
1 109305 139452
1 133160 179534
1 66647 118906
1 89672 165592
1 177264 35743
1 183695 143333
1 164531 172345
1 22047 8832
1 76874 175451
1 169193 148346
1 105932 3694
1 146163 122646
1 73636 59515
1 136042 60726
1 15041 184055
1 75880 30726
1 106688 46352
1 647 109416
1 66007 75767
1 26086 79775
1 171971 4783
1 22267 128383
1 33587 120085
1 54618 72340
1 75446 13743
1 15877 103697
1 62626 19641
1 100532 126397
1 66183 10798
1 105062 195225
1 89876 135828
1 159464 4692
1 174983 72523
1 199205 156339
1 171994 120791
1 113903 36155
1 176171 22315
1 80909 65568
1 186477 696
1 175941 125427
1 89678 145718
1 114924 117383
1 160872 38578
1 153451 48676
1 102252 120921
1 51731 85744
1 122763 149956
1 60837 80666
1 104550 160580
1 45147 58120
1 183800 159983
1 199291 33220
1 104514 43692
1 93980 50210
1 29688 94203
1 51065 132469
1 78762 125256
1 85494 78514
1 46133 136945
1 165233 126692
1 26730 1557
1 80395 35538
1 66431 88736
1 51446 138158
1 94133 171284
1 72320 104256
1 56329 100378
1 17249 93010
1 37855 193033
1 44097 179292
1 61100 91574
1 34062 29554
1 152226 183996
1 166396 19436
1 85729 174797
1 23517 8662
1 14171 139258
1 20772 115097
1 129480 171583
1 188660 104682
1 157644 109715
1 1261 144817
1 125350 81710
1 190457 9661
1 106458 163035
1 170900 75174
1 27296 39168
1 112539 99202
1 10382 101419
1 54998 67915
1 148548 96863
1 185032 29200
1 163478 77983
1 83126 51676
1 49855 152186
1 78262 90404
1 109955 8472
1 91450 116405
1 95077 1027
1 7516 15133
1 59915 33209
1 110188 112920
1 62254 9713
1 142776 2493
1 147783 32620
1 170203 185577
1 196470 67582
1 173001 178732
1 10291 150621
1 56730 55283
1 29626 140713
1 62165 107318
1 96499 113403
1 166590 44067
1 2016 178995
1 121378 121290
1 6026 22780
1 126434 66826
1 142445 26531
1 85246 150331
1 128291 4056
1 130532 75997
1 89999 110083
1 132601 151553
1 67594 177739
1 189479 153014
1 5395 73507
1 188136 98615
1 115122 11862
1 19218 79507
1 20205 104531
1 1250 137564
1 54511 73212
1 10637 191764
1 191413 32556
1 36101 91988
1 175355 63623
1 71817 52095
1 45095 130758
1 118192 23974
1 88563 57410
1 118134 136829
1 41312 199616
1 118856 111358
1 3481 47806
1 124813 132124
1 123878 142590
1 13045 78443
1 151442 84304
1 118470 4430
1 148510 73380
1 71652 60768
1 160360 118288
1 168097 82343
1 119190 350
1 106117 32501
1 89415 123033
1 67423 9120
1 68987 46809
1 150796 25317
1 95617 112846
1 71175 58648
1 174113 3017
1 77491 31568
1 61068 116561
1 73892 3024
1 62209 51876
1 82612 171768
1 19008 110795
1 28612 186796
1 68020 121187
1 106193 38661
1 19228 136297
1 45945 80567
1 179323 108358
1 99853 156291
1 100800 148571
1 48282 168990
1 68728 182543
1 167347 53089
1 139443 60758
1 1024 85106
1 46068 174915
1 169932 105842
1 136349 128913
1 33291 197928
1 151897 179438
1 185131 24430
1 188107 11658
1 142621 159643
1 144311 59038
1 63715 167920
1 29808 94144
1 78236 96070
1 36418 91750
1 187405 46327
1 48288 187576
1 31090 117516
1 110672 169818
1 103685 87592
1 37653 80378
1 5262 110834
1 161181 188887
1 92268 107592
1 188205 197459
1 126242 29154
1 54729 117434
1 160421 79044
1 135912 34643
1 116261 136232
1 7383 170598
1 32922 46891
1 168620 62542
1 130449 106359
1 126446 62209
1 85559 2736
1 90114 107421
1 6180 53411
1 15385 33845
1 196843 45355
1 174232 86365
1 82209 158245
1 191816 93554
1 108140 60375
1 57343 81964
1 100302 164252
1 180751 181224
1 34610 156884
1 163821 129137
1 63990 138121
1 69860 47887
1 59257 188324
1 47675 3603
1 163046 168593
1 152547 54625
1 81089 178159
1 185638 125311
1 128178 139901
1 166476 92445
1 155983 112385
1 160143 94309
1 136111 43707
1 85826 20100
1 111532 102217
1 89213 57209
1 31608 41116
1 128651 180637
1 5987 70042
1 27224 20212
1 133931 14677
1 12117 48627
1 145414 108396
1 76653 153810
1 163116 37184
1 102061 142611
1 59431 162778
1 155055 34451
1 59871 103003
1 170248 146385
1 1505 17252
1 15538 35517
1 106416 142790
1 106492 174530
1 131534 137068
1 154416 135958
1 18828 63367
1 75397 125506
1 13457 43515
1 186247 170541
1 26471 194312
1 78467 79085
1 94348 70459
1 149559 144848
1 59959 114197
1 192761 4520
1 58024 24572
1 28006 75925
1 166581 124513
1 114510 84759
1 29330 120113
1 171677 130260
1 183457 42688
1 93965 148070
1 30714 79538
1 130571 9001
1 11708 1835
1 54950 111811
1 23317 48378
1 99711 8244
1 8142 79234
1 114285 189472
1 30298 124904
1 40048 123739
1 70368 199811
1 14168 179060
1 72710 169985
1 135670 51972
1 172673 151382
1 186308 159416
1 40730 177514
1 33616 183581
1 189955 182083
1 90030 41132
1 18010 112112
1 70815 40023
1 17853 39928
1 46012 76370
1 116494 125442
1 3047 171172
1 39688 83462
1 110772 113840
1 128963 177716
1 194131 116607
1 127364 21410
1 51521 81616
1 33673 141052
1 165168 97826
1 99219 32231
1 40436 2241
1 37236 92150
1 44783 96720
1 102747 105616
1 82558 79701
1 63773 136545
1 193893 173899
1 64006 8065
1 54265 39587
1 113889 58722
1 198925 127772
1 117572 119549
1 82014 34437
1 171358 77310
1 87362 184976
1 48197 43823
1 39950 137817
1 72379 11234
1 148999 124919
1 120577 161059
1 45260 134978
1 127903 36701
1 121601 15013
1 186674 176076
1 170943 111782
1 126327 63395
1 112762 26932
1 186518 137982
1 109746 105840
1 182386 91658
1 165790 148990
1 56176 158195
1 161877 198925
1 182726 96654
1 84223 128229
1 99079 128648
1 73084 192945
1 8811 93582
1 93779 96269
1 169059 7870
1 20702 77009
1 154077 32271
1 80307 138782
1 111573 193340
1 27861 57960
1 66973 48886
1 131548 27141
1 101869 26442
1 175906 61173
1 145454 93520
1 119216 76210
1 165444 119446
1 59624 184249
1 150618 146189
1 181939 25113
1 29938 109809
1 34094 172859
1 89260 191806
1 102480 184115
1 104726 168401
1 175839 152710
1 7670 51484
1 12564 98236
1 91156 95950
1 29643 196392
1 48075 5826
1 7408 42805
1 45904 188199
1 137318 145267
1 191107 11888
1 34169 62241
1 176310 22268
1 51847 38269
1 193084 15688
1 83946 53706
1 25972 70036
1 29608 117666
1 134549 145939
1 83550 112252
1 139580 192855
1 159146 142014
1 153140 161339
1 19480 98695
1 140932 53522
1 39504 44022
1 76479 53968
1 18813 17535
1 120200 71352
1 139713 168751
1 17572 180677
1 166807 99964
1 35269 172125
1 111304 121107
1 188691 32435
1 183890 12252
1 38781 44539
1 74006 128017
1 22657 35091
1 36353 190463
1 28792 140655
1 135228 76571
1 19877 76549
1 140824 34312
1 100351 189307
1 5364 23528
1 13181 75662
1 116913 18913
1 106017 146372
1 102615 51633
1 11080 195603
1 19017 84341
1 163441 98643
1 47078 54
1 15883 84642
1 125377 50742
1 122948 23766
1 157188 67641
1 121550 5544
1 26528 189975
1 101812 7966
1 36728 119872
1 180062 49465
1 75150 24016
1 25122 128737
1 153838 58005
1 123723 15245
1 184729 153631
1 74221 111543
1 46772 154632
1 10730 58048
1 22898 186883
1 162558 62431
1 13055 7465
1 150610 197903
1 26862 20353
1 31231 114425
1 67749 199760
1 2848 58208
1 54600 8290
1 196317 171724
1 17635 61015
1 91189 167288
1 181211 175473
1 147980 9407
1 95575 45469
1 190965 7621
1 71787 7807
1 48321 160226
1 89861 88771
1 10888 167892
1 16219 63841
1 120311 44453
1 40596 92080
1 170459 146521
1 129461 183662
1 37100 152477
1 45647 46926
1 169629 26796
1 86888 112260
1 179236 179716
1 119527 18381
1 123013 6793
1 143683 32194
1 175843 125751
1 33326 121886
1 112265 190669
1 55677 181773
1 57397 185016
1 68827 190967
1 66342 166078
1 9391 33229
1 107303 186796
1 1291 102931
1 126620 106433
1 57110 65775
1 4173 54108
1 197052 157617
1 121073 9828
1 62868 3491
1 55996 55606
1 80146 158354
1 67884 173716
1 6318 87261
1 181968 64971
1 84948 23870
1 96537 109285
1 7117 91414
1 186022 81169
1 109869 33790
1 88906 171856
1 11455 193611
1 71328 84257
1 44526 6816
1 133906 97454
1 168885 172795
1 70374 84279
1 161993 185656
1 19274 129920
1 153412 163114
1 154145 25015
1 25557 54812
1 67534 100712
1 9191 18658
1 96511 188452
1 150031 150886
1 140542 180015
1 118585 48047
1 60725 57065
1 182293 160052
1 136255 90623
1 44158 182561
1 82358 145171
1 168363 180712
1 120314 167528
1 103385 110348
1 179391 65619
1 26040 24106
1 88538 162462
1 131989 106313
1 176205 117694
1 74247 141923
1 73553 154359
1 66718 37364
1 148515 79502
1 24329 52226
1 90321 98287
1 64839 87918
1 61959 18400
1 29328 170810
1 178965 41638
1 98436 169882
1 141635 72502
1 2004 51007
1 69656 188895
1 120239 157538
1 191462 148085
1 5551 57486
1 69658 38913
1 113157 110961
1 135042 111399
1 154274 49828
1 58528 7511
1 59752 33977
1 168686 62712
1 133136 182020
1 146098 657
1 71453 106797
1 29252 20090
1 43264 103476
1 39581 155587
1 112909 70982
1 26211 66659
1 109086 167039
1 133809 176931
1 189702 111679
1 54892 42763
1 132665 5106
1 36675 177037
1 20537 54363
1 39686 173489
1 185795 4321
1 173610 70657
1 167547 123356
1 91931 140598
1 18070 36001
1 29892 36130
1 90567 85324
1 171419 174238
1 23276 141261
1 31152 46710
1 69561 76726
1 69046 22292
1 54372 102468
1 73875 1323
1 36370 125483
1 138597 155685
1 91970 7719
1 180373 54158
1 38712 53248
1 21600 108545
1 173933 190109
1 113059 113300
1 165493 79181
1 36135 62336
1 49905 116497
1 17773 168851
1 58230 5037
1 147771 144729
1 188156 63985
1 101735 192199
1 39371 35266
1 86179 101098
1 159075 130094
1 176842 164368
1 86443 121713
1 118698 176309
1 6557 184385
1 126354 24305
1 121519 99552
1 22494 78175
1 150533 167970
1 113664 186193
1 196693 135421
1 127249 108338
1 119514 126865
1 183832 24635
1 179004 24248
1 1241 23130
1 57856 197136
1 120354 13727
1 13420 76102
1 1170 180905
1 87230 150308
1 80298 189457
1 163918 190238
1 134169 16597
1 105216 9881
1 2882 146183
1 59822 172989
1 177360 142967
1 136340 199485
1 76797 44638
1 114494 94244
1 159967 73740
1 187311 21538
1 68084 115604
1 192083 99095
1 161071 31669
1 53736 6367
1 141251 83660
1 169128 42334
1 166767 163065
1 129722 165326
1 39819 102799
1 112345 126790
1 74257 49600
1 99524 115725
1 25391 114311
1 295 147615
1 155148 91800
1 21962 67966
1 24921 26501
1 132281 91645
1 19610 84849
1 29875 44361
1 111796 130170
1 65110 77625
1 114105 148259
1 126539 150104
1 126578 142656
1 148270 170735
1 53036 97253
1 153344 153816
1 67078 59472
1 43729 119232
1 124729 9686
1 56999 152124
1 190888 180619
1 81332 86416
1 192746 92086
1 97143 99515
1 180374 22132
1 15153 45959
1 45455 59755
1 62219 5711
1 80527 131058
1 166661 33297
1 44792 5118
1 2850 176759
1 111001 17552
1 84498 139616
1 155965 60381
1 116384 191540
1 80634 78719
1 166813 50727
1 139960 140378
1 54604 141133
1 194944 166928
1 150991 130847
1 33992 179881
1 13650 147148
1 61628 87677
1 86135 83332
1 46734 148963
1 169025 199105
1 53184 185055
1 178372 189655
1 81457 90503
1 113612 73853
1 75175 126071
1 1229 188315
1 36572 156470
1 82699 131158
1 84555 168872
1 4874 113562
1 121852 134005
1 2553 92071
1 72590 26617
1 134618 173727
1 18437 129133
1 168053 8719
1 71956 117077
1 59645 119356
1 185773 69484
1 169731 23151
1 6918 9740
1 106010 36419
1 153261 192482
1 159690 114607
1 151823 16978
1 172601 167375
1 28421 110695
1 192406 7607
1 121568 117438
1 23943 4283
1 16438 68082
1 58838 190712
1 197037 96522
1 190743 16423
1 153032 190114
1 182941 84899
1 198319 110999
1 1885 56184
1 133060 195127
1 142178 159791
1 68707 161512
1 12532 85463
1 108088 129751
1 141314 160405
1 8584 34916
1 139799 177007
1 14712 65420
1 48764 116053
1 118179 2646
1 154665 168561
1 168986 148610
1 152370 178353
1 177148 118319
1 47343 164562
1 23928 66315
1 152876 7726
1 37535 24768
1 132690 82697
1 155248 112925
1 141654 60953
1 181662 193667
1 74912 147156
1 115876 10769
1 86911 164030
1 66380 195409
1 49547 78770
1 195260 24164
1 144602 197744
1 163266 64683
1 172775 54952
1 195170 96952
1 168767 45382
1 36573 91892
1 104173 40318
1 50179 15186
1 169384 173850
1 167931 81523
1 128828 166529
1 132370 65883
1 9847 112842
1 18563 193876
1 155541 146625
1 74054 167712
1 133997 25785
1 177820 169509
1 37340 131218
1 53721 181012
1 69234 5389
1 193074 187931
1 8412 143246
1 3465 45452
1 90450 151280
1 126967 156812
1 29378 190607
1 24153 111040
1 58108 175569
1 167262 38261
1 47071 156599
1 29199 55759
1 90499 67427
1 153632 7476
1 116904 71018
1 44982 6201
1 162847 117339
1 190777 149901
1 182775 198416
1 88347 132324
1 82667 79156
1 125225 159655
1 47946 185813
1 162898 120346
1 114726 56429
1 182581 129805
1 106561 132139
1 170096 183687
1 114612 104199
1 35238 30192
1 160226 47749
1 86224 86270
1 151645 107657
1 39239 51362
1 196950 37084
1 138513 110899
1 58442 127166
1 94570 166234
1 63467 39789
1 164820 50560
1 59149 41843
1 24418 158069
1 195987 14838
1 24704 78562
1 159320 181500
1 95495 182641
1 25954 65726
1 198976 31227
1 19779 183791
1 115511 42098
1 154385 68300
1 58242 157583
1 143561 58533
1 72721 30591
1 195455 25452
1 824 112265
1 195530 19134
1 116922 90691
1 49773 143856
1 165016 11318
1 181064 4571
1 157339 3087
1 82751 22379
1 34014 88135
1 186539 23076
1 145823 33685
1 83840 3637
1 90759 51090
1 174207 130114
1 91319 111148
1 186717 135212
1 75861 134159
1 36275 15524
1 94360 103761
1 100519 3952
1 56464 2589
1 127386 88764
1 20153 122658
1 12371 143652
1 169089 83068
1 182380 104769
1 13911 112227
1 168444 156210
1 69687 145363
1 88452 6060
1 37235 155707
1 80797 188037
1 187716 25193
1 59809 196285
1 70673 74806
1 61849 1038
1 193023 138094
1 150952 180278
1 107194 56514
1 112502 139010
1 141442 61873
1 56094 137245
1 113144 53556
1 75675 125273
1 194667 141801
1 92464 70140
1 159774 96835
1 98263 120462
1 26397 76335
1 145901 150882
1 153408 121289
1 7772 148004
1 117886 2240
1 17928 56034
1 164917 91143
1 150782 37213
1 5752 37374
1 189849 1553
1 172314 85216
1 181174 154946
1 163770 51118
1 46555 111370
1 135824 103451
1 48163 65440
1 129015 51129
1 114670 179883
1 47291 43556
1 4422 129223
1 13348 105069
1 75028 181847
1 82179 266
1 197252 176140
1 158076 110779
1 31733 72564
1 171028 103487
1 125798 166406
1 93821 180025
1 158429 144557
1 156704 144157
1 180314 47187
1 37418 128863
1 110459 140143
1 112986 157662
1 191281 5522
1 43018 31884
1 70114 104366
1 75899 75553
1 122848 94887
1 175781 61569
1 39242 147743
1 24191 151914
1 107713 154173
1 185612 140258
1 22734 69629
1 15847 36448
1 36434 180030
1 25680 101242
1 185454 176967
1 169718 153999
1 101683 145242
1 43783 13109
1 119564 53566
1 124598 61221
1 39146 17352
1 13452 38054
1 26801 90218
1 128115 111223
1 58017 62334
1 158270 150273
1 92807 14035
1 118396 12732
1 139684 53305
1 32062 61536
1 52894 44810
1 113959 143055
1 134950 159930
1 4276 169792
1 190569 184032
1 54988 83247
1 161595 11845
1 58057 72515
1 58112 82476
1 36230 72896
1 13404 47330
1 126636 13742
1 42910 100679
1 34360 63945
1 110441 34845
1 94479 59690
1 5603 194705
1 6212 158646
1 76064 63048
1 13928 149765
1 135569 166124
1 11732 16981
1 87913 57078
1 158835 149040
1 74448 4605
1 167123 143899
1 163852 169600
1 193965 195841
1 155116 89712
1 15986 199583
1 170935 121026
1 171545 159601
1 151636 125875
1 42790 174748
1 4795 121948
1 194172 55388
1 156508 99705
1 11878 30321
1 107150 146612
1 142691 57542
1 92922 16694
1 130032 57058
1 41416 69041
1 72666 172306
1 181002 142631
1 128131 110870
1 181096 159615
1 160628 107659
1 3659 32201
1 26340 52633
1 123470 37456
1 154056 76126
1 127842 173023
1 171100 53209
1 101056 3990
1 133232 59675
1 65108 134575
1 29238 115435
1 140520 123148
1 199178 56121
1 179982 153220
1 167747 180742
1 7442 42285
1 249 110481
1 58399 55595
1 128791 126341
1 103089 7801
1 163235 109473
1 93819 27127
1 185291 89767
1 67609 108917
1 132851 48649
1 41912 193728
1 3260 72912
1 76932 84778
1 41558 116047
1 46418 114974
1 176329 140487
1 190095 3171
1 30720 97116
1 161448 50928
1 140502 11832
1 149436 151921
1 182630 510
1 111423 191129
1 69646 69042
1 1455 143977
1 43203 145126
1 169852 160895
1 172250 123880
1 151604 2851
1 41493 154410
1 58349 151437
1 89197 106994
1 128501 45882
1 160224 76163
1 169855 160625
1 27514 13259
1 127175 140752
1 95592 81549
1 42694 91484
1 5243 21202
1 124188 10633
1 14137 20364
1 193850 75079
1 86954 85643
1 154832 188622
1 32160 135203
1 12022 185066
1 170056 56093
1 186078 130058
1 130993 21661
1 160186 38085
1 163739 179412
1 134826 125870
1 61442 25127
1 84904 193497
1 164074 85343
1 30071 189166
1 24236 89938
1 117257 55406
1 105858 170065
1 36208 43139
1 118863 72723
1 114119 6989
1 56946 192994
1 85345 142186
1 146893 13636
1 137778 84549
1 26576 37420
1 17085 64226
1 9931 103074
1 183613 26152
1 71860 109489
1 159704 162607
1 184309 116047
1 50817 59468
1 81338 42642
1 42476 24603
1 177145 65616
1 190199 46605
1 176066 153047
1 170070 20594
1 44489 158607
1 174271 196424
1 45554 185516
1 74904 45508
1 169820 89432
1 39518 129312
1 108465 169504
1 19543 7717
1 153964 153373
1 67513 171515
1 104171 63270
1 144412 126638
1 104759 176180
1 141790 91715
1 113873 72662
1 162773 10875
1 122944 80854
1 98106 178215
1 98712 153770
1 174547 160045
1 113805 177568
1 38049 34521
1 133816 101956
1 30156 149160
1 168680 77971
1 167435 160976
1 58604 78885
1 173784 150356
1 88672 101334
1 37652 169414
1 165559 91637
1 150070 60381
1 66568 39345
1 2745 122809
1 37979 124288
1 111302 83125
1 11061 162641
1 16288 184492
1 29281 193333
1 58319 101135
1 76738 118921
1 56910 103142
1 117847 56039
1 11896 71971
1 192845 9485
1 63153 79407
1 2635 7694
1 152529 86383
1 63545 142520
1 89110 137752
1 126994 68933
1 176330 76211
1 117356 98245
1 157489 104625
1 31686 37643
1 182328 153522
1 14225 79767
1 71834 116114
1 180673 34692
1 44949 101622
1 17366 140147
1 104909 73110
1 18085 187960
1 95230 163146
1 128748 104195
1 94759 53913
1 76310 35088
1 113333 68096
1 42508 98131
1 162094 22911
1 20221 6878
1 180959 167402
1 38126 128917
1 137032 149359
1 187076 144085
1 92101 23139
1 165137 103263
1 89600 186898
1 157534 2762
1 193109 169350
1 133433 157994
1 50118 37142
1 97279 196859
1 29024 114803
1 39722 173203
1 178670 172527
1 26014 99719
1 89756 36047
1 116400 153755
1 98734 40851
1 84088 54960
1 154658 74755
1 85593 190441
1 105506 4539
1 147982 141150
1 65775 102330
1 92535 176645
1 87178 147303
1 146532 121373
1 84900 86245
1 13665 106013
1 87688 48409
1 101058 176220
1 168519 143224
1 41712 186690
1 9701 63254
1 147957 168878
1 4290 17389
1 77572 64553
1 190091 10794
1 144716 139083
1 173474 148094
1 125439 65260
1 73418 48995
1 118621 163086
1 49048 90093
1 74439 168649
1 92118 788
1 146432 8567
1 87033 195646
1 46982 139936
1 134917 185425
1 86354 134824
1 19583 175225
1 150315 186935
1 123412 199479
1 161457 14505
1 134407 179947
1 36840 76344
1 1760 191907
1 14916 26150
1 34771 67556
1 139060 29743
1 38959 124344
1 45681 30894
1 140424 73145
1 134345 135694
1 78951 412
1 192999 102900
1 182256 86017
1 57957 116715
1 85843 92281
1 57748 148880
1 71991 136217
1 56011 152831
1 190051 56383
1 175534 184253
1 186159 29218
1 104833 182951
1 102187 119070
1 113581 132123
1 13262 160383
1 143761 105125
1 175649 22670
1 173581 58284
1 103340 101530
1 21707 45853
1 194977 47305
1 193358 103832
1 64136 152031
1 186879 199642
1 19563 99982
1 82678 101611
1 30467 123838
1 133446 5001
1 167330 89438
1 154251 66068
1 29793 188907
1 10296 22267
1 50893 3008
1 160796 194855
1 50829 61087
1 144180 164710
1 149975 138111
1 117623 89
1 138708 130326
1 107997 92962
1 153552 174632
1 98994 155656
1 144743 7121
1 44378 62765
1 71084 188111
1 127076 71859
1 347 112339
1 83475 70826
1 63041 110857
1 93675 39612
1 98410 193638
1 56185 138972
1 203 92082
1 104998 23788
1 142449 184725
1 130045 169005
1 189546 34278
1 762 104365
1 192242 43122
1 4053 182316
1 152161 59978
1 59407 41103
1 118738 13648
1 119677 71048
1 199959 173186
1 118354 195269
1 23451 79943
1 188850 24280
1 61463 5882
1 177716 190375
1 178425 146933
1 129078 93077
1 7697 163488
1 102695 119344
1 181310 70394
1 153489 81884
1 30297 133478
1 95461 164544
1 128416 140857
1 47372 76335
1 144293 69251
1 182827 8793
1 140664 16411
1 155254 20339
1 78418 59184
1 163704 50211
1 92867 101006
1 195937 51057
1 183198 130349
1 18513 36778
1 108130 165632
1 138980 160727
1 44588 92476
1 199294 158173
1 129052 26983
1 139032 63350
1 166405 160227
1 191116 19600
1 150233 3898
1 45661 103235
1 193363 78060
1 160906 53497
1 143463 503
1 140437 56088
1 34791 182630
1 128847 1076
1 23287 40541
1 192102 68787
1 174579 186915
1 2353 16128
1 123102 182065
1 158522 55476
1 71758 14010
1 20237 19906
1 76246 97339
1 73728 21602
1 948 149445
1 28676 181247
1 153085 184136
1 22443 139556
1 69 137826
1 25401 154980
1 123667 96232
1 69488 156426
1 129732 76340
1 130070 106688
1 133630 154544
1 158474 68995
1 61784 191137
1 29127 105671
1 137735 11319
1 11703 179878
1 59660 17876
1 86204 128271
1 109469 130266
1 79162 64044
1 60753 68218
1 109097 194964
1 111567 171386
1 182489 111346
1 188024 50439
1 52551 99253
1 198036 5691
1 8159 118138
1 194747 51632
1 101586 144055
1 175237 67013
1 130265 105833
1 125811 138672
1 88842 154239
1 196063 20677
1 123547 24200
1 40993 156038
1 107189 45659
1 140227 131691
1 144698 21765
1 134120 20403
1 13593 153336
1 84664 4075
1 164882 127985
1 145743 107070
1 182533 191978
1 105638 35710
1 185215 48834
1 11137 58546
1 116743 50281
1 162587 76064
1 25510 88656
1 46991 50653
1 61621 111312
1 51144 52818
1 60971 127322
1 147050 10577
1 177575 66655
1 58434 36696
1 177210 198016
1 120364 86948
1 124088 14712
1 185987 73850
1 53633 123464
1 185422 160370
1 45963 6756
1 58921 78340
1 42098 36636
1 95729 126039
1 578 198605
1 141876 42632
1 145027 135177
1 66456 63480
1 187142 79811
1 137994 192473
1 57648 187007
1 170730 115897
1 128901 34234
1 138741 4816
1 7030 195221
1 56626 165319
1 190829 82376
1 68193 10761
1 75095 71236
1 53409 117261
1 159923 57001
1 48864 162596
1 181467 83561
1 15177 67009
1 63185 103740
1 121768 108359
1 185419 128710
1 198049 62038
1 33409 101254
1 40914 20312
1 123574 107392
1 7174 1545
1 3077 88684
1 152603 123782
1 115247 64736
1 42037 172375
1 165921 98172
1 65637 77631
1 18570 83220
1 35540 37187
1 9566 146851
1 84853 39801
1 155044 106862
1 32233 4755
1 94727 94709
1 163956 92011
1 72858 83105
1 55008 57873
1 28077 139562
1 73648 155475
1 53391 25033
1 8839 120525
1 23396 189470
1 43161 62449
1 183209 160353
1 46483 41047
1 52549 158158
1 180999 158856
1 36755 38669
1 93339 137287
1 167981 187488
1 64817 35233
1 58234 99920
1 191769 25783
1 187002 3481
1 33398 138505
1 181202 93013
1 110702 199365
1 39507 122919
1 44502 11601
1 36240 70440
1 21917 122516
1 169311 108247
1 5751 141643
1 73007 132924
1 8845 16331
1 102155 44509
1 199011 36817
1 123437 677
1 15177 85522
1 121223 194449
1 86022 17600
1 104077 181597
1 143874 50842
1 199431 6639
1 691 177783
1 128022 44226
1 146826 3412
1 105604 75668
1 174110 100891
1 47888 12628
1 181400 133046
1 129082 92550
1 45601 100820
1 143180 65912
1 155465 86395
1 133482 104107
1 182265 148879
1 31899 175994
1 190747 40354
1 166871 99406
1 193864 76284
1 147923 3781
1 108402 132588
1 169419 94815
1 125010 153744
1 180752 76587
1 63637 165281
1 33106 31090
1 149379 34754
1 195822 72034
1 431 167818
1 13819 127741
1 149797 105167
1 92498 16834
1 99985 74549
1 16860 180956
1 61100 75896
1 153376 44234
1 174765 140470
1 173773 108431
1 89965 72257
1 46788 47707
1 65306 18339
1 138474 150840
1 57248 27186
1 160684 124537
1 188629 154838
1 145683 5280
1 91172 34007
1 14154 86287
1 113852 89772
1 142318 46129
1 164281 135746
1 64725 146409
1 81683 90506
1 129953 177659
1 182534 146310
1 24647 63482
1 123073 157141
1 183643 76274
1 37586 95740
1 37086 67286
1 182802 27511
1 115594 15084
1 184781 7488
1 141533 106359
1 111220 135135
1 101412 56806
1 158342 31411
1 69321 46459
1 67324 192895
1 170592 81213
1 21300 171896
1 124527 93026
1 115041 195150
1 90044 196919
1 121008 51449
1 65947 183698
1 64253 93126
1 147127 180986
1 184504 45410
1 21984 161940
1 17489 8101
1 117718 190353
1 168427 169506
1 114261 177622
1 172928 130542
1 19810 123692
1 167057 132783
1 107924 196329
1 70353 93863
1 56550 120607
1 12754 193217
1 192187 187779
1 167920 66075
1 196467 7520
1 101564 153108
1 102829 43901
1 39084 188887
1 199197 198027
1 87424 91176
1 188369 141716
1 100728 159407
1 122878 158944
1 109428 127555
1 136079 103977
1 179627 120312
1 146672 184834
1 179280 112747
1 27800 138051
1 57666 37581
1 102677 84216
1 59379 166830
1 118236 145930
1 69915 32652
1 52753 108973
1 124318 170653
1 147412 60939
1 15098 4057
1 15564 193969
1 114485 59210
1 42616 14201
1 88710 147672
1 66291 170616
1 77315 78032
1 6791 2216
1 44171 20533
1 9398 175128
1 44404 51594
1 188805 121875
1 33591 41181
1 89801 113613
1 134939 49240
1 39926 97557
1 151071 191300
1 147877 36087
1 166892 61087
1 175462 94065
1 16762 28640
1 145479 192409
1 83201 124231
1 179875 92172
1 2403 159018
1 54509 188058
1 75927 193341
1 63871 93167
1 151513 62754
1 45534 139909
1 167440 199729
1 189904 11337
1 63232 137097
1 178913 124426
1 6065 161304
1 95538 3113
1 90911 133799
1 148291 195261
1 18211 63401
1 40194 155590
1 131106 184453
1 27027 54868
1 159156 133986
1 177058 36472
1 152151 155570
1 150119 159212
1 61973 150594
1 67002 52798
1 152691 93440
1 153303 81027
1 93724 5517
1 160371 116281
1 69709 78534
1 7999 19132
1 12930 173838
1 26236 58094
1 155936 48861
1 56832 158624
1 6435 80654
1 133447 161286
1 28491 130982
1 54013 113434
1 141507 78048
1 120075 161678
1 187922 188800
1 48928 45880
1 160581 34584
1 48258 155769
1 152476 78356
1 78549 86511
1 99892 13901
1 58218 32411
1 130165 99852
1 78795 79957
1 116221 42908
1 2182 10863
1 171916 75413
1 190072 26022
1 15408 125414
1 12188 110800
1 68532 42338
1 82260 74690
1 127044 47566
1 113462 113921
1 109860 196010
1 65754 141356
1 99923 171070
1 196259 42855
1 20089 109671
1 88525 31051
1 156120 105250
1 26358 197708
1 76849 172887
1 84911 5098
1 10102 90281
1 14852 199068
1 66992 21373
1 139594 160122
1 53810 10825
1 145064 168041
1 19901 58848
1 162985 27340
1 137909 44538
1 104449 60841
1 171140 115528
1 162909 199258
1 184781 144952
1 159152 151029
1 54932 23430
1 89083 167357
1 86955 188932
1 80796 19338
1 97056 186282
1 181978 124598
1 73637 68833
1 148976 161226
1 160448 43853
1 41048 145640
1 118772 132953
1 22361 179769
1 36399 100359
1 154836 145626
1 56245 75383
1 162379 39426
1 186572 105720
1 98419 130807
1 57769 100301
1 99067 172018
1 50139 87873
1 12125 78352
1 18743 149870
1 11621 87290
1 170435 4105
1 199295 159958
1 106406 192242
1 55621 48815
1 164304 181883
1 44617 72547
1 106342 191159
1 166688 4044
1 169073 181253
1 42672 196912
1 165191 89948
1 48122 41260
1 185401 18905
1 83819 20190
1 163646 67591
1 78111 143186
1 16864 85742
1 30839 193328
1 159269 50526
1 121437 137252
1 132288 171005
1 159125 146957
1 93881 188687
1 35142 28905
1 135643 74438
1 125193 183040
1 101725 95307
1 119345 62416
1 156754 195659
1 187163 10042
1 29588 4804
1 163704 5931
1 119277 149073
1 79064 91149
1 110856 101621
1 19961 50414
1 77208 28261
1 144464 82800
1 57543 194584
1 123286 91123
1 104482 170387
1 19671 55680
1 57794 79023
1 127223 68727
1 111230 144622
1 86662 192186
1 15375 10686
1 19781 65691
1 111684 97485
1 31673 95748
1 73575 170766
1 147376 101222
1 99886 52041
1 5585 172580
1 151591 43817
1 81128 85568
1 140254 23491
1 126513 114502
1 148432 137122
1 151717 82615
1 12117 89755
1 64451 114296
1 8137 142221
1 39969 62396
1 13627 22520
1 183731 126383
1 34394 45697
1 46554 186788
1 170268 152004
1 64048 125314
1 171760 171931
1 164435 7594
1 164967 14254
1 57264 104619
1 156190 95676
1 88722 12457
1 175791 175529
1 147947 65163
1 62041 175432
1 74850 148261
1 8812 111210
1 192669 57893
1 75385 194919
1 132304 50369
1 196025 27372
1 113222 137632
1 8188 174726
1 103344 97992
1 102421 79086
1 185132 108615
1 97668 129813
1 29655 124774
1 106916 46641
1 3349 43083
1 100118 56648
1 5472 89773
1 157230 40124
1 71504 95102
1 132380 90008
1 162538 2451
1 194845 49370
1 48683 96279
1 179938 190785
1 45590 74545
1 46144 16408
1 91260 140275
1 3418 63300
1 116043 173892
1 12493 171082
1 44122 123600
1 94746 119396
1 63284 71150
1 53848 51270
1 76451 66386
1 37851 76587
1 65663 103092
1 144927 73509
1 5110 24320
1 37690 14948
1 34974 80959
1 172801 113479
1 76857 161605
1 86328 69793
1 16455 85853
1 101056 54861
1 110290 164146
1 28540 174261
1 157494 118591
1 53828 77535
1 65839 173945
1 163534 140281
1 95784 134651
1 178073 78054
1 114176 189937
1 48348 41033
1 90015 115465
1 157166 159377
1 137658 117783
1 153015 79109
1 106787 145160
1 48662 191570
1 48532 137353
1 40916 150738
1 98877 86520
1 123721 152415
1 113164 149323
1 59021 190105
1 79420 128063
1 198818 15988
1 188001 189764
1 73504 28165
1 78258 15335
1 64737 13134
1 116312 21312
1 194861 132040
1 182134 81884
1 2728 58608
1 73657 15277
1 164282 15060
1 98722 143345
1 120831 155808
1 177809 40480
1 125233 71460
1 29588 75418
1 172242 72488
1 112240 107088
1 64094 98803
1 49391 82289
1 65136 199575
1 131114 134807
1 139251 95745
1 148056 124019
1 143372 37312
1 20312 188854
1 582 915
1 35132 157506
1 75070 198071
1 56214 49424
1 91984 10737
1 93575 169507
1 124993 108313
1 64197 163116
1 194222 37672
1 186733 172735
1 50805 129156
1 59977 142710
1 181538 61897
1 133731 84388
1 187420 41497
1 97418 64573
1 194256 62630
1 23140 175235
1 127966 23999
1 157237 103924
1 9859 106137
1 9198 8562
1 50503 159392
1 92345 130418
1 159400 91583
1 60228 36841
1 164358 175148
1 185229 35956
1 152720 127927
1 87724 102407
1 126575 182996
1 11110 197720
1 75569 69798
1 127857 185932
1 148024 64910
1 120515 140450
1 198499 2292
1 186721 50270
1 118525 152341
1 172324 179001
1 18148 146766
1 16333 104647
1 72445 89960
1 147533 98281
1 14103 79716
1 170766 162548
1 540 118600
1 67141 118688
1 113279 68394
1 14268 166069
1 156962 62652
1 169435 109619
1 192582 12825
1 47799 140033
1 108729 591
1 54365 146329
1 51259 137645
1 134816 19505
1 34865 52559
1 81057 61805
1 162509 193703
1 163359 159555
1 75773 9934
1 62591 150702
1 158803 169547
1 97757 91735
1 180853 124322
1 15059 140544
1 155014 174305
1 37128 94578
1 65620 115687
1 109117 190250
1 137795 18806
1 29460 32192
1 19962 31930
1 16162 106584
1 112076 4505
1 74807 60364
1 134761 39613
1 100715 91288
1 103494 122784
1 32619 70216
1 125385 158744
1 80067 81183
1 66042 16227
1 185134 193226
1 8742 99572
1 176860 89924
1 191318 49470
1 7170 103178
1 128752 172736
1 142760 81602
1 126059 173202
1 16815 120743
1 156984 139374
1 137250 187448
1 143726 81538
1 35262 88033
1 183415 1653
1 176516 84522
1 110010 89976
1 82046 2271
1 23688 128399
1 130960 183295
1 27722 58207
1 101954 116649
1 136554 145658
1 37962 53891
1 37121 5929
1 160671 190124
1 170690 107449
1 145659 104997
1 184165 22153
1 55088 81979
1 16149 101138
1 165614 114104
1 72093 78263
1 135571 73866
1 108624 9231
1 141108 15539
1 51001 125809
1 199851 75251
1 20674 128960
1 116577 146547
1 39784 126711
1 42398 106291
1 149855 13621
1 182351 24310
1 170817 20172
1 131286 108460
1 156605 185158
1 188888 78112
1 25085 76793
1 196291 1891
1 104088 131085
1 126814 190969
1 169657 130444
1 178453 55362
1 109200 36393
1 43461 182570
1 59063 77203
1 144709 123669
1 6695 110395
1 94773 170885
1 88348 82019
1 134347 96142
1 198981 132202
1 178139 199292
1 199537 53014
1 48294 95811
1 193015 107553
1 106919 132903
1 114980 89222
1 158489 135532
1 96554 122126
1 160589 166785
1 31686 68630
1 45035 94568
1 125042 87650
1 60678 196521
1 50317 136232
1 191589 77432
1 11271 1942
1 78798 146915
1 149393 120357
1 10645 70784
1 44164 134242
1 87910 162838
1 17553 142970
1 9167 161803
1 83945 57670
1 192209 140622
1 166189 173783
1 179305 73094
1 132760 152771
1 139865 146682
1 194475 134320
1 58876 106881
1 43226 182817
1 149770 84461
1 188917 63487
1 102184 105972
1 109721 67049
1 132404 28255
1 69208 142142
1 189774 89270
1 46693 190186
1 114859 13226
1 103684 121967
1 105686 39301
1 183986 181238
1 100743 187216
1 180304 120470
1 80297 41731
1 84758 196963
1 36966 1522
1 128501 51835
1 106614 137205
1 108429 48333
1 41448 15512
1 50193 147179
1 150703 78020
1 199030 184913
1 54768 83374
1 111331 44725
1 175307 32767
1 73622 42322
1 144232 74179
1 73235 174384
1 194564 196757
1 150739 94453
1 194811 27210
1 85161 120946
1 18648 89245
1 38328 7271
1 67675 183963
1 38355 188248
1 18186 15119
1 63477 136852
1 50298 2737
1 3747 114114
1 48351 72778
1 42589 23215
1 9107 145323
1 154764 23126
1 195428 192079
1 162728 41775
1 118305 144397
1 121066 152507
1 41509 111682
1 946 83854
1 178596 159230
1 141624 148317
1 33718 146670
1 42424 54666
1 78881 137674
1 7514 175086
1 181036 21568
1 94304 155942
1 49953 82912
1 195603 95137
1 10210 105289
1 72943 173160
1 47407 89427
1 13006 50543
1 69814 146622
1 79443 90651
1 56732 33755
1 109464 134548
1 179467 129721
1 163481 63948
1 124157 9491
1 20705 170192
1 106503 27960
1 88885 171919
1 40361 19002
1 108224 68393
1 163541 178011
1 164032 1145
1 193726 127348
1 5166 149413
1 105698 129320
1 91571 12709
1 162971 100425
1 197449 104531
1 69346 67592
1 36078 1394
1 61541 138659
1 152209 106241
1 163978 30666
1 59958 137793
1 48964 191953
1 96108 3589
1 160022 113693
1 144753 193210
1 101157 178569
1 195107 46646
1 96962 40856
1 100522 179269
1 62840 122143
1 33380 70130
1 37011 118323
1 142929 192083
1 154097 76561
1 166080 179992
1 32717 24589
1 98938 170709
1 105353 104830
1 167789 63053
1 64124 138983
1 81755 84418
1 110845 154152
1 104131 70650
1 198446 189350
1 63952 59283
1 40203 64055
1 162753 187530
1 89909 36115
1 67865 95688
1 61178 188343
1 143304 129198
1 156071 128795
1 169304 11042
1 184209 102871
1 93788 59995
1 59168 166097
1 172630 134377
2 69547
3
