200000
1 84619 134559
1 89136 88768
1 172340 147640
1 152935 93148
1 10701 78891
2 46218
2 17223
1 187335 82832
1 167305 30726
1 69536 18961
1 157729 63526
1 198847 122100
2 79487
1 170393 161672
1 13956 89405
1 138033 112171
1 107693 178412
1 117899 9103
1 173128 8547
1 189098 143611
1 80088 84934
1 75623 84103
1 54862 43609
1 149947 13955
2 118526
1 118899 16651
1 22487 8962
2 152893
1 67577 8550
1 34149 131332
1 188356 199730
2 76771
1 109805 149945
1 151958 188966
2 99514
1 74871 106388
1 80562 86202
1 126438 4046
1 151363 197718
1 22294 133308
1 17633 138297
1 51830 100688
1 35116 90395
1 109059 59432
2 84883
1 120741 75352
2 162484
1 81661 95077
1 195254 169164
1 141972 60655
1 80519 97615
1 47729 183276
1 95978 34485
2 3132
1 150400 174563
1 121632 190771
1 198633 126891
1 114821 107824
1 128167 87318
1 125963 121535
1 77803 112965
1 130626 82464
1 159649 131341
1 112980 107353
1 145406 186598
1 148724 160961
2 88586
1 149502 29252
1 17545 71981
1 124245 117765
1 23234 127230
1 88018 174725
1 31050 80842
1 174061 133316
1 180665 29986
1 155687 151655
1 121706 102120
2 185813
2 112908
1 11994 81348
1 33949 145223
1 196959 143580
2 63984
1 41903 46162
1 9100 103103
1 158353 26061
1 94094 67053
1 190313 84856
1 125375 89352
1 110422 12754
2 31017
1 162856 51889
1 192159 172221
2 90017
1 108241 86724
2 117191
1 43069 41371
1 137155 172337
2 49168
1 99310 17678
1 142151 169066
1 5691 168400
1 131508 4955
1 134367 136825
1 142436 3766
1 39495 194409
1 9546 191866
1 187566 148796
1 192409 133956
1 58129 175062
1 57552 98228
2 100886
1 165838 154822
1 132539 99192
2 53544
2 47857
1 1910 19381
2 180369
2 93252
1 114082 37585
1 129215 153359
1 146157 75696
1 185535 163646
1 124967 116812
1 149007 199477
1 94846 188235
1 106187 55675
1 71305 60504
1 13750 50569
1 9106 16396
2 150758
2 193893
1 8410 172459
1 162003 42571
1 73146 40063
1 153181 173118
1 145687 28221
1 107424 86216
1 91068 78792
1 4410 22935
1 2556 182261
1 19904 109997
1 166242 46300
1 137292 3914
2 100760
1 49750 172680
1 64546 125211
2 84720
1 6356 8607
1 39823 113759
1 152708 85007
2 122090
1 57772 128727
1 161959 12186
1 117682 62680
1 103940 96754
1 119314 122968
1 43052 75611
1 61650 96666
1 102922 670
1 51679 135745
1 189133 2416
1 83667 28086
1 1106 70015
1 138376 42910
2 18319
2 152029
2 148795
1 123969 193002
2 95816
1 141858 100183
1 9271 58077
1 158131 81568
1 69305 82654
2 184781
2 72470
1 98051 30513
1 152285 116993
1 165963 187091
1 146576 194813
1 177667 16885
1 73289 39082
1 109014 157145
1 89346 189004
1 69718 4551
1 104154 157846
1 86346 152434
1 29313 38137
1 97336 70827
1 198760 111213
2 71477
1 160333 123304
1 92384 149930
2 33283
2 75932
1 170345 122522
1 93943 172573
1 143536 144490
2 152856
1 170756 150588
1 127312 158160
1 88155 88210
1 188889 31392
1 179046 157450
1 172707 174908
1 67329 190620
1 9290 24372
1 194889 105327
1 11418 194341
1 191756 175904
1 157211 77985
2 198320
1 101869 79262
1 38697 188834
1 102062 28104
1 154003 46274
1 181830 78109
1 24175 109709
1 78590 164814
1 42196 83850
1 146702 7621
1 37399 14713
1 102474 165871
1 38675 2489
1 100682 149195
1 109562 33464
1 164442 102643
1 59293 95713
1 77027 184745
1 74168 149952
1 72858 189539
1 199938 103929
1 124584 51801
1 80435 125354
1 161177 135054
1 24214 134750
1 151176 3613
1 12369 62131
1 79626 158471
1 6578 174989
1 40602 152057
1 178556 91837
2 165573
2 46380
1 192876 87259
1 47030 154235
1 172109 153745
1 33404 166406
1 164225 129195
1 30367 1357
1 27532 170307
1 168434 82617
1 126456 24169
1 74373 121218
1 179976 63979
1 42919 37729
1 71327 170405
1 17148 38774
2 4401
1 16400 116417
1 72544 124203
1 11933 66141
1 70338 103135
1 103174 86571
2 41098
1 60127 98873
1 47672 16728
1 182265 165254
1 123112 189719
1 271 7436
1 7473 93396
1 178785 144355
1 169197 3391
1 57693 140171
1 56511 96384
1 170793 64405
1 169984 39166
1 26476 90832
1 68847 173804
1 34595 132407
1 98964 109333
1 2531 167129
1 6005 51432
1 132329 64456
1 187517 146311
2 3690
1 39263 106217
1 150174 108184
1 155493 75317
1 158810 178354
1 105055 186503
1 105355 65359
1 17134 179290
1 89250 32492
1 197916 76716
1 138550 150579
2 25256
1 123565 24496
2 72466
1 57438 83971
1 85548 89159
1 139024 168651
1 101523 117680
1 146179 152693
1 36391 58217
1 100114 129431
1 167546 186997
1 150502 179707
1 71572 160617
1 48029 65196
1 49220 93978
1 4471 114435
1 79016 77701
1 157571 92845
1 78841 141630
1 87434 167102
1 88602 175132
1 85946 159164
2 98338
1 108499 179669
1 20861 139815
1 66666 171482
1 114857 43917
1 166580 61428
1 23812 92432
1 14456 121122
1 8133 9038
1 42533 110823
1 2757 45977
2 129948
1 135083 38770
2 164020
1 158032 106484
1 182538 60509
2 149137
1 41901 195758
1 166123 169912
1 111868 18287
1 171874 180135
1 159124 94660
1 97990 73865
1 66641 172954
1 113709 181121
1 21995 59298
2 569
1 99816 3998
1 100912 190047
1 117247 160857
1 68108 89139
2 37371
1 8468 174052
1 121390 74819
1 120079 171838
1 45124 155836
1 173016 69056
1 26831 55697
1 48183 41425
1 27326 123972
1 141835 3212
1 132883 112886
2 63767
1 3768 143253
1 63756 19664
2 180935
1 57602 10361
1 65502 168020
1 100267 155848
1 73223 154163
1 137929 173525
1 61913 91919
1 26962 131600
1 66296 56632
1 69732 175145
1 123569 39598
1 71699 58563
1 131679 69869
1 69488 16088
1 182943 54266
1 161243 133993
2 119671
1 90113 51212
1 9343 186114
1 192439 58461
1 148441 128288
1 146267 146588
1 158259 86747
1 8952 197264
1 12780 44828
1 24149 194506
1 195439 174671
1 179171 88622
1 86592 13523
1 21868 154882
2 84615
1 171094 159672
1 117324 25563
2 72679
1 5108 184835
1 55121 182664
1 156137 153512
1 104197 93104
2 182100
1 17573 194974
1 145872 175182
1 179590 147907
1 189730 173019
1 111588 2179
1 76421 68784
2 6453
1 71596 93411
1 93714 75889
1 97508 36489
1 43405 122850
1 115408 6097
1 83486 57904
1 119499 44432
2 55451
1 15376 32351
1 90248 99235
1 191416 105486
1 104676 133132
1 75780 41181
1 116142 22479
1 191333 28129
1 47535 181235
1 50495 49806
1 45456 92343
1 102354 176189
1 186726 113284
1 153195 36798
1 107456 171986
1 3723 35807
1 175981 56537
1 35352 162043
1 74384 123643
1 188483 91781
2 42280
1 82197 56953
1 22727 134683
1 34042 142798
1 157 60803
2 145097
1 176936 180833
1 18904 78113
1 1145 170146
1 62665 119472
1 181514 121153
2 106039
1 6696 180635
1 153301 103611
1 105205 77786
1 186054 80378
1 158485 20075
1 116085 181516
1 112569 198650
1 173691 176559
1 151124 112127
1 133061 119085
1 32590 118802
1 15776 170891
1 27885 6447
1 130629 190452
1 23680 197771
1 12582 35813
2 50766
1 107924 190967
1 189798 70782
1 112582 11839
1 18101 31880
1 137848 61345
1 66342 45724
1 179998 80038
1 190334 139281
1 48434 72077
1 36088 129104
2 155686
2 177706
1 82113 96376
1 83978 185821
1 147190 13018
1 72975 99060
1 155351 124269
2 11371
1 177509 186189
1 194035 128278
1 145636 21171
1 153069 65860
1 104884 165498
1 159623 193203
1 3757 72539
1 115326 69106
1 75710 15874
1 8744 185203
1 41978 93753
1 24218 195475
2 8614
1 148558 160857
2 1148
1 182425 31538
1 156104 68139
1 118457 121595
1 94753 28241
1 148206 150181
1 96312 196592
1 198891 108814
1 193147 195721
1 42444 43847
1 10381 101326
1 50622 187420
2 187473
1 48661 40749
1 24978 19382
1 46433 163758
1 149057 198980
1 163064 106862
1 22244 42726
1 119314 123611
1 23041 174584
1 149600 173713
1 35506 5586
1 175504 87751
1 81805 69717
1 171230 135994
1 25109 176693
1 110556 112794
1 163554 50248
1 142338 23733
2 8270
1 116285 98297
1 51400 95138
1 77912 75749
2 115440
1 165534 147084
1 73801 159601
1 149108 98247
1 49844 83756
1 60653 91917
1 42790 135203
2 30554
1 120336 79231
1 31567 183747
1 21093 186160
1 118602 153775
1 142041 191081
1 40488 113585
1 35078 190338
1 119186 61812
1 29921 116205
1 142830 131784
1 11338 80028
1 3335 42925
1 69523 90351
1 64315 178974
2 178895
1 64824 184676
1 167241 76317
1 111944 151304
1 95711 71924
1 128082 38212
2 131793
1 161889 99267
1 188344 193622
2 59435
1 42218 34230
1 175366 142088
1 174984 52859
1 68086 7532
1 133564 113210
1 23701 29466
1 150437 24960
1 62823 165582
1 54209 46916
1 157534 94763
1 64664 124528
1 94883 131687
1 137320 8112
1 38563 71477
1 149458 174138
1 37212 83635
1 157123 45598
1 111657 112277
2 113573
1 76896 41933
1 52945 81286
1 139120 98429
1 20072 34696
1 114271 42544
1 117166 194187
1 62330 69611
1 179439 128216
1 158042 129927
1 185487 129615
1 598 81030
1 62558 199314
1 150311 118870
1 138845 29747
1 189724 80421
1 159185 27100
1 19391 84518
1 158536 179902
1 183430 79073
1 2793 89788
1 125439 20993
1 141696 104792
1 110454 85083
1 93833 71902
1 198888 81274
1 185597 151695
1 164973 196659
1 38683 123216
1 127201 92645
1 62009 198868
1 150163 169360
1 105227 52167
1 87794 165849
1 37042 86012
1 4468 197340
1 35208 176474
1 34312 54323
1 181675 197954
1 169471 55238
1 19272 96323
2 191158
1 110716 144042
1 115028 115079
1 181129 51139
1 53910 113
1 123125 71930
1 98478 94084
1 111896 184885
1 145032 151441
1 87600 182568
1 148188 72017
1 110407 7454
1 124801 39060
1 30881 179592
1 143349 94829
1 187755 106628
1 54956 70236
1 56928 52655
1 24791 37308
2 127486
1 42979 18678
1 32480 79145
1 2501 121761
1 106580 194845
1 138262 45331
2 102768
1 136578 126891
1 151605 160242
1 90051 132655
1 136826 130841
1 184110 81929
1 155288 184752
1 152212 72907
1 115250 194140
1 119651 198108
1 14245 181666
1 74802 2536
1 193714 5820
1 194892 162246
1 194352 49054
2 121723
1 37303 174771
1 38096 91095
1 99064 12855
1 173518 171342
1 47023 162130
1 38222 108278
1 128253 145369
1 50815 145297
1 101307 138960
1 72164 167519
1 33086 1560
1 102587 158570
1 96042 25172
1 99502 49102
1 25850 189660
2 169470
1 95313 148750
1 8785 49708
1 6035 125685
1 32702 150505
1 142409 78717
1 46945 54784
1 186081 441
1 2473 67011
2 73711
1 155343 190877
1 135611 108896
2 76974
2 165875
1 177185 197613
1 7914 44399
1 72592 80208
1 16119 21513
1 81315 184685
1 46449 70533
1 168407 30663
1 120844 38005
1 1628 165627
1 198941 16422
1 83583 29072
1 141158 196108
1 126680 160832
1 98464 35243
1 58036 70791
1 32520 54088
1 68037 189931
1 68332 161488
1 196361 183373
1 7416 115846
1 21624 85423
1 159484 175730
1 50866 153157
1 138368 182920
1 118760 24513
1 122507 131607
1 170313 57113
1 55919 130803
1 41327 1051
1 118489 19621
1 185483 85621
1 141272 195537
1 91022 116222
1 152491 195623
1 11546 104200
1 3663 99662
1 175784 164586
1 133385 15053
1 90875 113416
1 12209 10620
1 27908 17830
1 70336 95659
1 145815 143213
1 180636 18833
2 37646
1 127610 143649
1 50299 137148
1 184244 90097
2 46498
1 14267 81512
1 87565 49980
1 179354 106294
1 120695 81549
1 140982 80539
1 79789 175878
1 133735 9055
1 169832 123665
2 124802
1 85655 22842
1 12929 115555
1 160708 37884
1 89484 119354
1 66255 163963
1 5471 166745
1 3180 161118
2 3312
1 13897 105470
1 94409 87012
1 9616 107046
1 183067 50682
1 141179 155980
1 146489 179574
1 117525 150957
1 80252 95121
2 5628
1 120092 175461
2 14612
1 33984 182734
2 61121
2 156783
1 92743 118886
1 196224 156532
1 5843 171485
1 83674 162775
1 69159 99604
1 132706 117178
1 106896 124083
1 73508 163038
2 67740
1 152537 137180
1 163047 162440
2 197873
1 144787 15429
1 61880 143369
1 79497 34535
1 50169 157189
1 137509 147583
2 5239
1 144832 157077
1 172252 151511
1 120298 144171
1 103243 104885
1 54151 22477
1 157872 146667
1 50933 87774
1 89563 182688
1 86433 123244
1 56875 198037
2 85717
1 131662 70393
1 155416 112069
2 163282
1 13498 186672
1 172004 161649
1 82191 37348
1 196673 183317
1 42435 168304
1 73310 143480
1 198019 154400
1 95713 121584
1 6875 18871
1 195666 137915
1 177734 154658
2 51390
1 199912 69300
1 186304 113134
1 120228 189466
1 161077 32008
1 130263 77696
1 137723 77379
1 110611 152327
1 166249 40784
1 177866 79034
1 131846 102662
1 92088 84758
1 145998 195279
1 55950 104668
1 85700 34130
1 6433 143126
1 84536 114336
1 192532 42408
1 103002 188706
1 134339 165914
1 31488 32322
1 47409 82402
1 104757 99801
1 124468 54647
1 42691 73306
1 25631 64403
1 22081 5757
1 121968 99592
1 63583 21357
1 46332 96646
1 187889 112565
1 147351 54443
1 125371 151080
1 114248 63884
1 36092 52561
1 198956 161283
1 147966 51866
1 73065 164217
1 139420 137920
1 3734 191862
1 174805 85559
1 148136 11687
1 142736 39705
1 170528 105646
1 125615 189525
1 190516 160624
1 38553 58325
1 107131 143451
1 141058 14384
1 190492 32438
1 111806 31633
1 59512 179309
1 124806 101992
1 173847 67549
1 24266 52559
1 173841 114397
1 149559 145407
1 145598 127437
1 49162 9652
1 63519 80803
1 195478 108765
1 157390 121907
1 16594 58889
1 64163 67390
1 141990 95311
1 27816 167935
1 151671 147196
1 94976 152049
1 95217 113026
1 58387 125349
1 52756 60382
1 146813 90563
1 104258 22666
1 23031 28574
1 59528 114725
1 167749 86717
1 173227 112607
1 122978 183014
1 126068 174377
1 140841 191917
1 170046 164444
1 156421 6334
1 3776 1769
1 12634 140263
1 87958 32961
1 104117 39529
1 2005 191941
1 85682 86017
1 190350 132208
1 132780 20209
1 178593 154371
1 139498 153940
1 75910 98290
1 141512 1634
1 62616 91661
1 168867 5632
1 16163 1009
1 18825 133580
1 197168 166768
1 150176 173350
1 115406 40317
1 56661 129219
1 114594 82076
1 64648 63598
1 55922 189962
1 69046 27487
1 43374 114856
1 168870 74689
1 173952 129774
1 183896 154686
1 189654 135821
1 165035 4238
1 134125 139365
1 31821 64512
1 141536 94377
1 159209 44871
1 132208 97998
1 50123 162376
1 77078 19963
1 143575 161059
1 179399 153646
1 8555 186240
1 183815 57899
1 36178 5468
1 15345 93611
1 74922 140371
1 135237 172289
1 41688 190192
1 70259 125392
1 183786 61299
1 163431 176619
1 90636 173474
1 28757 197133
1 197296 71570
1 177159 124347
1 119735 145143
1 169892 115573
1 126885 41707
1 179907 126372
1 8452 196668
1 180848 95808
1 160471 82809
1 2174 17794
1 189825 156413
1 102734 133130
1 149303 110524
1 73822 91472
1 63203 45710
1 110805 88784
1 22682 75961
1 71181 181810
1 112385 75716
1 115554 152376
1 48634 99065
1 74235 176875
1 115925 17594
1 89494 34183
1 163445 24519
1 78296 14566
1 177280 156878
1 109461 115883
1 112523 128436
1 164380 69872
1 84101 193059
1 196295 44977
1 84578 118805
1 42753 65081
1 129483 144095
1 54745 199757
1 158660 24577
1 18950 48664
1 32478 25325
1 164794 158808
1 66845 182038
1 12396 128646
1 124972 129914
1 163169 98507
1 136768 81203
1 192634 47841
1 150538 17594
1 23492 48006
1 120673 194941
1 67899 34537
1 50862 181410
1 7264 29966
1 113370 37468
1 81405 132996
1 12789 92526
1 180021 148233
1 197096 191421
1 194897 124923
1 19421 93082
1 79817 109058
1 104621 784
1 179536 7228
1 131338 34987
1 14307 25001
1 429 142729
1 115218 142680
1 95171 166309
1 179087 96210
1 191316 149601
1 144887 59909
1 177203 14228
1 31263 163955
1 127724 109141
1 171552 177371
1 14699 104710
1 146598 193384
1 196010 117539
1 83445 23705
1 83165 73549
1 78781 99953
1 68512 80274
1 75615 197792
1 143008 111743
1 45887 140464
1 198857 77737
1 87885 15284
1 81201 150328
1 168975 140654
1 183299 72629
1 49905 21440
1 112558 159829
1 65999 101461
1 168142 83334
1 174082 160016
1 50011 181177
1 79337 54518
1 162705 171248
1 86585 62295
1 53279 151497
1 122696 15362
1 121747 60108
1 133462 14505
1 49030 56498
1 82589 140754
1 113604 156086
1 184091 97984
1 183294 36832
1 157149 28066
1 150323 152590
1 135374 149882
1 63836 88326
1 151488 163599
1 1431 156218
1 107833 132055
1 78999 170971
1 98945 73951
1 189065 157473
1 132011 37373
1 24905 90137
1 31587 75000
1 152775 75759
1 178487 163381
1 75507 84606
1 126184 141285
1 188720 193558
1 43762 11693
1 189752 179981
1 150809 112790
1 151116 5065
1 81591 38647
1 96415 154956
1 178947 37215
1 40131 9536
1 198436 4486
1 106260 192069
1 6134 196726
1 64355 173241
1 162524 95670
1 38630 115784
1 75143 124919
1 159261 136884
1 161221 32387
1 83080 141477
1 14285 47202
1 60871 146228
1 2506 68878
1 75665 51700
1 197542 47898
1 75098 73987
1 95320 131742
1 61118 7952
1 57265 48614
1 163762 66988
1 101923 62555
1 12269 164821
1 16211 153329
1 18195 88832
1 109728 136338
1 111778 32231
1 187572 195851
1 164896 107220
1 44810 92726
1 13764 35757
1 143297 95400
1 80676 10623
1 52640 66331
1 79327 140751
1 148522 154590
1 32331 37407
1 56355 192444
1 183649 199870
1 162467 148970
1 128744 94099
1 134043 32948
1 48799 65387
1 92709 126313
1 97263 189632
1 183761 6214
1 10064 147084
1 196204 30753
1 145786 83343
1 50643 181783
1 67087 176285
1 62713 173048
1 72838 163947
1 83125 33585
1 133467 167322
1 103184 67641
1 141493 47365
1 47437 640
1 135256 2760
1 171833 185748
1 180172 192849
1 32372 57814
1 128013 132332
1 182144 187101
1 60148 124553
1 5770 129769
1 134502 197264
1 169143 91274
1 157243 38055
1 65393 103634
1 114289 34754
1 68721 49656
1 76562 49389
1 21838 140301
1 32995 96535
1 178823 163429
1 83855 41759
1 75085 129278
1 121363 22498
1 51157 72308
1 21611 140677
1 153244 86249
1 98236 186624
1 108284 97262
1 108802 98284
1 86958 67511
1 148733 130446
1 5791 128318
1 192216 103652
1 8056 50037
1 38746 45295
1 187624 41778
1 58768 137153
1 186484 105814
1 116026 75337
1 80578 126783
1 51253 73180
1 112290 2606
1 36201 20166
1 179871 315
1 52852 49617
1 8324 168888
1 69654 44821
1 92466 81890
1 34845 149825
1 103008 100879
1 137556 136297
1 45491 105556
1 139432 169488
1 105729 35126
1 190426 68087
1 180640 150612
1 136300 12710
1 110196 50578
1 158853 122938
1 141432 130121
1 137895 183343
1 196365 108077
1 183891 187248
1 36353 97086
1 190523 43677
1 80929 153331
1 28776 91356
1 166721 26148
1 118893 94947
1 77899 26870
1 72716 90180
1 129670 112524
1 42982 159866
1 104681 112044
1 144424 106419
1 136865 120944
1 167028 18590
1 59742 194926
1 139086 80566
1 182564 39785
1 168200 3215
1 165265 61817
1 101168 168481
1 154282 151608
1 70584 11987
1 196778 170607
1 59750 107785
1 14733 70336
1 160829 189617
1 26586 596
1 163563 98378
1 30959 186760
1 102068 137077
1 197906 98771
1 112734 199232
1 137268 176763
1 139486 1904
1 53832 38073
1 134211 182095
1 186501 108522
1 31970 192631
1 22903 42935
1 39361 191838
1 185101 135622
1 61511 1634
1 69790 161059
1 153892 81878
1 2109 80937
1 36925 83341
1 168126 175285
1 179163 94758
1 27081 63436
1 158292 141336
1 103199 31051
1 17593 76160
1 23722 24912
1 160321 75624
1 19658 97831
1 194998 109786
1 91293 155320
1 10078 51366
1 78606 186607
1 191148 74416
1 170273 91307
1 189801 135869
1 119549 24042
1 99677 197631
1 11258 25716
1 173698 67358
1 15790 88776
1 41642 194697
1 34291 182148
1 96239 17406
1 138170 115672
1 16731 34902
1 188181 87277
1 50329 120212
1 151745 6673
1 114652 47407
1 79347 18214
1 89614 141278
1 106981 127308
1 133372 25443
1 127520 188812
1 37823 101211
1 192140 47110
1 119022 163844
1 2293 148253
1 79042 159952
1 45792 56096
1 112586 14953
1 85839 172156
1 129872 194565
1 55504 87713
1 196939 184620
1 98316 122226
1 196358 178183
1 151438 81009
1 107408 26667
1 31251 139626
1 185957 154214
1 184145 142494
1 70365 69961
1 163147 144306
1 60692 108214
1 74451 103769
1 125081 46700
1 182240 43519
1 9179 155601
1 107027 155192
1 120464 68351
1 158532 65384
1 152743 62353
1 16530 14259
1 172593 5679
1 62506 9063
1 186699 192216
1 86423 54568
1 195215 66287
1 150795 177373
1 42812 173194
1 117868 178650
1 9378 131127
1 41059 80333
1 11282 18575
1 70177 27180
1 191685 69951
1 112370 68062
1 175051 8595
1 67526 159529
1 190839 61510
1 73533 39004
1 130569 162248
1 37171 134397
1 157980 87567
1 11533 101941
1 31697 42593
1 143363 187386
1 116412 123361
1 162093 198462
1 7373 180439
1 152850 18646
1 86785 70852
1 89647 113965
1 59977 18086
1 188037 45354
1 34554 169865
1 129958 56095
1 151351 186895
1 75520 198515
1 100573 190209
1 99178 37714
1 52781 130326
1 138351 56019
1 37630 138370
1 173145 49834
1 185700 161731
1 185919 127503
1 87515 138152
1 159570 149230
1 122169 190434
1 146660 52752
1 185619 56335
1 38522 193033
1 43182 37509
1 154068 38436
1 151912 129116
1 155386 49740
1 151463 26751
1 25480 133500
1 70082 148659
1 120765 197929
1 140207 38632
1 14592 46190
1 43949 179776
1 146548 92791
1 29811 173086
1 96510 72818
1 109784 147313
1 191763 112627
1 89988 9729
1 57095 34919
1 16854 169336
1 178324 101499
1 183255 54068
1 124199 57997
1 97887 158220
1 33905 169043
1 44742 9441
1 186668 102602
1 125838 70439
1 188972 98274
1 111695 1907
1 90665 167528
1 42979 113991
1 29769 159732
1 140370 52699
1 171122 86739
1 41024 142510
1 140560 77751
1 137045 62478
1 184356 131230
1 198765 154084
1 134030 71040
1 78466 12740
1 19804 95997
1 146838 8883
1 160211 195270
1 199077 64824
1 44285 90890
1 92490 27304
1 176564 125987
1 159856 65068
1 197229 54082
1 35196 184470
1 75848 103192
1 196601 92581
1 4758 12167
1 138436 12756
1 115692 61320
1 101753 36009
1 98152 106590
1 160477 52604
1 30849 105914
1 101901 133254
1 11155 83824
1 71271 161388
1 194283 5530
1 183607 191564
1 179087 9419
1 28708 15495
1 179026 52215
1 115483 70800
1 196438 54432
1 63996 116403
1 127074 26180
1 130820 24873
1 100007 36869
1 18811 19483
1 111245 90968
1 45727 173876
1 33923 99698
1 76432 147436
1 97478 162416
1 37821 43794
1 94257 105286
1 61455 143194
1 2950 5162
1 164884 148519
1 167100 76481
1 137326 2586
1 126281 147594
1 151100 192796
1 132529 15242
1 97161 108264
1 80976 10295
1 114356 111323
1 145252 14376
1 188319 13184
1 1054 124157
1 182556 69463
1 54826 121739
1 151572 172647
1 54205 62026
1 162874 51396
1 82591 176130
1 174640 140897
1 3000 176435
1 75832 79257
1 159647 88453
1 147101 191226
1 10657 56175
1 54562 85651
1 56463 75435
1 147115 145536
1 33995 112665
1 45930 162675
1 160659 16370
1 160717 190788
1 4750 95088
1 38758 44796
1 67223 173820
1 80539 157343
1 100488 75544
1 85007 137272
1 117577 139150
1 197392 141226
1 665 160920
1 53122 86003
1 2203 89169
1 196684 193986
1 120228 35740
1 180865 33917
1 160900 80467
1 34641 165068
1 128595 35186
1 176625 17130
1 84413 34821
1 14663 137645
1 91601 45263
1 5915 100627
1 95942 10877
1 49531 63247
1 139343 54602
1 25517 128404
1 152353 24691
1 77018 101985
1 91394 6110
1 182072 180557
1 54676 94662
1 55160 18005
1 5857 150762
1 139313 73252
1 12201 20982
1 87053 126818
1 106346 89842
1 24947 1792
1 121391 64298
1 119348 188674
1 152348 84893
1 158713 198221
1 169016 101930
1 189037 162227
1 93052 95351
1 172774 3772
1 79579 49763
1 88218 65976
1 127826 142639
1 180096 151106
1 106802 104936
1 99907 138327
1 178347 120600
1 137518 32279
1 129371 195309
1 14036 118682
1 176599 108841
1 177536 18807
1 152889 21452
1 169629 60176
1 171755 3583
1 44517 164130
1 173618 85570
1 26319 152588
1 145214 143640
1 162036 88477
1 156337 166961
1 178563 3171
1 109742 179928
1 26662 98929
1 91107 70174
1 160756 155504
1 2522 194823
1 195608 122793
1 8380 171827
1 172290 113937
1 31910 161230
1 71820 6550
1 62385 76924
1 135023 89770
1 70909 136383
1 180903 74765
1 16893 56043
1 93092 76383
1 107528 198988
1 2994 166821
1 111711 86230
1 170027 23452
1 57658 170189
1 57883 178300
1 53912 60021
1 126644 197070
1 41030 160189
1 188595 27441
1 27567 114087
1 182610 192105
1 55397 42491
1 66288 23465
1 60527 80237
1 146237 11042
1 124180 5963
1 92010 154637
1 42534 145131
1 198224 199733
1 195473 107540
1 191392 168263
1 152870 85164
1 121675 188574
1 194147 10978
1 37362 84043
1 5637 64413
1 73104 141602
1 155857 195556
1 196839 160970
1 148703 44046
1 42152 105221
1 195239 174765
1 83942 171326
1 33744 16119
1 74877 27859
1 96055 197045
1 123391 34916
1 95549 55599
1 16095 139226
1 74836 50519
1 180769 123258
1 182091 192244
1 195330 45676
1 10775 87954
1 90147 106439
1 66596 9832
1 93884 192800
1 100636 14538
1 184062 18386
1 44343 60368
1 123017 158799
1 98627 1030
1 49488 190760
1 191990 166614
1 139145 21657
1 187698 47666
1 106328 183641
1 147352 32838
1 155454 100448
1 4047 122461
1 77054 139065
1 162838 49106
1 87057 123850
1 43401 151546
1 22475 25569
1 142832 115344
1 72524 172609
1 152590 115745
1 82795 23085
1 58280 187128
1 91807 20596
1 135444 74893
1 196848 108606
1 87812 25705
1 58525 82006
1 193491 106269
1 34127 158072
1 16462 29028
1 160575 182108
1 121286 31445
1 26595 114370
1 35606 60237
1 116958 141121
1 20784 179548
1 144168 93899
1 128876 194351
1 32506 165635
1 88083 176638
1 199423 117122
1 144360 24823
1 128248 123749
1 86584 28842
1 172270 124507
1 52004 76918
1 3486 73261
1 167404 88243
1 107743 147662
1 94207 10849
1 115415 10342
1 165184 106769
1 104543 25817
1 165466 83218
1 127795 70109
1 126726 77087
1 101278 73084
1 168604 85447
1 146277 189158
1 47769 79580
1 80435 28794
1 9775 95392
1 154438 91926
1 155795 160684
1 177879 117917
1 165059 11555
1 163535 122440
1 112790 133719
1 135656 35952
1 92553 8249
1 118753 112347
1 59654 38343
1 121574 59461
1 21303 187761
1 139070 69168
1 147531 36555
1 58167 5870
1 63752 167098
1 113359 115246
1 186962 80601
1 154980 87366
1 50491 104363
1 22238 118336
1 139659 14662
1 131227 198056
1 125265 128572
1 96027 46292
1 196203 88077
1 87597 195956
1 72978 104972
1 39002 137244
1 160553 75664
1 173776 1615
1 67207 104028
1 337 85326
1 9026 190160
1 60124 65953
1 128574 17233
1 73052 155046
1 107767 64117
1 113040 94680
1 128203 62516
1 27067 43680
1 94412 56907
1 49549 77282
1 55236 92338
1 116688 16897
1 48969 126657
1 6615 154164
1 124035 113438
1 185892 177486
1 109626 122026
1 60185 181512
1 13606 192749
1 143457 174033
1 171569 147006
1 146656 45976
1 23247 62135
1 180504 146137
1 27329 197208
1 87900 91430
1 106406 63418
1 26746 183672
1 69955 53304
1 91748 47478
1 192340 26329
1 102112 81925
1 185363 101952
1 85362 127824
1 63752 182935
1 106118 161753
1 91282 49400
1 52961 88769
1 62069 13406
1 187337 63957
1 30884 8204
1 30196 4505
1 105231 150524
1 51375 75800
1 177264 163083
1 180624 66796
1 15827 126435
1 177502 60811
1 191845 80872
1 150718 135892
1 176382 117927
1 45985 185240
1 181105 154171
1 151276 82027
1 70995 43330
1 114664 119788
1 43530 11135
1 145132 46355
1 155608 73233
1 82695 69562
1 90408 162772
1 31409 46511
1 28824 159765
1 73716 118778
1 175431 86204
1 101975 62953
1 68000 1461
1 21004 1380
1 70567 23327
1 160154 154477
1 170436 191801
1 177292 75255
1 194766 8777
1 116763 176939
1 11801 185231
1 103130 61046
1 183490 56937
1 152929 143959
1 31674 113992
1 196860 90599
1 38482 146451
1 137236 40490
1 55494 187545
1 56093 167061
1 104972 157117
1 159745 73888
1 92574 159581
1 165133 134478
1 72582 110339
1 159515 121913
1 57833 84559
1 89408 162339
1 76439 89508
1 139318 126843
1 176786 189010
1 55820 180525
1 117341 39428
1 115789 813
1 74695 138795
1 152622 185668
1 167479 32555
1 173499 34843
1 89465 118020
1 99587 40136
1 4234 135427
1 113155 155287
1 69921 149161
1 84369 77082
1 127998 183644
1 179658 156468
1 107639 30925
1 116350 131362
1 187200 179369
1 106906 174538
1 21627 57284
1 71445 4488
1 38400 46530
1 64927 125111
1 52654 195464
1 189063 118461
1 153395 90018
1 193067 157210
1 185496 96246
1 124133 50738
1 121424 191017
1 131828 169305
1 150850 110672
1 153257 478
1 181205 134809
1 125715 164058
1 83067 188154
1 33324 66427
1 114113 77659
1 112325 189516
1 190869 92287
1 162671 185415
1 138329 136377
1 164779 77789
1 5287 51852
1 198484 41284
1 43045 170787
1 141708 117891
1 194443 198386
1 131364 32698
1 38322 112620
1 146896 7093
1 140063 167527
1 55306 110194
1 23311 20172
1 70916 131185
1 37765 130307
1 15508 81531
1 57235 15198
1 34075 126838
1 172133 4741
1 92535 149096
1 143188 18466
1 15594 178313
1 12713 139725
1 60617 150030
1 73967 150842
1 17897 191922
1 143358 52321
1 109382 65223
1 134085 70446
1 102774 117118
1 163287 94891
1 24142 50228
1 172217 176619
1 82323 103165
1 124715 157239
1 154212 122805
1 164213 103998
1 57637 152708
1 128372 91256
1 131183 44209
1 13989 58587
1 10102 16746
1 32689 173570
1 111994 50706
1 172281 190042
1 113074 195788
1 107363 94415
1 162038 63048
1 196069 87222
1 88300 26955
1 126033 84220
1 142068 29315
1 84961 197007
1 110231 96267
1 147205 140555
1 138926 165499
1 9643 2407
1 335 118836
1 53135 180449
1 6717 44523
1 67011 118951
1 110800 186931
1 145344 51591
1 132770 118095
1 83628 17241
1 51196 130872
1 142446 96043
1 67392 116971
1 47024 117165
1 101335 171895
1 128820 24542
1 131550 172870
1 89051 113590
1 143820 20649
1 36849 155349
1 110503 108456
1 120700 146284
1 126120 134602
1 141190 140267
1 6572 118882
1 191529 122026
1 68508 2523
1 34906 198683
1 130206 94661
1 89721 80560
1 178366 198944
1 149784 151433
1 29975 13671
1 64906 51744
1 65734 80865
1 55598 133048
1 10960 65828
1 142524 69699
1 116050 183466
1 80462 1939
1 181930 122905
1 98290 110979
1 19685 9677
1 123055 91622
1 57128 9192
1 16789 180656
1 180002 127389
1 63754 195556
1 185905 31673
1 189074 26046
1 47443 98483
1 26783 134177
1 30160 192757
1 38362 68611
1 62183 81643
1 50160 21911
1 40950 115467
1 145375 177403
1 138861 40485
1 146754 167651
1 141301 33709
1 164188 23302
1 185628 62919
1 107810 68039
1 173188 78290
1 53579 86886
1 3917 154935
1 52060 193576
1 144064 83444
1 83630 137220
1 137213 49572
1 190659 141519
1 122471 195793
1 37257 153642
1 78606 164860
1 162286 47850
1 177500 60779
1 101925 100680
1 187268 14453
1 54583 197962
1 170600 30410
1 130765 37425
1 49994 57094
1 195644 80805
1 105910 74488
1 91154 39454
1 5869 23021
1 57440 70419
1 71764 15170
1 119880 12264
1 129118 7465
1 52297 171731
1 154167 39611
1 187272 157455
1 117555 116608
1 182433 120581
1 77878 90298
1 43374 122872
1 172708 71416
1 7895 49584
1 43339 50521
1 39451 122601
1 118672 26207
1 199134 159932
1 184087 102647
1 24051 145933
1 27639 94021
1 35563 11382
1 140829 130229
1 137246 187572
1 164095 72319
1 170233 112657
1 140100 137402
1 196105 134801
1 45042 11684
1 1991 44385
1 93528 147121
1 128932 95741
1 35900 58194
1 149526 118752
1 117511 94215
1 87395 64113
1 127727 81256
1 191853 61099
1 25766 153008
1 100095 45006
1 109633 108939
1 27223 101444
1 50027 166817
1 65844 94678
1 189067 64227
1 195745 22736
1 172339 83030
1 127811 162930
1 161995 114141
1 139679 73496
1 55548 24715
1 82031 109420
1 72864 138409
1 156199 146762
1 179562 30981
1 195458 94388
1 129106 164731
1 120594 165944
1 75396 122760
1 165832 98910
1 173833 70925
1 156224 137749
1 21046 13664
1 70928 180896
1 197139 115673
1 106578 182013
1 184206 47835
1 115952 12566
1 19745 42657
1 4208 59884
1 188353 36939
1 123968 16640
1 164681 111145
1 90947 122371
1 142181 193862
1 159836 172288
1 124483 20921
1 191546 91657
1 63735 157224
1 108324 78687
1 1326 127837
1 97159 66149
1 82197 135118
1 99454 97607
1 130762 82983
1 138017 117287
1 49219 115354
1 44432 127049
1 154301 98474
1 103617 123327
1 157096 69364
1 59464 145814
1 131921 92543
1 81575 72130
1 179024 101253
1 61399 47751
1 31730 167874
1 68309 50090
1 98153 63677
1 157680 170136
1 97971 109716
1 129617 165268
1 15496 53708
1 8715 10534
1 83912 23896
1 13413 154882
1 76516 28522
1 44326 110455
1 164427 4344
1 9696 23513
1 183383 45713
1 162496 80177
1 127225 113568
1 148757 31139
1 158563 118143
1 187038 174943
1 191476 61311
1 25113 122444
1 22504 88183
1 98633 52977
1 182081 101707
1 124935 54630
1 59313 185791
1 98956 131387
1 185865 186876
1 194557 117223
1 191910 120993
1 81976 167923
1 42714 103246
1 163294 125672
1 25689 144045
1 42977 105014
1 144997 161793
1 29840 192229
1 135228 187315
1 58145 67329
1 100864 42522
1 68606 196994
1 12774 177419
1 98834 169914
1 37475 6434
1 97109 111362
1 196372 132815
1 60118 23335
1 126445 37028
1 85065 4816
1 108900 50014
1 131217 136883
1 122334 197874
1 79695 193593
1 69082 32025
1 132267 139694
1 71005 36190
1 60002 103278
1 72157 142503
1 138001 118988
1 155185 126979
1 46401 89092
1 31097 105331
1 125363 23843
1 42250 57659
1 36013 79925
1 121949 157483
1 93061 74480
1 84535 118889
1 26605 61599
1 28059 160513
1 73728 130064
1 68336 183535
1 168012 80450
1 58029 6379
1 61473 63433
1 192652 192246
1 122520 148932
1 83181 58277
1 93734 199617
1 198281 58667
1 143139 25838
1 126618 143019
1 69590 66115
1 121737 155198
1 161092 68910
1 162456 89922
1 186744 186240
1 185873 142052
1 136916 12950
1 6894 197550
1 99929 95369
1 165642 107668
1 67507 195033
1 63496 105403
1 94536 85912
1 178114 56203
1 163395 173971
1 10420 101367
1 192859 165190
1 24618 73738
1 163881 138816
1 81255 134068
1 136490 67988
1 36440 158037
1 58833 65346
1 194808 171529
1 80913 32356
1 21060 11124
1 161001 192221
1 152290 182416
1 100273 21759
1 190093 45172
1 104420 16316
1 174212 37927
1 5869 8656
1 81779 146213
1 91766 44396
1 38306 174065
1 114543 142757
1 179101 128731
1 131036 74654
1 50275 33620
1 92899 180979
1 82323 39472
1 186259 96807
1 103443 198458
1 53496 21072
1 139458 121406
1 67038 144897
1 168673 137170
1 87396 189624
1 137917 105254
1 121283 93386
1 72992 152271
1 27359 147659
1 188408 43726
1 134413 2
1 182279 109030
1 70308 143948
1 130317 44829
1 126857 150287
1 135859 466
1 74486 171810
1 19257 24704
1 8010 154874
1 17634 27793
1 127575 59864
1 172638 173350
1 107879 151730
1 69304 65638
1 53904 99295
1 577 197765
1 62203 120198
1 175293 84759
1 90031 108360
1 134476 56917
1 120674 182061
1 149466 23663
1 58306 117325
1 170379 142930
1 49856 19584
1 48097 186939
1 41375 22663
1 72560 189757
1 116923 5948
1 115908 101839
1 68317 145335
1 164497 36313
1 28030 137410
1 16603 103680
1 6618 101504
1 50022 49200
1 89015 189081
1 28897 71145
1 105781 142377
1 113486 62925
1 32279 31657
1 165877 182761
1 31699 26269
1 107402 108674
1 14423 141504
1 148507 93153
1 20764 95469
1 19390 19234
1 103087 145935
1 150586 53497
1 33021 45386
1 183669 77573
1 173663 99115
1 187870 102298
1 106982 31310
1 28316 87753
1 191592 149582
1 80118 57138
1 135244 110258
1 159171 133389
1 90642 17814
1 74837 142773
1 180262 52183
1 174626 119863
1 104102 166659
1 154099 54937
1 101233 147456
1 24400 192749
1 161139 136891
1 50411 23512
1 13486 58644
1 59339 62365
1 86475 198600
1 23932 183087
1 50593 108831
1 8949 145335
1 50052 2774
1 161802 137891
1 77138 74575
1 31315 14192
1 15098 148088
1 72476 186425
1 99662 83577
1 120719 197823
1 146890 148321
1 84830 102395
1 113956 122195
1 174453 69794
1 148503 186093
1 158431 15032
1 47403 52026
1 60919 175320
1 156103 191064
1 133522 90050
1 65849 21740
1 119531 21926
1 181764 31748
1 66639 53552
1 115307 42188
1 28489 121492
1 42237 78262
1 62097 146140
1 168482 35235
1 131120 147823
1 139684 54935
1 22839 196196
1 197569 12124
1 71649 65351
1 110384 197429
1 33797 11371
1 194610 57797
1 134528 64689
1 55067 34113
1 34978 46231
1 22113 110035
1 104856 169540
1 17059 40016
1 63578 118354
1 87613 153245
1 98390 26525
1 194891 35164
1 152860 98572
1 66812 197149
1 41163 151837
1 138010 78019
1 44731 180469
1 36054 178036
1 66284 124072
1 159640 18885
1 143535 165637
1 188295 53285
1 153683 43174
1 59413 131913
1 25235 12406
1 7183 80727
1 161214 192836
1 120484 51286
1 7718 175175
1 6900 99158
1 163533 64498
1 58842 78876
1 151564 20985
1 47932 100688
1 121094 139940
1 19603 48490
1 1229 177363
1 194614 108698
1 30866 55123
1 46059 695
1 130067 196576
1 132656 87402
1 28480 186619
1 76230 153564
1 75438 182702
1 90560 54877
1 159679 193948
1 151307 164246
1 36625 159951
1 143229 173937
1 56678 187772
1 18147 45511
1 113364 82201
1 163205 35914
1 17390 120930
1 115964 100148
1 3378 4903
1 97143 44975
1 50932 74202
1 170570 184710
1 38026 70360
1 92729 65484
1 58745 61366
1 185027 63371
1 144096 89166
1 118705 33647
1 132580 41801
1 84384 139572
1 119515 125422
1 86157 9485
1 146429 62892
1 6497 110870
1 37383 21220
1 107709 89341
1 156977 169339
1 4424 19180
1 16083 124702
1 95030 148729
1 173715 21270
1 161562 87825
1 145362 111694
1 107183 117154
1 187160 182434
1 139619 26313
1 136316 164907
1 109798 187003
1 151320 95816
1 138929 40631
1 133356 172782
1 67354 41131
1 112017 146355
1 126358 109094
1 24290 129240
1 117520 42878
1 3174 72469
1 130217 141058
1 71936 183400
1 167696 40226
1 71642 130464
1 176580 145182
1 120718 29927
1 64359 79468
1 125399 198799
1 143941 101870
1 146488 171678
1 49509 196371
1 94892 156445
1 147343 184652
1 136589 83293
1 69086 110449
1 69448 135370
1 93960 169589
1 68992 85940
1 16555 9352
1 38338 153371
1 109978 182987
1 2857 48251
1 48168 52984
1 146771 138392
1 120501 61650
1 151683 22604
1 159414 29132
1 28632 174606
1 99721 10102
1 46958 86213
1 79417 182828
1 127506 123662
1 155278 199938
1 59820 149257
1 140889 7146
1 73640 7850
1 94206 150312
1 73190 116606
1 138307 130104
1 148194 100412
1 162264 20797
1 86374 71375
1 93542 103789
1 8174 85985
1 198877 163388
1 150427 14569
1 12344 22790
1 181469 888
1 127956 16640
1 43483 161472
1 13617 7073
1 85412 21926
1 145160 142477
1 9371 142537
1 76045 125250
1 87838 132947
1 178886 115334
1 159415 165759
1 85901 136144
1 172294 152556
1 73698 173494
1 155630 161633
1 160757 144215
1 128063 42337
1 113521 16969
1 804 107632
1 191052 23878
1 140047 157158
1 14543 176594
1 47009 141300
1 146977 100591
1 18653 122356
1 136472 68869
1 41743 161782
1 112514 136972
1 126392 174791
1 145841 157180
1 171262 131844
1 141253 167991
1 93906 191520
1 22270 2932
1 182497 29746
1 183810 123887
1 147455 38403
1 35819 144527
1 182032 187350
1 184341 121496
1 162169 28856
1 45734 2834
1 150918 189769
1 11870 125945
1 153949 154315
1 153441 123110
1 68515 159595
1 17794 198078
1 186797 164046
1 100563 60377
1 124137 69726
1 9002 125174
1 52301 71572
1 23989 194525
1 9217 163975
1 135809 124371
1 145992 88182
1 21767 160773
1 132725 189523
1 191352 130415
1 33995 147344
1 20939 188237
1 7413 85038
1 110532 123204
1 10663 187139
1 187719 116369
1 110804 131339
1 162781 87217
1 64274 145074
1 39621 42130
1 125898 136481
1 1150 22714
1 10340 135431
1 73812 190326
1 192050 74025
1 114089 101318
1 152220 2669
1 107398 127495
1 109964 164068
1 144418 81569
1 63706 141398
1 109298 55922
1 106874 92753
1 61170 3258
1 114596 156469
1 3698 122311
1 33540 41721
1 103268 127844
1 10212 13314
1 89316 41726
1 72599 167782
1 94665 124886
1 58662 125243
1 29867 137134
1 29760 188837
1 51637 9837
1 109021 148767
1 105261 177685
1 82611 53386
1 165314 163495
1 89821 71732
1 137941 46037
1 161544 61610
1 109514 181096
1 152608 163200
1 125456 180467
1 132218 34144
1 149935 124984
1 174851 104209
1 48594 56472
1 159337 94602
1 83157 16192
1 186888 9784
1 47376 31442
1 119127 157259
1 89188 175570
1 77268 119815
1 32325 92243
1 124461 48778
1 187913 41632
1 136176 152665
1 105200 2158
1 182581 33455
1 119539 152770
1 54922 77192
1 66770 162079
1 136415 119979
1 153305 3251
1 166451 179702
1 129970 37506
1 109374 188655
1 105137 3730
1 129504 50952
1 37915 136792
1 138698 61489
1 61624 100195
1 151596 160996
1 7195 153992
1 192094 22892
1 37743 115597
1 46226 110392
1 112772 69722
1 80890 49823
1 63833 24092
1 91766 5812
1 184684 39163
1 53568 168460
1 77248 154879
1 40731 119692
1 194990 154174
1 187705 7992
1 52464 40201
1 188012 58105
1 41129 130391
1 111247 188079
1 108856 130418
1 174453 112888
1 116287 133152
1 59474 49663
1 52654 105813
1 195625 74312
1 58325 74583
1 167670 67258
1 136618 123185
1 62748 87086
1 147736 144540
1 184145 38519
1 57736 22506
1 113992 134066
1 29363 126133
1 92383 118671
1 150377 187911
1 85514 141792
1 92316 77067
1 83520 50210
1 5040 12724
1 16100 5130
1 82246 154604
1 120886 43474
1 74055 8832
1 176507 171395
1 85550 32522
1 170858 130629
1 12953 118046
1 119704 189668
1 25105 56312
1 163430 178853
1 134424 86118
1 148841 114954
1 133938 162290
1 107866 71329
1 106358 103955
1 142783 73171
1 131863 89300
1 189081 88620
1 125870 64836
1 39952 127398
1 68234 56415
1 169884 113147
1 19643 117117
1 10996 151210
1 74842 192314
1 41852 146376
1 40797 138853
1 187882 171403
1 63642 104429
1 53562 132500
1 15833 33928
1 167507 153083
1 150431 13158
1 82744 196127
1 188088 110677
1 136755 52333
1 193732 176565
1 166079 54128
1 94341 59103
1 151221 72538
1 15015 147474
1 86073 38545
1 99025 103198
1 21029 23294
1 42027 66132
1 95926 169874
1 18545 9005
1 106742 151513
1 138999 107513
1 8426 100547
1 127356 111435
1 94972 35312
1 57843 150883
1 87595 199165
1 108431 32220
1 149681 149580
1 38736 27352
1 55221 125528
1 190412 53160
1 38258 152184
1 187006 42687
1 113512 50227
1 149845 165529
1 35969 5446
1 99830 51623
1 103110 97074
1 130835 109695
1 159299 13769
1 177072 122242
1 92408 31161
1 143667 62349
1 101057 30489
1 151660 91235
1 84744 30900
1 13797 35227
1 142570 109268
1 152107 176070
1 64422 2065
1 30557 187684
1 163661 145497
1 110069 191943
1 2342 115201
1 47508 130375
1 172576 109453
1 74771 193704
1 176062 113149
1 135302 164872
1 164990 78937
1 38803 195533
1 109514 101629
1 168756 122638
1 19107 156392
1 102601 176129
1 131658 134401
1 11234 64421
1 81840 22123
1 65739 70001
1 135200 171915
1 122136 50236
1 91820 144983
1 54194 151982
1 170581 24608
1 48163 118695
1 22015 46179
1 150942 70125
1 32275 133325
1 151827 8219
1 63158 12684
1 18801 143177
1 96363 107998
1 16636 166518
1 179908 198995
1 151953 135293
1 139086 161062
1 46007 145015
1 58813 14268
1 35816 49644
1 3669 124
1 166176 91520
1 104411 59472
1 80741 52187
1 89852 4217
1 194775 71577
1 125051 86426
1 29498 77876
1 91681 186557
1 156162 14446
1 128415 91178
1 118302 52547
1 118279 195050
1 33736 99918
1 18156 199831
1 90059 143034
1 535 27110
1 95765 22317
1 151788 26423
1 43583 46191
1 62107 67100
1 184539 107552
1 196043 125351
1 161789 25627
1 28483 121849
1 15757 117285
1 69211 1672
1 58315 151707
1 58659 86128
1 62819 196635
1 144082 44542
1 109300 14705
1 160753 157240
1 283 95684
1 177353 48689
1 152069 42882
1 110730 120843
1 111157 66633
1 154108 194765
1 173970 159063
1 93291 20840
1 51380 80884
1 169871 87620
1 193136 147997
1 9274 81488
1 109986 112244
1 193925 49865
1 106746 75367
1 176957 31370
1 71946 173727
1 40713 94165
1 174798 195626
1 172511 84705
1 61693 110506
1 99368 196388
1 95376 40446
1 23088 166626
1 87120 198769
1 75027 12599
1 107108 103458
1 25508 162529
1 185370 159347
1 187231 50257
1 114614 174006
1 14609 157491
1 140089 190996
1 123654 178108
1 167475 55744
1 197428 10612
1 46476 62172
1 68326 67332
1 21327 148266
1 165418 173760
1 36856 103413
1 155647 127224
1 171520 110720
1 121657 138620
1 137254 135407
1 177079 93806
1 140799 188980
1 176327 153420
1 91777 147517
1 17559 75582
1 21388 1308
1 102047 140380
1 127290 94839
1 178701 16259
1 152040 6961
1 16882 57434
1 149637 188760
1 38571 77856
1 7387 60176
1 66577 150712
1 24988 82112
1 149476 28215
1 174958 157179
1 105142 177645
1 10233 126897
1 68564 69234
1 11952 135319
1 145594 8498
1 64478 52244
1 182647 188476
1 67571 67629
1 7582 11207
1 33615 110259
1 145903 124294
1 116942 174635
1 12548 12014
1 95508 127550
1 100480 179525
1 76634 172258
1 149301 114349
1 66426 89672
1 93397 125232
1 112696 22343
1 127644 152398
1 14929 173321
1 71675 183621
1 13255 3189
1 58695 146976
1 77997 196444
1 63843 17731
1 10672 163047
1 196907 160245
1 140327 90881
1 84258 78191
1 48028 9025
1 146846 40932
1 12251 179994
1 90930 96978
1 128379 1158
1 143389 173959
1 121962 123568
1 20209 29559
1 168445 86689
1 143429 14333
1 121016 95149
1 85023 16239
1 81690 96734
1 55708 150502
1 104173 105761
1 143202 12494
1 5452 153007
1 199560 26604
1 182581 76735
1 104388 190381
1 95057 65322
1 118612 102454
1 126210 50207
1 150449 47273
1 175852 35848
1 69745 131572
1 163591 40252
1 153275 144801
1 181732 193575
1 151921 151193
1 86333 164342
1 127192 22842
1 143681 101318
1 165195 90074
1 82912 112399
1 60129 47708
1 146004 67981
1 137371 122738
1 55024 108912
1 15059 176819
1 18989 111812
1 195681 65440
1 196851 64483
1 114831 121265
1 158437 133913
1 32896 125413
1 196720 46680
1 78044 129866
1 41940 109597
1 156799 81864
1 63347 157794
1 177186 136629
1 136218 163398
1 75081 133012
1 22221 23929
1 9263 76719
1 60440 28588
1 89391 107543
1 114835 50873
1 120116 36856
1 20021 157006
1 79459 150947
1 73821 145439
1 97990 170710
1 99292 120972
1 190972 65422
1 115207 91536
1 81887 50832
1 96315 4461
1 111862 3380
1 12273 145300
1 111581 173299
1 116868 54680
1 125553 157042
1 74944 36117
1 143296 88014
1 127342 133853
1 157616 164778
1 87005 195299
1 153710 63991
1 88946 133931
1 45658 86212
1 108275 136818
1 104753 196230
1 3088 68826
1 89659 171369
1 107699 14744
1 152629 25943
1 161226 46368
1 96001 92040
1 165458 112145
1 97677 101962
1 47013 30366
1 93505 154195
1 193223 46909
1 93869 193349
1 17773 169619
1 141745 156161
1 139472 112862
1 183662 125743
1 45937 73316
1 68142 119115
1 105068 63389
1 137679 31348
1 117249 165853
1 9526 85233
1 120032 192836
1 60657 106437
1 139317 117993
1 24236 104949
1 118260 59267
1 24665 71831
1 22886 43610
1 55001 81565
1 129589 25518
1 11056 195938
1 159861 164261
1 44008 109492
1 16371 153147
1 64452 108769
1 118978 174309
1 105895 139079
1 62594 42630
1 38406 43735
1 115827 61654
1 146123 108457
1 69371 95183
1 31819 4870
1 56629 473
1 50859 172849
1 63355 108792
1 151886 117879
1 106740 108532
1 32257 185529
1 9441 172234
1 109546 47992
1 100388 74257
1 166382 134240
1 121810 186735
1 116322 23319
1 88186 64381
1 175861 70663
1 125174 61815
1 130716 160169
1 134705 19304
1 178237 37269
1 3641 80214
1 198815 59848
1 124104 198890
1 57362 145973
1 44365 9890
1 41691 133646
1 176832 189434
1 17378 35156
1 4325 135255
1 70879 162013
1 41184 196278
1 170306 52902
1 162618 57749
1 103010 158617
1 117107 103264
1 133161 142752
1 108424 156766
1 51453 92651
1 34630 48925
1 131313 38973
1 168976 107931
1 146925 170237
1 198061 182454
1 151643 161596
1 98518 169366
1 186388 104130
1 83070 3417
1 40138 13342
1 73889 84927
1 56503 176174
1 178322 161431
1 1605 85803
1 57344 69354
1 135487 82872
1 35465 78438
1 78840 44204
1 108993 193933
1 114618 89885
1 168068 83103
1 59889 14576
1 37306 53380
1 142617 163614
1 42603 143230
1 75237 197193
1 63811 112911
1 124593 194879
1 39975 4135
1 125803 84045
1 68024 48785
1 15613 137928
1 28775 7709
1 176765 188248
1 195322 171408
1 179864 38726
1 194333 161995
1 123836 99399
1 19692 173498
1 23174 118536
1 84543 41982
1 77739 76668
1 110776 116508
1 98858 162405
1 83145 59366
1 65521 122399
1 145225 63018
1 127567 53362
1 118328 153947
1 172762 64793
1 24400 38333
1 57313 29007
1 91855 47956
1 148500 31577
1 15170 6606
1 7411 86169
1 108244 191599
1 50292 99858
1 61846 152638
1 60537 159927
1 135953 144430
1 15281 134073
1 91786 172111
1 13773 135184
1 96661 310
1 148198 97800
1 167197 49578
1 49708 8912
1 10290 20240
1 108754 135232
1 93204 55641
1 78776 33769
1 14527 42090
1 189721 168289
1 139384 84172
1 57589 158797
1 20566 115734
1 99522 43122
1 29716 183895
1 119887 124215
1 115990 105479
1 155256 5693
1 160825 32304
1 15569 82658
1 56352 15001
1 98956 125073
1 163004 155828
1 55213 92878
1 129755 124104
1 172912 140673
1 20596 172256
1 160504 146497
1 61937 112821
1 68155 61858
1 119934 161562
1 139949 62465
1 114642 173351
1 139114 104335
1 12475 75496
1 196455 92509
1 119471 37958
1 93467 87655
1 198095 151093
1 61546 80739
1 40190 153056
1 150802 157771
1 82530 192337
1 83289 25833
1 176122 74085
1 155318 52514
1 170977 23728
1 144319 6662
1 33378 95981
1 139219 77399
1 74620 84904
1 11080 151064
1 99511 96047
1 193048 194648
1 147560 172342
1 75911 53566
1 175808 93257
1 67288 49943
1 88540 77560
1 114416 128029
1 146248 134973
1 195978 7242
1 42965 168945
1 158365 107613
1 83293 153584
1 68363 84012
1 130900 172682
1 53067 120748
1 50257 116204
1 37145 182076
1 115036 163981
1 50652 101560
1 954 34269
1 188824 59196
1 192439 107691
1 128085 127286
1 115124 105685
1 96271 34865
1 125233 82869
1 132767 59807
1 54684 10314
1 141930 67047
1 191386 101605
1 96456 130864
1 97684 139221
1 64248 16812
1 72070 123668
1 2370 156136
1 123076 111731
1 151084 19730
1 102414 97667
1 83296 189772
1 102357 161541
1 56797 124272
1 76302 42837
1 149662 146724
1 168182 85074
1 12616 27616
1 145830 53584
1 4376 96701
1 12953 180738
1 146635 159424
1 118972 123170
1 110479 178535
1 137461 80674
1 49706 141875
1 163958 68952
1 20649 192502
1 117316 103461
1 64012 161374
1 185731 48039
1 12848 197187
1 51012 5408
1 174141 139374
1 141585 136549
1 187857 44458
1 172152 131211
1 73580 178383
1 14230 62287
1 51037 7948
1 2662 142788
1 94444 183732
1 192970 154626
1 142793 96588
1 181080 76429
1 31733 38228
1 129513 107012
1 181551 100948
1 103134 106572
1 7713 131625
1 11763 63035
1 82956 77136
1 154440 111816
1 29361 161394
1 179245 56306
1 174850 35824
1 36078 95344
1 34825 155568
1 5856 47514
1 156886 125288
1 16490 185494
1 23406 110826
1 16151 18949
1 111345 193009
1 187931 188142
1 195597 48171
1 180643 142186
1 68705 92359
1 33186 10001
1 82868 98496
1 166489 61413
1 5336 121130
1 169702 71102
1 25176 152381
1 166800 119606
1 118441 123040
1 143570 19862
1 34128 175863
1 57638 109888
1 175120 148527
1 137939 73886
1 127703 36425
1 195450 164490
1 169577 42726
1 63965 120703
1 35340 183250
1 56497 121471
1 89717 78355
1 127526 145286
1 73459 157363
1 8563 79024
1 172187 66828
1 171559 114022
1 165171 33428
1 59885 9231
1 83619 54441
1 101984 127988
1 88920 132446
1 166799 196851
1 87418 119493
1 21266 190440
1 106897 106495
1 153294 179480
1 110643 188099
1 135365 18401
1 15665 153707
1 29601 179038
1 96962 34117
1 121154 52895
1 107568 197208
1 55621 95304
1 12289 119092
1 106712 74376
1 27881 35263
1 161211 21629
1 9006 180926
1 121497 151013
1 171611 22112
1 19335 131401
1 125993 977
1 8603 90853
1 47402 68733
1 100273 124122
1 49464 30818
1 176378 132119
1 84573 187228
1 139718 136261
1 66308 99947
1 41427 49714
1 135072 67271
1 28950 72448
1 70491 177638
1 113225 121487
1 177282 2253
1 180213 171240
1 187631 170965
1 173953 166379
1 147702 113536
1 114556 153851
1 35347 47548
1 23784 187752
1 106964 3191
1 156999 49757
1 11651 6180
1 181738 18826
1 188759 94028
1 158199 130773
1 59867 142872
1 139130 17724
1 1630 99421
1 7663 89166
1 90396 195305
1 146575 41611
1 64429 115405
1 186777 124121
1 186349 62827
1 126563 4520
1 180587 193922
1 43937 51879
1 181526 39223
1 38324 34985
1 133092 29606
1 14326 154386
1 189893 179754
1 31237 153478
1 176967 76841
1 13838 126227
1 161354 89826
1 101340 69982
1 105703 75451
1 147681 156619
1 55069 165126
1 140612 55089
1 67580 31828
1 101227 123773
1 38293 119293
1 173514 192101
1 73761 175406
1 75757 76880
1 4144 46196
1 192898 16708
1 136533 85512
1 127530 102160
1 183760 55003
1 174337 162042
1 150525 80483
1 171948 71275
1 196539 103334
1 148706 3546
1 156958 118854
1 157694 171446
1 175064 74702
1 114372 12312
1 100389 68540
1 160049 16360
1 11766 79503
1 125256 104909
1 138785 83731
1 17178 191707
1 178311 9962
1 102550 159033
1 57541 123228
1 157777 72912
1 131934 189154
1 174614 70330
1 135529 57648
1 43953 426
1 189559 132033
1 49529 162520
1 106376 49127
1 133213 151536
1 177646 133331
1 144240 2427
1 68097 134433
1 8695 23118
1 38981 96743
1 197170 117873
1 98840 185855
1 82920 88594
1 117728 101459
1 77112 131499
1 32245 71337
1 156765 179121
1 176842 130735
1 158594 54399
1 57249 84424
1 85319 86850
1 171312 82967
1 26513 185957
1 179470 156555
1 38552 52415
1 54115 111531
1 157933 108732
1 78095 68580
1 115210 187145
1 66968 134225
1 187679 28612
1 162009 73930
1 159642 174627
1 28202 12335
1 138166 196899
1 134538 111478
1 20423 51892
1 48788 165748
1 138628 84323
1 81825 173864
1 96726 169864
1 174521 18830
1 45664 160497
1 41984 139554
1 198607 187725
1 100190 77299
1 147556 83805
1 160815 91754
1 31807 51160
1 133933 103962
1 44590 93150
1 26266 164042
1 137910 150304
1 5490 22017
1 13409 5773
1 107600 181713
1 176776 196928
1 62112 110887
1 148003 182183
1 113541 152146
1 178830 147767
1 17802 104977
1 111902 51406
1 132622 96226
1 180453 61033
1 97388 178632
1 115649 100807
1 194473 149916
1 67628 34525
1 27618 159639
1 122239 60923
1 173365 140958
1 107655 32062
1 164590 158415
1 126605 151480
1 13748 179019
1 63072 63581
1 99509 76228
1 19494 21615
1 57551 139657
1 34211 184364
1 16064 150800
1 584 195190
1 43408 77251
1 33728 60610
1 166204 196749
1 26166 194821
1 146343 182566
1 17963 65884
1 136380 185757
1 45623 72443
1 80231 168358
1 13469 36312
1 47093 148068
1 91539 111960
1 93448 75896
1 173266 33786
1 47295 65162
1 6235 85699
1 22437 65495
1 83786 28073
1 92505 154940
1 108896 83843
1 91389 8258
1 144331 56433
1 36771 4650
1 20024 174088
1 74037 185530
1 39644 189185
1 63331 9416
1 174462 98530
1 197010 196871
1 37321 56492
1 76547 46799
1 189329 3974
1 22209 120177
1 45540 107753
1 67663 192060
1 173458 28878
1 154705 99145
1 58623 100693
1 39610 30669
1 110761 40631
1 136629 1888
1 146229 190894
1 163287 10377
1 111231 41187
1 53957 55309
1 162785 61144
1 165730 153079
1 69635 198295
1 31868 10537
1 101219 62042
1 120055 186084
1 130471 70780
1 152186 154068
1 85601 118048
1 54424 31391
1 59873 182304
1 187137 83888
1 66369 71289
1 186602 12543
1 130413 187188
1 132538 147554
1 17905 178264
1 189622 112985
1 167112 17678
1 107247 183574
1 139618 95124
1 144234 73100
1 31861 126310
1 150608 141050
1 8198 129130
1 73751 89784
1 158969 174299
1 124272 139201
1 195032 8824
1 138546 170816
1 192481 138286
1 162183 116448
1 52307 36226
1 36950 7694
1 136121 165891
1 146032 130833
1 20087 21679
1 187134 159054
1 38740 70373
1 110443 82772
1 174217 28171
1 179790 107439
1 64649 42688
1 95514 165035
1 190353 158149
1 109193 2855
1 76914 41063
1 30342 114076
1 183644 115888
1 179546 131630
1 141997 147854
1 71897 167410
1 124666 40452
1 182605 185855
1 38365 34959
1 141667 11130
1 143040 118043
1 84692 130205
1 152424 178024
1 49239 180487
1 155077 180983
1 59206 13578
1 192505 152121
1 70285 52273
1 52966 84921
1 78041 74128
1 150525 67976
1 83584 178256
1 89988 182377
1 168942 121274
1 114088 99710
1 78096 185667
1 162435 27763
1 17155 193625
1 15855 89705
1 138815 105133
1 118411 84261
1 12416 49154
1 45901 100154
1 32886 18100
1 77769 30836
1 20973 116172
1 149376 53191
1 153215 67267
1 187053 12215
1 121720 173333
1 42316 31944
1 117130 10248
1 16043 12777
1 118386 105148
1 110645 57372
1 113578 150197
1 100988 16425
1 80657 172710
1 59015 13124
1 38167 180096
1 113884 123
1 159277 166651
1 113488 53476
1 45357 160996
1 70604 39878
1 176261 169000
1 35297 14151
1 65321 120544
1 105680 33942
1 56249 162589
1 60179 199258
1 199217 164853
1 87408 47642
1 63632 98127
1 114814 46254
1 90442 70827
1 175032 48229
1 193265 163957
1 100674 128120
1 16673 186187
1 9402 129711
1 55148 99852
1 148673 151122
1 97349 92068
1 61769 17939
1 85488 86677
1 16032 102969
1 103082 179976
1 18750 39632
1 2709 168020
1 135755 144463
1 198566 89934
1 14069 80906
1 196370 24529
1 74160 165977
1 129717 55311
1 52686 28680
1 54405 190105
1 181953 58945
1 187959 144619
1 53998 96374
1 178224 18236
1 90165 12179
1 65902 119876
1 74174 131555
1 156727 157646
1 169542 125185
1 57667 116736
1 142058 84802
1 84582 39464
1 114930 13793
1 157312 162185
1 150497 180075
1 171368 76774
1 22588 52716
1 156757 76814
1 24665 172825
1 114959 145257
1 19946 187070
1 112406 46849
1 66953 44907
1 68752 142548
1 168838 166043
1 83833 192793
1 75055 129253
1 16454 69137
1 80991 191847
1 143066 35280
1 162122 45551
1 59309 99916
1 103752 109099
1 112761 151333
1 198368 147986
1 158694 63668
1 19990 189332
1 29816 69721
1 190519 134272
1 45304 13951
1 70756 146037
1 166048 94835
1 146077 88843
1 107722 98597
1 61200 99458
1 1435 108157
1 169314 92587
1 32812 99554
1 126525 146517
1 170425 138055
1 176411 116987
1 108621 116214
1 136017 192300
1 65070 84065
1 125983 154938
1 191877 131495
1 140727 56423
1 96784 37347
1 11916 72141
1 9995 170684
1 85853 51724
1 152155 38120
1 104257 162169
1 69245 21505
1 118260 52997
1 431 61196
1 81699 46699
1 164189 11271
1 78901 10590
1 47118 60211
1 148058 187890
1 86224 68707
1 187864 49033
1 50657 46788
1 142547 109441
1 91615 17389
1 131037 63388
1 48114 189992
1 135422 171056
1 27576 14208
1 149893 191696
1 11825 111885
1 7183 151546
1 154732 56126
1 79255 57090
1 105970 195943
1 38784 109310
1 40945 147212
1 76638 190387
1 186731 55852
1 136523 84416
1 159264 144720
1 35560 141962
1 88440 28629
1 178034 104680
1 118837 156600
1 191495 24463
1 80665 114466
1 26936 147968
1 171348 24628
1 15442 37808
1 177905 157077
1 165607 36151
1 13376 153657
1 56354 509
1 123078 194867
1 99723 184739
1 119780 85950
1 138647 78894
1 54726 117768
1 101876 8312
1 116237 197953
1 76499 131034
1 33662 167714
1 154422 103188
1 188523 9601
1 127676 113792
1 16162 66516
1 55786 1078
1 45206 78467
1 44412 175808
1 69579 186418
1 195244 9472
1 126405 60943
1 20930 186464
1 171954 61977
1 99677 5178
1 127318 99442
1 111168 147529
1 111736 99494
1 94624 59280
1 183691 16636
1 50541 141322
1 10975 191740
1 150559 77777
1 96841 58689
1 105603 45970
1 197840 82305
1 159878 70833
1 172953 134810
1 193856 166136
1 62293 12447
1 64708 124742
1 93482 101156
1 64935 31477
1 102047 121862
1 100239 14476
1 178827 130749
1 176062 62566
1 37055 121190
1 154399 67810
1 115827 124684
1 188816 179788
1 173678 125239
1 29168 7180
1 24954 124664
1 45674 113038
1 72072 189043
1 180034 125234
1 19231 117230
1 106912 144948
1 94538 68569
1 171226 7902
1 92675 72029
1 63303 100972
1 11930 35946
1 52289 91648
1 66602 107260
1 20474 173383
1 167550 10349
1 168130 7403
1 24127 164480
1 12183 112954
1 134625 79021
1 140783 109335
1 181903 38697
1 28802 125856
1 26579 194871
1 192154 136287
1 186250 64628
1 120927 20916
1 169992 128287
1 124126 67010
1 127176 195688
1 169306 89241
1 117526 58234
1 130645 9637
1 187008 57547
1 79712 12885
1 147002 93604
1 161570 183821
1 139920 25132
1 44005 146383
1 148178 132153
1 182951 7335
1 65850 166937
1 157407 126295
1 47073 160158
1 62925 198722
1 77155 26536
1 156359 77660
1 14672 65463
1 56833 75857
1 155413 177393
1 169373 37941
1 138729 155312
1 41395 43564
1 161788 115920
1 28514 35547
1 154333 122743
1 94872 172110
1 188650 26469
1 52958 165355
1 134717 190654
1 197479 187479
1 165077 53973
1 15770 181159
1 60035 508
1 11549 117001
1 66582 188617
1 52581 185267
1 149064 52586
1 82235 144269
1 6570 166252
1 53137 176987
1 164749 65736
1 49157 129325
1 36914 4016
1 115061 6409
1 56565 2200
1 33795 39321
1 75509 46535
1 47594 3473
1 111878 2400
1 40834 50852
1 14235 86188
1 119504 186216
1 55342 144234
1 4114 11142
1 59314 165465
1 119689 96038
1 47290 134341
1 6919 181914
1 150186 185488
1 198011 52874
1 67935 106307
1 34234 67936
1 195163 46294
1 35408 26228
1 56947 64955
1 118280 31418
1 107260 119793
1 65208 2986
1 170483 142919
1 132559 18481
1 81067 123055
1 124451 90262
1 199741 127237
1 115574 25647
1 137451 176672
1 141193 3653
1 37972 119896
1 130724 10372
1 78943 188312
1 148260 188455
1 53601 136166
1 118406 5795
1 23249 66929
1 93106 196755
1 161327 106714
1 86859 106148
1 152623 198277
1 191926 121282
1 63020 1313
1 131817 41090
1 44427 145142
1 12470 190673
1 129133 45935
1 29016 111133
1 48089 12200
1 168381 57282
1 130344 4089
1 192788 157111
1 105202 33987
1 154329 83770
1 124793 378
1 117150 153017
1 41365 57140
1 64411 37250
1 199712 52593
1 171129 148013
1 106915 137387
1 5020 13000
1 193984 105183
1 37167 77763
1 7009 84380
1 34292 53917
1 55520 160331
1 77387 61454
1 188472 89216
1 176962 199030
1 76203 103488
1 41823 11654
1 26293 169043
1 18602 94190
1 86642 140172
1 32062 134791
1 165643 133078
1 43472 155265
1 66919 76033
1 86016 654
1 32015 90956
1 57504 197968
1 41761 35061
1 144387 128705
1 193337 28415
1 12296 110113
1 24477 14212
1 13990 64037
1 79016 63291
1 169914 87966
1 174648 6730
1 51790 8871
1 37148 177936
1 169580 94547
1 61816 106412
1 165924 19734
1 155579 186834
1 93146 100147
1 157123 54991
1 136851 23846
1 175630 123545
1 4033 52050
1 186789 38621
1 198284 95085
1 22084 105219
1 122211 18218
1 55628 78917
1 101316 176295
1 142380 76592
1 11656 46040
1 107341 192825
1 12082 152948
1 25469 190851
1 143929 176286
1 186910 85744
1 15188 149078
1 155280 45862
1 186565 6433
1 177564 138467
1 489 101174
1 140194 5956
1 67263 111466
1 35717 78674
1 69366 95006
1 155797 123471
1 8251 31911
1 81405 45375
1 88835 64446
1 122541 99194
1 106518 18409
1 61131 109872
1 43869 152618
1 42006 141309
1 82669 126182
1 64730 2863
1 102804 195672
1 114138 154966
1 35043 104950
1 90747 65100
1 124157 109220
1 37869 9668
1 74142 92568
1 3679 120343
1 160943 16078
1 35684 112652
1 181513 56557
1 5600 120232
1 119687 59512
1 54839 107127
1 183505 196409
1 166135 19801
1 41766 68203
1 81541 83216
1 7402 136679
1 53765 18824
1 33776 106513
1 41038 104552
1 195273 98435
1 84877 59545
1 76941 30458
1 46392 135124
1 123305 15232
1 22198 169264
1 167274 173338
1 104205 40363
1 121992 41330
1 125260 146424
1 138998 133127
1 29945 133835
1 64042 42387
1 116605 55777
1 196008 111229
1 3407 130003
1 166547 114688
1 95774 91164
1 174198 81948
1 118019 188968
1 172303 103163
1 16806 27551
1 14301 51942
1 156079 12338
1 185771 94633
1 44911 37797
1 156893 23876
1 27344 131422
1 80379 67540
1 3770 13165
1 700 62912
1 37639 114268
1 93972 95656
1 106026 38328
1 96449 199754
1 31451 92512
1 103634 195959
1 71686 69774
1 118520 74870
1 70068 104291
1 171602 165303
1 98874 161720
1 172531 164922
1 53984 45986
1 121142 165824
1 100244 26052
1 110789 84978
1 188688 192731
1 170214 73553
1 185417 196166
1 72519 90270
1 143834 199829
1 9739 27722
1 185008 165204
1 36628 110113
1 188598 31319
1 93075 128114
1 24387 84872
1 197647 156737
1 149891 58606
1 59443 25777
1 136099 148992
1 93530 65836
1 109569 112106
1 150046 182548
1 106899 121886
1 31007 119535
1 135318 123615
1 104977 96526
1 90746 66826
1 31753 62398
1 199756 184230
1 521 73267
1 92836 189869
1 181770 123250
1 163344 137179
1 23753 147965
1 164031 79350
1 47444 114308
1 41202 13855
1 67542 7050
1 5216 27927
1 145890 45589
1 86185 114261
1 161661 39514
1 169918 9031
1 37486 178791
1 52622 106727
1 56266 403
1 111668 66240
1 94971 6115
1 55646 1984
1 81616 101118
1 156033 68800
1 49995 184659
1 20603 195730
1 131878 99337
1 46217 31242
1 49063 17320
1 46570 10000
1 154086 169541
1 26515 90852
1 182300 154739
1 67988 139699
1 94127 136744
1 163338 186201
1 158650 126829
1 127111 71862
1 104610 182731
1 18111 168886
1 169238 33906
1 39348 176348
1 145638 127659
1 64996 13775
1 128647 122112
1 21425 186471
1 88293 45289
1 115600 71545
1 43883 113914
1 150326 71905
1 166799 76940
1 194624 31119
1 43873 108265
1 64738 15893
1 24340 98876
1 125906 96048
1 152142 139127
1 87413 29908
1 114989 114630
1 50250 158909
1 111642 41589
1 7830 14259
1 179282 29213
1 2703 109405
1 10866 137428
1 40333 192521
1 119938 1493
1 141933 37371
1 128454 160109
1 118279 820
1 137857 165672
1 70931 37572
1 181450 120572
1 68503 12307
1 9939 76468
1 39252 137900
1 119671 165535
1 196849 163851
1 3972 113017
1 142823 37673
1 83017 78745
1 92335 51269
1 138722 150365
1 123305 174516
1 83457 195923
1 9742 96684
1 31359 163049
1 122264 77389
1 15203 39511
1 142512 150129
1 33073 16203
1 168472 29877
1 122999 102102
1 168410 193800
1 98772 41685
1 176 130164
1 51401 121185
1 166197 36779
1 150149 52795
1 127628 82195
1 47915 123378
1 30223 180500
1 161830 4502
1 190139 28769
1 136816 117410
1 153 153029
1 159583 59877
1 45232 120432
1 73969 156338
1 136553 166466
1 131545 132297
1 16898 167895
1 73162 115461
1 138423 13075
1 122819 16710
1 118382 18224
1 132572 124513
1 61346 18949
1 169423 64263
1 94418 87001
1 91978 119988
1 141483 116584
1 87668 184153
1 58930 60020
1 56830 36939
1 25270 110864
1 24108 125997
1 189365 77865
1 123619 119131
1 157070 132118
1 89909 45976
1 156903 67618
1 36267 53242
1 189087 79510
1 107346 88468
1 163319 11532
1 29641 172453
1 8316 187441
1 68105 107327
1 110456 127578
1 93877 53690
1 77401 96075
1 93092 165721
1 19554 97027
1 42989 22716
1 121680 95564
1 44467 142536
1 45455 32001
1 175984 57044
1 168671 69408
1 3590 138454
1 160449 168339
1 116612 122765
1 149094 170425
1 36149 82543
1 58329 124730
1 57839 119253
1 875 6922
1 84122 77989
1 98079 77757
1 194047 51649
1 29719 142156
1 145876 145134
1 52223 38
1 91397 49031
1 39928 53819
1 180292 113699
1 50439 65989
1 179155 97923
1 118719 146455
1 166033 171585
1 34796 126187
1 172484 107445
1 116418 11366
1 161958 126954
1 98885 14574
1 129010 70400
1 102906 156271
1 132976 97698
1 29645 93289
1 174975 110251
1 191619 52798
1 151011 55444
1 176803 4347
1 18511 97890
1 21473 38500
1 78069 70605
1 49739 190597
1 123659 46131
1 41911 129398
1 191263 185918
1 7916 72878
1 57502 173011
1 25168 31500
1 98081 57916
1 147922 105377
1 168249 185240
1 8345 107778
1 43900 28866
1 118828 88972
1 199760 142975
1 148003 160376
1 1272 37227
1 175885 98529
1 191772 32549
1 37923 135955
1 19358 183226
1 85741 144535
1 82138 58768
1 20787 70268
1 16828 33748
1 6183 69543
1 11273 186854
1 179664 95966
1 155750 60931
1 161082 146449
1 87022 172723
1 88348 83306
1 151346 144051
1 74378 64279
1 190417 64741
1 166812 146261
1 147642 12279
1 185502 158270
1 188926 145361
1 179002 162454
1 134748 161475
1 172450 91283
1 173703 6637
1 151554 14955
1 142074 108272
1 191525 16738
1 15679 10326
1 176614 24659
1 91196 164350
1 35866 170878
1 123967 61770
1 75580 153555
1 160780 15371
1 112793 161918
1 163300 12717
1 147325 161587
1 72791 122463
1 198045 109628
1 52172 36358
1 13574 4352
1 84816 58210
1 192133 4694
1 161054 123136
1 1112 33482
1 25710 13090
1 171413 168303
1 149185 52204
1 113882 99685
1 87659 196112
1 105461 21805
1 66785 54459
1 36884 21995
1 32901 72321
1 79854 163770
1 26544 10375
1 131059 38646
1 44863 118960
1 24882 13893
1 107617 148937
1 126858 105384
1 65695 110520
1 108499 33473
1 117293 115298
1 171213 58213
1 126192 177693
1 199241 166243
1 82640 178965
1 115223 50005
1 75839 69698
1 129583 80678
1 64138 67529
1 88995 41572
1 6688 185009
1 96836 105033
1 166816 138890
1 64468 145988
1 136232 10713
1 40493 187405
1 106075 61126
1 134127 44136
1 76402 44745
1 58479 79033
1 98502 98322
1 179934 178121
1 191069 12472
1 6007 67992
1 198195 41573
1 154029 139555
1 1418 163455
1 151572 198647
1 116405 14617
1 1678 129527
1 169312 58331
1 32185 43882
1 178340 51119
1 11799 22921
1 39626 171310
1 100222 22727
1 117342 120650
1 188929 33377
1 5494 115069
1 143006 12135
1 5826 123697
1 17449 155019
1 167958 30513
1 51448 173482
1 89013 29904
1 198992 158425
1 24672 86168
1 52560 127409
1 27936 191989
1 40413 50462
1 38160 162659
1 61518 64612
1 195950 164117
1 97624 176498
1 164963 198439
1 147068 63596
1 59920 50759
1 52271 93939
1 77979 89503
1 65417 58680
1 175930 86021
1 96819 39681
1 122880 152806
1 63627 158010
1 159398 170224
1 13337 131263
1 6043 89216
1 36983 100713
1 15374 37835
1 22907 37719
1 67835 69136
1 71273 126462
1 198644 156541
1 167127 144564
1 85170 82401
1 72800 118457
1 90908 173970
1 187597 179655
1 57431 16159
1 150272 114588
1 24271 182649
1 8483 146885
1 85956 150877
1 188497 106541
1 119319 76612
1 193602 90662
1 133911 105807
1 9405 185974
1 120263 123181
1 143545 131621
1 87667 12879
1 111379 23750
1 159027 139918
1 9271 130500
1 2494 51482
1 106185 39600
1 16946 115686
1 121043 131912
1 193314 94034
1 168116 191689
1 29473 174873
1 181382 6647
1 64334 84476
1 95312 139052
1 146337 61038
1 8557 147807
1 59765 148289
1 37692 117687
1 91286 104592
1 113034 154896
1 80588 11631
1 52284 195277
1 107752 5392
1 186561 153055
1 66766 181687
1 121784 102932
1 96899 16608
1 153949 44259
1 95097 69102
1 153530 94519
1 58521 186840
1 62475 187322
1 25552 96399
1 181106 103011
1 46813 66162
1 162204 144963
1 85786 118
1 137139 166028
1 3784 59983
1 14341 94946
1 45087 188132
1 127221 86567
1 16470 64626
1 61153 26242
1 158000 149439
1 133075 98863
1 85064 168642
1 171563 62924
1 194590 11601
1 153996 83619
1 52833 112843
1 175751 112755
1 148735 67271
1 95749 145732
1 154155 76924
1 80376 129067
1 178286 157297
1 43651 127385
1 167217 144872
1 117928 42283
1 47242 30918
1 33715 183277
1 45637 197830
1 16422 51824
1 20276 62239
1 112996 11982
1 72762 195763
1 79841 94651
1 96532 133370
1 155017 8014
1 30441 129133
1 75376 1807
1 70803 127798
1 188154 23492
1 181357 191704
1 45452 171446
1 55520 197531
1 66802 81801
1 102505 119739
1 105426 15868
1 15533 152530
1 8657 94845
1 130495 136450
1 82692 122289
1 30768 58919
1 126489 85441
1 176345 60476
1 17287 147817
1 118245 190860
1 93747 53821
1 67682 128604
1 188324 37821
1 32201 16022
1 63977 130074
1 117323 123705
1 64136 10697
1 85662 132096
1 100523 178183
1 111433 197648
1 89606 127725
1 100972 19366
1 198668 79543
1 82771 135487
1 113939 154255
1 7420 188297
1 26244 143838
1 20199 194058
1 61831 74134
1 169950 98256
1 63918 184377
1 194244 69592
1 180129 14894
1 69986 101698
1 65738 36293
1 95087 195381
1 104961 118216
1 5536 144207
1 181690 163269
1 138032 100048
1 147310 116121
1 162482 46919
1 51719 124735
1 63572 50172
1 15119 197017
1 126134 78111
1 160219 6142
1 24492 58609
1 90484 142276
1 74319 138097
1 163846 25487
1 114890 16265
1 114508 155354
1 160611 45178
1 119419 69125
1 64520 11398
1 16046 190880
1 182876 12956
1 192530 175095
1 14787 113993
1 126483 42783
1 63210 113052
1 149766 179584
1 109274 113434
1 81432 10274
1 122877 26851
1 190711 43580
1 18993 115621
1 80319 137082
1 166222 13952
1 108519 30031
1 187571 69496
1 165165 182140
1 56341 76578
1 154751 92191
1 118473 139720
1 124267 131711
1 4433 101023
1 82505 143447
1 123878 16172
1 145063 7521
1 149574 138290
1 8885 125605
1 188285 31007
1 55346 102977
1 153592 134839
1 47894 167482
1 98759 127744
1 66114 102212
1 99635 106287
1 62373 34767
1 190913 151699
1 152879 173331
1 24772 146753
1 141819 159964
1 7401 91392
1 149624 73881
1 152767 116853
1 42904 116641
1 109318 33296
1 36733 54855
1 136314 147320
1 175265 198623
1 12063 2357
1 117444 19537
1 12686 31389
1 25243 106014
1 79296 93441
1 194679 182832
1 147547 136920
1 7923 146535
1 162043 192556
1 7778 173217
1 169411 120067
1 167097 5769
1 93091 119249
1 68984 125474
1 112299 169884
1 192734 114966
1 92689 190255
1 194893 86074
1 50239 177859
1 27963 31140
1 193889 22570
1 109403 47024
1 197613 171838
1 14219 85839
1 193331 136905
1 78463 105873
1 14695 90358
1 52270 61172
1 12973 62584
1 61307 29229
1 164068 179385
1 132198 46390
1 8502 157638
1 16628 171864
1 106206 53049
1 192220 53755
1 20154 60710
1 4083 7403
1 85971 78090
1 61594 168429
1 132970 76848
1 57254 64322
1 30918 150565
1 112464 122043
1 88955 69919
1 22110 2942
1 41021 84585
1 186130 164311
1 149541 36050
1 57681 70339
1 114178 113047
1 37014 52152
1 78243 149581
1 161560 93368
1 44132 132371
1 183288 96152
1 45624 170616
1 113967 77708
1 76086 62952
1 139896 165301
1 133670 152092
1 85370 193646
1 108685 129731
1 82360 96530
1 3766 39723
1 107900 168402
1 56068 58293
1 145409 113973
1 155830 194039
1 9888 73136
1 60601 168179
1 129725 162281
1 127796 92664
1 66354 124678
1 47119 81111
1 74172 96251
1 2821 102409
1 2533 32148
1 109420 59551
1 118962 106623
1 82243 19242
1 100301 179549
1 151611 68203
1 156981 134858
1 93576 84989
1 183204 96555
1 95657 153601
1 77825 21624
1 7350 127114
1 89928 160265
1 141290 84426
1 104694 52453
1 124401 122813
1 59000 94793
1 142259 8852
1 30998 135285
1 104481 30821
1 97820 194301
1 23296 117713
1 20234 100303
1 139635 42357
1 52797 123456
1 53069 162581
1 24348 101404
1 112343 26757
1 153095 23341
1 28383 196761
1 39484 105034
1 42882 158864
1 29516 484
1 153658 141628
1 49918 22861
1 37547 148213
1 176002 148298
1 39082 88767
1 161496 192603
1 187023 99000
1 119617 67399
1 22397 79622
1 65190 56749
1 39407 87681
1 36232 15561
1 179845 142876
1 191272 45251
1 34063 13082
1 78519 130750
1 55897 102638
1 103873 79071
1 149239 158386
1 160149 11483
1 28882 146957
1 164279 147910
1 109108 25631
1 75018 168218
1 179664 90798
1 99128 123268
1 160853 16470
1 121635 123317
1 101493 164716
1 6609 74151
1 49648 161395
1 53651 89390
1 138022 121730
1 31094 9345
1 78941 144117
1 96942 15753
1 60880 162195
1 89792 78889
1 61752 160192
1 64622 83342
1 76639 130340
1 120744 18425
1 7074 732
1 196721 96970
1 165126 144607
1 192783 128719
1 118527 117555
1 25783 43021
1 73084 158992
1 70135 78350
1 179190 67924
1 135526 13163
1 49595 61674
1 53001 110748
1 86390 12149
1 57223 123838
1 29313 112193
1 2831 188387
1 16813 123819
1 70408 12576
1 174353 114190
1 96570 157459
1 60113 186866
1 152378 129715
1 162353 91312
1 186395 181340
1 185178 172009
1 74259 25306
1 150507 183592
1 61739 125430
1 63684 47892
1 39660 184255
1 79631 5403
1 28870 31259
1 199759 120859
1 174082 69390
1 189997 75602
1 151018 8970
1 144641 20744
1 134518 36087
1 13022 35195
1 185146 75396
1 7520 30987
1 171407 88494
1 74298 192423
1 190719 74576
1 159227 114807
1 187893 195820
1 84064 22859
1 147619 78457
1 157024 197892
1 83061 27309
1 49459 142209
1 132215 12364
1 12005 145549
1 43330 128305
1 168986 142023
1 197164 44573
1 170145 121169
1 48112 39998
1 10877 143549
1 7323 163777
1 196402 11317
1 148281 176283
1 129101 55977
1 46656 172883
1 166647 159614
1 10747 194260
1 108219 33909
1 37433 139058
1 134869 89177
1 116470 196539
1 1789 125421
1 175049 38336
1 162932 147925
1 91408 98211
1 111823 61060
1 8985 134114
1 85761 153189
1 175058 137316
1 13870 180494
1 42739 193924
1 125485 62241
1 142187 197596
1 1372 6788
1 22600 196308
1 33002 90820
1 59370 110763
1 195809 124550
1 2025 82116
1 49714 124974
1 87174 127348
1 24902 114258
1 75536 55882
1 38210 135393
1 181783 84064
1 174938 81040
1 34710 87714
1 142745 21638
1 128028 25053
1 171375 190792
1 31420 183817
1 145276 36071
1 61302 58649
1 160731 92904
1 76837 181570
1 66611 58804
1 118697 135562
1 101434 194625
1 52760 138451
1 158987 90752
1 4384 61607
1 10793 59337
1 79360 151814
1 41427 99907
1 59112 156014
1 182155 154008
1 108269 15658
1 59106 111128
1 30642 169694
1 157190 85613
1 55571 32209
1 124494 703
1 90067 100540
1 80644 101352
1 4040 69714
1 90228 56858
1 100102 98704
1 29620 4751
1 39049 49351
1 169333 35506
1 159270 143591
1 83209 147788
1 66804 113870
1 58484 107889
1 168886 118161
1 18488 186411
1 51212 28810
1 89179 141735
1 120667 80291
1 96572 42463
1 122362 99489
1 39830 30471
1 32863 163700
1 124691 16956
1 2569 133502
1 43285 180201
1 107566 163361
1 110656 70844
1 15847 22670
1 21644 12744
1 177114 138763
1 131401 24060
1 170665 89797
1 45811 161540
1 79257 82774
1 12089 134654
1 79365 4056
1 77832 194079
1 111044 4778
1 75357 35942
1 45464 22658
1 129931 98050
1 19160 165876
1 141193 110463
1 10591 158658
1 97279 51383
1 176311 189412
1 103250 114806
1 158272 127193
1 29870 93614
1 110501 6766
1 16852 56540
1 121345 126862
1 83300 28858
1 22221 8139
1 77867 49831
1 149390 138796
1 122736 151380
1 21244 31927
1 43836 133679
1 83381 162561
1 104488 173269
1 117731 181683
1 70699 11315
1 71147 150623
1 21795 116029
1 182167 132291
1 109092 169428
1 181510 42460
2 199768
3
