200000
1 65722 93516
1 177652 8279
1 38677 4950
1 55634 139589
1 112110 12510
1 189747 115529
1 91992 76164
1 135153 152855
2 73845
1 192720 113213
1 129055 145170
1 179647 10584
2 34813
1 76214 72824
1 22606 92461
1 158274 65270
1 162913 54956
1 138517 175848
2 17212
1 16800 186654
1 66111 161479
1 25499 100849
1 121924 47621
2 33555
1 160471 75949
1 5244 18517
1 97155 115075
1 151250 26872
1 111779 40131
1 199728 140732
2 33061
1 130386 69875
1 82832 51694
1 162960 146481
2 109509
1 86559 81042
2 48593
1 39019 50470
1 187098 128748
1 38971 101975
2 6211
1 111742 54338
1 188516 161051
1 177545 193246
1 23128 33201
1 114108 100301
1 188048 12407
1 30437 197638
1 102929 43012
1 179526 150874
1 185001 28040
1 24147 189836
1 3792 59534
1 117293 22765
2 20671
2 156634
1 43900 144291
1 104246 71132
1 32253 164519
1 19207 36550
1 115608 157959
1 18164 57538
1 68533 103541
2 81610
1 199317 50389
1 187842 7128
1 35292 8626
1 125987 15144
1 95288 138203
1 9262 24258
1 1638 197705
1 152998 196190
1 153192 90823
1 79054 120936
1 82376 59649
1 107846 9786
1 27025 139434
1 74082 49493
1 68875 193043
1 36748 28065
1 71542 181129
1 134429 56358
1 149577 168431
1 106614 117451
1 37037 186013
1 172260 128206
1 118004 25592
1 19060 42627
1 78494 15506
1 57043 153105
2 73423
1 132228 188523
1 66751 195978
1 199115 175738
1 78865 101553
1 16386 194419
1 108495 76288
2 3900
1 22760 123938
1 175432 128177
1 168999 19667
1 112330 144194
1 128427 145384
1 141681 39790
2 51361
1 50362 127319
1 164439 74537
1 100641 139457
1 56893 127568
1 106949 110963
1 66622 198605
2 191009
1 183471 132886
1 185720 115755
1 193316 111538
1 59644 189836
1 102226 74313
1 11246 74785
1 150068 148730
1 129051 199026
1 105731 67047
1 35915 9842
1 134008 113489
1 37269 42167
1 195140 114741
1 99010 114171
1 162509 98982
1 192741 158291
1 57067 62379
2 192570
1 76085 133218
1 57571 110270
2 162287
1 191032 30445
1 128210 138247
1 93129 132023
1 180242 162721
1 99131 192675
1 180607 94701
1 88569 102853
2 89481
1 53062 36042
1 110907 117156
1 195754 121642
1 37357 31295
1 165485 72812
1 164428 146883
1 102381 177744
1 70687 191118
1 175955 54240
2 164781
1 73734 134668
1 115286 95257
2 140489
1 55639 12856
2 41945
1 185198 101511
1 128645 101839
2 88424
1 56758 20302
1 31623 73295
1 62929 55807
1 42049 54446
2 65652
2 15392
1 112383 56263
1 79640 80955
1 37475 140922
1 68547 95863
1 154914 100425
2 41237
1 100379 54692
1 29093 147665
1 4233 28143
1 191613 98734
2 125700
1 45547 136739
1 83822 85500
1 54376 14646
1 192612 73277
1 91856 54137
1 75774 166865
1 79991 58193
1 92816 61078
1 92413 184511
1 91356 100127
1 45545 109727
1 66773 198735
1 100548 73633
1 27411 137972
1 19767 100358
1 183638 89314
1 113576 66398
1 92544 12497
1 27218 86977
1 39053 69112
1 156515 163403
1 26133 54634
1 111963 99291
1 148228 91184
1 166498 164623
1 178584 4456
1 120809 169785
1 129244 31454
1 43461 112037
1 96675 193513
1 17353 18831
1 7304 104520
2 28066
1 170709 165604
1 33692 162295
1 108187 59664
1 45083 63489
1 52888 192028
1 187910 30312
1 171453 94224
1 72111 18336
1 19641 78051
1 86442 29314
1 75478 198328
1 157006 140270
1 142486 121184
1 125230 36896
2 62605
1 126254 158617
1 11294 99010
1 162680 38928
1 19812 181314
1 3656 13511
1 131377 164228
2 23236
2 58520
1 20163 172332
2 91170
1 69418 131543
2 10125
1 181355 66863
1 104099 55338
1 186230 28133
1 13634 13007
1 91382 14077
1 158 92173
1 86126 133907
1 15941 171323
1 138008 66284
1 100547 99725
1 121024 80822
1 59870 41013
1 1506 123899
1 139472 54203
1 119559 197863
1 137348 95576
1 188253 175355
1 32148 97048
1 129046 76689
2 20545
1 100153 184771
1 94694 189874
1 18471 162864
1 22313 117553
1 67984 151746
1 146347 12260
1 19485 191056
1 126836 143688
1 994 177343
2 189716
1 37879 74398
1 178573 69303
1 1471 56116
1 181384 43270
1 43136 186729
1 92325 58049
1 174970 113182
1 31750 1947
1 192403 67087
1 33917 7445
1 144118 181515
1 25093 124701
1 173803 46325
1 7419 68201
2 17848
1 40870 118625
1 4175 161655
1 112116 117077
1 131073 180985
1 184249 184526
2 107238
1 44930 20667
1 13043 135924
1 104524 148766
1 71051 191367
1 132567 106372
1 66842 52443
1 137486 52517
2 161497
1 14900 188941
1 110571 84710
1 78393 129052
1 106260 175139
1 96884 91117
1 198327 17617
1 173822 175257
1 145349 83116
1 51615 197846
1 145251 94921
1 163306 130108
1 95147 70127
1 170010 120249
1 55711 177778
1 117358 96466
1 156784 118038
1 78018 139996
2 149551
1 64779 82799
1 180530 129554
1 36237 100261
1 127846 17131
1 42713 72006
1 141526 48228
1 72048 9030
1 187997 147006
2 74491
1 109989 75123
1 133885 158219
1 142251 178958
1 145877 1168
1 73741 128568
1 83981 124887
1 59929 137073
1 165081 162569
1 47246 182920
1 156975 37536
1 30416 48117
1 20771 186731
2 20396
1 99684 85639
2 11015
2 32249
1 119042 178642
2 127809
1 101418 33712
2 192675
1 19538 179449
1 78699 107748
2 3616
1 125109 80905
1 3773 182922
1 195135 143607
1 172047 50312
1 162456 27851
1 122573 18013
1 53438 34317
1 52636 7541
1 16397 54001
1 76899 155644
1 102678 103318
1 128070 148993
1 168189 121535
1 99106 93516
1 4696 118800
1 117578 51197
1 198662 10060
1 171968 182374
1 179981 51086
1 190966 179754
1 169656 53765
1 99014 74391
1 186799 198772
1 196464 132736
1 32280 144810
1 187219 160415
1 26797 157054
2 192942
1 55301 54622
1 45997 53463
1 76809 134826
1 173527 130556
1 14720 3640
1 169436 33242
1 126374 190780
1 162302 73979
1 145622 145991
1 188116 30580
1 115020 180398
1 18409 134175
2 181786
1 132649 30296
1 172505 174120
1 35331 83365
1 33481 3825
1 4577 77919
1 186624 196474
1 159132 27571
1 5107 102612
1 195240 95762
2 150664
1 52547 106902
1 197782 77238
1 6910 146762
1 174032 172574
1 192948 71033
1 1570 35689
1 5469 9510
1 147362 153698
2 34441
1 81754 168897
1 139963 22266
1 162552 44747
1 3537 45955
1 148551 31008
1 193061 87457
1 46751 67762
1 180072 72538
1 133141 15679
1 150633 152340
1 33174 160271
1 162968 95416
1 132991 187761
1 38394 150344
2 124799
1 179507 186092
1 147012 189744
1 127753 10012
1 66419 151858
1 145513 97221
1 197234 37834
1 73754 153067
2 148651
1 74592 53143
1 61689 180770
1 142061 139115
1 4546 23725
1 154348 127626
1 98803 167352
1 169475 101298
1 173208 15993
1 182396 71171
1 79126 52400
1 70268 184923
1 72451 74402
1 192451 193910
2 23750
2 102004
1 15108 72925
2 82576
1 44805 122060
1 83161 143309
1 67802 106241
1 3519 55039
1 147294 120866
1 170523 11210
1 88210 80151
1 6149 183935
2 53754
2 167503
1 184280 30880
2 96707
1 107532 54580
1 81308 186887
1 78810 87316
1 85053 54643
1 174608 80854
1 123033 157012
1 54833 141552
1 83772 121353
1 23491 165488
1 155996 1564
1 54506 28275
1 89684 45789
1 64264 4003
1 63586 58752
1 65876 55925
1 4575 38969
1 131257 66786
1 16381 7446
1 99249 61861
1 151558 53405
1 180451 7862
1 5908 71527
1 102074 87365
1 23372 125499
1 164166 127033
1 39775 123951
1 182743 145130
2 66114
1 178947 27352
1 117961 60973
2 76690
1 147967 28021
1 98742 144614
1 42532 136254
1 22747 158818
1 136193 975
2 19452
1 163998 105320
1 52269 58045
1 104810 11523
1 42114 165328
1 159681 79250
1 121439 134291
1 176923 86377
1 142036 4201
1 101997 174437
1 54547 107227
1 53955 15598
2 69224
1 61633 103452
1 100065 127291
1 167539 6471
1 5895 37704
1 101576 105275
1 142783 51869
1 137354 38139
1 121051 123221
2 66854
1 105331 28802
1 1728 32806
2 47718
1 7554 175135
1 166016 45298
1 103372 172208
1 170906 147450
1 74328 76962
1 7875 40260
1 72071 46692
1 46517 31994
1 64433 183863
1 195250 18849
1 18396 49364
1 133477 47128
1 136126 195841
1 140412 138004
1 15285 112111
1 165509 92634
1 24836 34838
1 189640 82558
1 157135 121044
2 156324
1 27471 141401
1 118756 156717
1 172658 41212
2 156504
1 81030 189100
1 54211 15866
1 7192 138471
1 147141 101833
1 167840 7495
1 75213 69478
1 99244 149512
1 9879 156750
1 61245 138329
1 161093 147418
1 27519 19512
1 120191 82548
1 48776 131471
1 149448 110876
1 80467 152782
1 173346 60251
1 51901 186057
1 126948 127878
1 11393 117844
1 15449 121846
1 2736 40669
1 35035 131526
1 18997 67018
1 31216 101197
1 172487 44307
1 170981 82013
1 108590 15778
2 32745
1 16630 22778
1 9713 49196
2 122027
1 86595 32001
1 114292 170669
1 159950 44394
1 191871 40412
1 104712 119523
1 123895 174179
1 12265 28653
1 175217 92556
1 4224 55511
1 117278 198884
2 112785
1 21357 166346
1 15234 172078
1 112011 4117
1 75817 152788
1 112039 22064
1 78929 95560
1 104725 18715
1 181324 88114
1 50113 2333
1 191944 174586
1 99338 51716
1 19980 21217
1 31838 40991
1 146228 23970
1 153815 141433
1 141486 120458
2 97429
1 61981 143285
1 171689 22364
1 66425 162188
1 29552 63216
1 162518 65342
1 23304 37487
1 46206 119700
1 192778 152814
1 163749 135255
1 75614 93976
1 111496 198791
1 64125 78723
1 96713 19548
1 76645 142484
1 196869 73724
1 146781 118101
1 139319 123069
1 88171 3348
1 88146 71389
1 93330 36095
1 32025 119294
1 139217 111742
1 157250 135911
1 30873 93584
1 194891 68023
1 69902 181033
1 128476 196715
1 93825 32714
1 74654 130580
1 58475 43171
1 59547 87761
1 115757 26726
2 170583
1 15695 178375
1 70891 44398
1 7853 117079
1 178737 174895
1 188778 47251
1 58770 83128
1 13323 147976
1 147907 141586
1 176310 3029
1 29666 112015
1 175756 190627
1 39849 40418
1 77635 159463
1 74675 75839
1 186568 170266
1 173812 108660
1 37972 136566
1 60979 59911
1 39437 26933
1 12874 27408
1 185120 110406
1 142111 23064
1 69276 48080
1 101988 148787
1 142481 170218
1 186958 140763
1 136618 167067
1 107410 67598
1 172743 82959
1 99685 159722
1 1374 157978
1 126260 52742
1 51476 112176
1 118626 52564
1 165911 102372
2 178433
1 149031 66495
1 150426 144787
1 163855 23653
1 150366 148610
1 113715 112515
1 71072 152222
1 154108 147661
1 63518 179478
1 57929 19919
1 176934 98041
1 55657 8072
1 123370 183406
1 78425 156805
1 29087 28273
2 67775
1 4382 195931
1 104148 194343
1 77981 70190
1 46072 122557
1 75589 6593
1 159585 140042
1 190818 11054
1 111516 110707
1 182892 106079
1 177468 134704
1 126277 61802
1 147442 161609
1 49141 142572
1 90475 149782
2 188389
1 55831 19627
1 25286 15385
1 2348 150439
1 102293 40498
1 95500 39848
1 64572 186532
2 173589
1 71180 38409
1 75799 105481
1 13483 94723
1 131930 169870
1 170750 110283
1 98583 199334
1 155016 80692
1 173334 156651
1 70202 62560
1 175200 102606
1 192365 95644
1 147487 32784
1 196770 195453
1 126135 22401
1 107961 100731
1 27044 169081
1 92591 42509
1 106452 6932
1 134684 166663
1 118407 64050
1 199277 22384
1 105254 154159
1 126110 128424
1 54304 133406
1 63547 23673
1 1547 12364
1 171287 156731
1 125498 148979
1 13005 138157
2 139931
1 98206 185335
1 52225 125011
1 56315 67244
1 103069 151517
1 97835 179518
1 101345 190559
1 66143 24243
1 83039 144333
1 79366 25218
1 171115 112771
1 142954 48914
1 159964 136158
1 167566 43310
1 38150 21916
1 115205 142540
1 184246 35572
1 182100 180032
2 44271
1 79056 109067
2 3377
1 30504 70127
1 56904 42293
1 181977 60323
1 33609 103071
1 101894 48062
1 32686 55648
1 158390 75272
1 62134 22617
1 45265 164736
1 119850 195700
1 124028 148309
1 103895 24902
1 59195 54052
1 142092 171747
1 78216 94515
1 143507 111297
1 65775 107117
1 19956 74576
1 141485 58976
1 65255 49561
1 186121 197685
1 87448 118741
2 167346
1 98364 58145
1 38165 144410
1 80712 2115
1 43718 79442
2 58865
1 31007 172280
1 136896 45072
1 18383 20898
1 112794 3657
1 136943 876
1 67288 100197
1 54969 60843
2 15936
1 17348 7135
1 82381 165077
1 62457 135206
1 162414 165974
1 31817 145410
1 183539 166515
1 194608 126835
1 47511 8466
1 165744 116640
1 137264 128834
1 46156 91570
1 14541 117119
1 171266 55475
1 58446 163431
1 8268 167783
1 14788 146298
2 100442
1 93296 140682
1 70302 79305
1 57966 124834
1 63523 142183
1 144057 168211
2 80275
1 160265 24268
1 78199 97194
1 194690 160413
1 174563 71637
1 45445 64981
1 45848 190667
1 174469 126545
1 194705 25579
1 107026 150041
2 71943
1 192223 77296
1 164792 130099
1 32256 26425
1 196806 1478
1 6899 98165
1 105778 3302
1 161578 159608
1 144139 129514
1 140569 186299
1 128059 137240
1 75511 80894
1 87972 186910
1 194232 67230
2 12667
1 189938 133385
1 26353 189285
1 5795 74828
1 104293 171984
1 44464 107285
1 109446 148499
1 127904 15077
1 187848 114889
1 68528 183462
1 14682 162859
1 154801 177895
1 35493 195436
2 55587
1 135896 142087
1 46921 87763
1 69301 173969
1 31513 160050
2 94528
1 39556 57722
1 58585 1298
1 103753 197081
2 86081
1 151748 72320
2 59970
1 166129 26644
2 135896
1 118230 132737
1 113241 154910
1 35857 12440
1 36251 4198
1 23245 178888
1 122060 126865
1 145013 43586
2 148725
1 45922 133288
1 175802 143758
1 51594 145917
1 122765 48923
2 28828
1 52411 32302
1 63821 881
2 155727
1 7740 79732
1 85428 165452
1 91085 51214
1 47310 92203
1 116735 80045
1 124045 20872
1 58483 37933
1 52722 73534
2 113019
1 167546 167961
1 66139 23355
2 45460
1 11398 172065
2 34373
1 100414 72263
1 158299 10321
2 191501
1 165324 154441
1 49151 2102
1 144848 129855
1 134799 61720
1 118943 88784
1 154262 102415
1 151461 60806
1 74812 70329
1 172448 21565
1 182003 183467
1 65818 182913
1 13966 168238
2 88361
1 192874 74272
1 142199 117476
1 84765 152216
1 66977 163816
1 186317 160413
1 197125 123019
1 61043 172390
1 177585 80158
1 28821 156828
2 194325
1 31229 136901
1 78850 128480
2 39089
1 37764 79637
1 60783 81306
1 185774 142314
1 56926 14682
1 180336 195063
1 199201 139288
1 169664 189949
1 124687 50656
1 173423 168970
1 119575 81535
1 185855 182702
1 34439 194523
1 32323 103868
1 114237 48912
1 80377 128901
1 73900 101905
1 155045 112465
1 192658 46910
1 178031 171486
1 90808 129409
1 31550 120285
1 178154 91886
1 12117 41897
1 150521 3035
1 46061 147146
1 104430 24445
1 171348 43115
1 171600 156740
1 46022 41175
1 44377 3704
1 37257 199993
1 120500 68308
1 131214 154005
1 185018 126627
1 126662 84098
1 153838 176410
1 123586 157866
1 151991 19701
1 9295 92740
1 151965 35541
1 135504 133840
1 169286 35160
1 96604 403
1 88498 93946
1 79386 141461
1 32884 197868
1 168987 50392
1 23859 2035
1 156664 7834
1 163169 100355
1 45357 52942
1 107834 49564
1 2421 196566
1 42944 138340
1 83430 48772
1 70517 149574
1 44879 10578
1 44441 185995
1 140879 1120
1 933 9334
1 99321 38253
1 177160 168677
1 120678 143896
1 24609 154341
1 106714 43736
1 88253 41493
1 117659 140793
1 117074 8959
1 171470 54105
1 66940 149300
1 104595 58210
1 48695 22951
1 173218 150794
1 65629 136779
1 17830 97800
1 195361 184111
1 33818 176152
1 116235 53849
1 131107 68914
1 123893 37154
1 877 129862
1 183751 10962
1 7176 195964
1 8175 150460
1 196869 25066
1 88612 151836
1 161485 192982
1 29724 196846
1 135297 43438
1 156811 42898
1 55256 133380
1 18013 63134
1 7925 3854
1 197430 69762
1 40712 65438
1 46889 146467
1 136103 165982
1 185783 192945
1 45357 34831
1 176777 122954
1 74002 171715
1 64368 195092
1 45452 145752
1 190044 156630
1 186661 39862
1 124634 68887
1 21470 115724
1 178450 187897
1 9923 96839
1 137409 193176
1 163279 35795
1 161267 45022
1 14978 104214
1 32836 60906
1 114049 196522
1 113048 91554
1 22126 198618
1 102936 139988
1 52425 21023
1 35118 193684
1 183942 102172
1 58436 102034
1 117806 126424
1 113465 83834
1 125755 176635
1 180132 159505
1 153135 9483
1 2572 96206
1 13686 61543
1 79144 1013
1 49212 160772
1 119315 73210
1 38097 111144
1 137235 99029
1 23611 41189
1 112076 59938
1 63194 179799
1 152703 151292
1 146306 60063
1 80136 100249
1 199510 10721
1 39894 71783
1 178017 193980
1 80620 51944
1 174010 94921
1 199257 27851
1 166743 6359
1 115316 174092
1 159281 77861
1 79131 1870
1 62874 43424
1 104492 100215
1 134875 111518
1 98756 143756
1 54482 186779
1 17527 147276
1 176330 148018
1 35984 151314
1 64220 27871
1 144971 166438
1 149126 166964
1 199248 117667
1 134601 193753
1 120113 119376
1 4744 164680
1 181158 95928
1 6686 148169
1 101127 715
1 101312 90666
1 157131 193594
1 93076 77378
1 177088 39373
1 121105 154086
1 117003 43848
1 30552 189932
1 28448 187775
1 64530 60447
1 149765 18934
1 199050 172291
1 62787 23164
1 97933 144523
1 184301 68426
1 89664 9879
1 163989 118551
1 192706 122547
1 122252 198590
1 134850 41037
1 192921 70036
1 143394 52597
1 53308 121667
1 81166 58267
1 35685 175531
1 148438 122564
1 44783 86907
1 100051 30477
1 135266 193418
1 175608 97892
1 10088 185276
1 72695 193348
1 75470 56466
1 74647 198705
1 23934 192337
1 26196 118131
1 7931 132375
1 92278 144215
1 117086 183354
1 25972 27939
1 198224 163171
1 165259 70425
1 185992 57130
1 57243 137135
1 193541 74290
1 100418 7244
1 97998 34054
1 175932 13766
1 17514 152117
1 90553 161499
1 23451 38378
1 188992 179438
1 141726 180368
1 173700 191875
1 71912 76326
1 140229 175421
1 154778 76126
1 133993 86615
1 66246 133627
1 155098 160864
1 59046 164138
1 103522 57787
1 88537 116129
1 55238 55703
1 178400 18614
1 113056 110507
1 37913 52994
1 32448 144372
1 139514 125175
1 146628 92531
1 38033 21566
1 172918 17633
1 151163 66708
1 42918 136502
1 147042 179239
1 95817 127066
1 190779 185004
1 107473 34921
1 190207 74244
1 88077 73965
1 160425 88975
1 123907 185623
1 22193 53840
1 190027 127103
1 124807 139266
1 76463 14749
1 16722 34874
1 192385 49543
1 1322 32830
1 124476 171821
1 6548 37989
1 54623 147347
1 149245 85103
1 180229 197837
1 168697 181543
1 180937 188096
1 64701 73847
1 123034 184408
1 21466 5324
1 176538 76421
1 7164 105643
1 56700 90234
1 6883 28946
1 108765 125543
1 192225 106515
1 72674 37109
1 198676 9325
1 8084 90692
1 107108 65836
1 111992 43937
1 120895 120899
1 38131 13770
1 98196 133799
1 197149 37605
1 151822 178094
1 183780 104702
1 182803 137961
1 198243 57793
1 84604 169983
1 151234 67769
1 167958 134731
1 127953 78087
1 108377 89207
1 197152 18340
1 3112 67354
1 103714 187547
1 11785 65167
1 101698 90881
1 9894 66134
1 143749 76216
1 5955 58927
1 160417 34276
1 125634 169397
1 67676 189612
1 53205 79032
1 12585 125364
1 29186 13535
1 127040 120025
1 186652 135420
1 84412 88941
1 163136 134513
1 155321 176180
1 64014 113539
1 9582 183455
1 54506 35580
1 197769 52552
1 111667 160774
1 195977 48558
1 157122 51205
1 47072 157425
1 175461 110006
1 46985 191505
1 99357 34246
1 34983 194724
1 28245 116
1 156447 88277
1 19109 86057
1 94391 148516
1 184264 100055
1 16944 91226
1 114585 146386
1 71713 181772
1 108820 103788
1 37141 140179
1 5642 31508
1 17382 71242
1 148197 50287
1 59162 168904
1 7902 33912
1 141630 111775
1 9212 104405
1 56129 157845
1 36687 93115
1 59156 59170
1 35117 60356
1 72639 9387
1 184555 110607
1 90245 16829
1 62879 47959
1 118332 27020
1 92884 126743
1 9959 31085
1 99149 137885
1 50645 140945
1 193727 136301
1 100414 193028
1 193097 131161
1 82715 77093
1 196726 100958
1 183558 131624
1 166582 121409
1 71507 56905
1 10008 115883
1 109166 152723
1 140555 99713
1 37814 36689
1 172310 144136
1 148697 178322
1 53013 9528
1 113521 189539
1 69558 31774
1 140638 107977
1 97524 185783
1 109796 21437
1 15378 72203
1 118535 57132
1 59867 1799
1 60261 104622
1 197016 181598
1 119252 68741
1 104082 76770
1 46076 47961
1 182537 87838
1 53302 145267
1 124469 9910
1 141158 98040
1 102972 160514
1 59670 52199
1 23348 178024
1 140181 40341
1 119899 53816
1 199950 999
1 160659 2381
1 136428 90448
1 81762 72225
1 156525 62413
1 129194 107056
1 159045 43934
1 138277 118033
1 51382 172614
1 81188 66641
1 129069 87814
1 108553 14802
1 56159 159574
1 64450 58531
1 612 153828
1 83464 2207
1 26260 97937
1 24280 7243
1 72544 128104
1 128496 6443
1 5363 153121
1 44044 115365
1 114249 3606
1 123490 8090
1 62223 965
1 57628 5761
1 23613 86598
1 63189 26116
1 166960 84558
1 183894 101600
1 48267 5219
1 151634 71992
1 105552 153441
1 59232 141561
1 187450 94062
1 34616 102965
1 170845 38202
1 112624 171897
1 180353 109370
1 55544 53872
1 71035 191398
1 12691 36348
1 12174 24432
1 98071 1938
1 79681 164998
1 112488 24663
1 64322 61770
1 113265 194681
1 17018 73425
1 35748 75920
1 138097 70042
1 96627 195893
1 175204 61008
1 198606 121122
1 110564 139010
1 64478 142411
1 159026 90274
1 155778 63420
1 186840 40188
1 91913 168500
1 175563 171383
1 152624 27201
1 198271 80209
1 177629 180700
1 87754 192855
1 41116 153479
1 119549 181284
1 31448 29733
1 48190 22555
1 20829 44954
1 126570 179686
1 194509 175332
1 111274 70768
1 182496 159352
1 68628 176993
1 609 13345
1 160133 140249
1 138021 135893
1 159228 97712
1 178574 88473
1 199289 28460
1 33087 104599
1 69014 63747
1 196897 32765
1 189541 10642
1 14487 162584
1 156364 172382
1 27581 151090
1 176093 186634
1 118631 59561
1 162361 110296
1 124760 33297
1 198247 122404
1 8768 48779
1 185008 152799
1 63931 90598
1 60094 165832
1 199815 117238
1 31029 58992
1 36228 57203
1 98641 116783
1 163954 121685
1 186113 185633
1 96678 91565
1 148290 1190
1 42957 139270
1 95872 48601
1 116710 106428
1 128810 66128
1 250 65500
1 135316 110293
1 131421 61309
1 103889 133731
1 123690 8606
1 97745 23651
1 70011 156225
1 127417 93288
1 20903 91912
1 96577 191464
1 124416 141645
1 16594 26109
1 104524 33031
1 168672 111452
1 79106 121755
1 182917 108181
1 153672 145215
1 154783 139467
1 31852 74261
1 138411 136948
1 170465 12871
1 161763 127252
1 86524 139039
1 26453 179638
1 46382 84521
1 151556 3051
1 166850 72907
1 185668 15175
1 155290 176164
1 123153 128857
1 99750 142628
1 13040 128938
1 90533 21676
1 31177 30841
1 130144 185511
1 39043 170165
1 181348 140647
1 159969 76539
1 49855 186435
1 144029 188497
1 103422 164848
1 61827 21218
1 148197 69727
1 76624 122684
1 191535 119766
1 171211 16072
1 189704 18002
1 49699 163720
1 113800 197468
1 67914 87511
1 84337 166698
1 100306 134428
1 107691 92920
1 93445 79759
1 61694 26535
1 89866 183280
1 107281 172758
1 129077 149125
1 185249 143295
1 175087 156691
1 180229 106388
1 171527 174560
1 36897 134170
1 169687 150055
1 162472 156358
1 167963 16220
1 67286 95446
1 163982 102050
1 23213 158641
1 108679 151241
1 101871 139714
1 64787 97421
1 175517 172050
1 162643 83787
1 45806 71973
1 15447 112582
1 91730 113239
1 108604 193434
1 69993 165302
1 60995 75391
1 190334 137890
1 57587 167809
1 57161 120547
1 67825 23871
1 68580 90571
1 16285 140641
1 166284 23949
1 191024 135582
1 1115 13916
1 48531 105902
1 74500 31304
1 92418 177291
1 172048 78741
1 129634 127918
1 167767 193501
1 94560 182664
1 31426 936
1 72715 73791
1 8704 95882
1 50 108010
1 124166 82045
1 92417 168591
1 155019 83135
1 171801 151132
1 174787 103021
1 153392 50980
1 155482 94816
1 140136 109915
1 46965 65800
1 170674 28244
1 134565 85128
1 6884 30393
1 190252 139473
1 67161 77132
1 108340 189890
1 179850 111837
1 57356 159167
1 173227 9035
1 71653 45712
1 133191 45631
1 135820 199228
1 138783 88102
1 164394 142630
1 25408 74222
1 32634 146408
1 9443 193155
1 16521 181870
1 90441 9100
1 18867 152724
1 78999 136480
1 123676 130307
1 82864 21902
1 124653 88137
1 70225 166732
1 115473 5560
1 189746 170878
1 3632 135745
1 23322 184299
1 130026 143505
1 99522 94971
1 66134 12011
1 117037 112245
1 35644 131207
1 140487 2423
1 16657 77930
1 5309 131765
1 15346 131462
1 106460 41398
1 167075 57172
1 110637 127564
1 69577 8880
1 11536 49747
1 192165 90485
1 1368 110765
1 34195 170394
1 148198 7996
1 95043 104267
1 33289 157472
1 59766 130699
1 69397 106291
1 137788 39114
1 139777 176321
1 128812 126402
1 13767 138573
1 129316 36119
1 11703 174913
1 83395 14319
1 102683 104308
1 53924 101263
1 62161 109794
1 71581 193783
1 54181 79399
1 64311 93312
1 47086 148925
1 65775 112435
1 176299 20919
1 198829 183596
1 30301 132862
1 194307 6512
1 72615 179018
1 75434 21643
1 77861 167268
1 177720 168366
1 33226 115034
1 196453 42887
1 141694 40899
1 69375 130658
1 158262 68789
1 74411 37248
1 58900 45828
1 48734 127286
1 152641 171005
1 58332 143432
1 179721 192290
1 93103 73734
1 73143 10791
1 2603 97511
1 133233 79149
1 184672 43747
1 140950 18109
1 178016 4822
1 119638 11528
1 183283 182227
1 131537 140510
1 177623 66693
1 45683 193581
1 103293 197132
1 114127 18427
1 111168 155031
1 133435 24614
1 23784 103294
1 136364 28698
1 137759 101667
1 65298 7891
1 3315 180936
1 124533 150037
1 121036 24115
1 84945 70889
1 192495 113472
1 57775 40026
1 105331 184198
1 92036 194543
1 111298 16238
1 185614 188202
1 145683 123088
1 186797 33921
1 137702 20367
1 147200 175324
1 82048 6263
1 197185 189712
1 21800 23573
1 181281 53466
1 59427 115670
1 115047 150558
1 22636 144867
1 142662 190176
1 120438 98876
1 189950 70787
1 61414 69523
1 108982 189762
1 128139 164523
1 183126 108845
1 137952 193458
1 115818 79461
1 134917 50268
1 105204 159386
1 197881 153920
1 83154 52035
1 78299 77111
1 32337 144926
1 159330 144947
1 28305 198122
1 191514 117918
1 134682 103713
1 2209 186035
1 47229 142971
1 197409 37793
1 190063 151648
1 88335 102814
1 143650 124269
1 125989 3017
1 137254 1194
1 2716 54531
1 183103 59593
1 139181 166927
1 95750 101026
1 91464 143145
1 172037 46638
1 175573 9252
1 150991 54273
1 191082 100423
1 199261 108236
1 121549 138665
1 11247 12563
1 129899 134603
1 107873 172139
1 42969 105206
1 165260 6968
1 152202 35606
1 128736 79780
1 164753 8277
1 180735 78434
1 121048 173372
1 30620 187173
1 28896 63558
1 38037 68187
1 69883 84742
1 95437 102191
1 22087 115067
1 154702 72894
1 53804 100402
1 31262 77145
1 166233 88924
1 75552 79547
1 196091 102895
1 137901 36428
1 15486 35842
1 191027 197206
1 17736 75428
1 132813 91974
1 117747 21437
1 63716 11879
1 91210 80552
1 117382 117466
1 37318 193488
1 139972 122649
1 126922 53769
1 12113 144877
1 118748 183794
1 131481 188653
1 28262 59144
1 39199 104504
1 101038 142221
1 128858 71734
1 123089 75801
1 90961 83787
1 90757 79680
1 51573 158812
1 119952 141222
1 113279 198022
1 114947 68127
1 19466 62107
1 137660 149067
1 191155 92960
1 75164 180784
1 162223 116228
1 190341 136856
1 14509 184162
1 191511 133742
1 91692 41529
1 53547 175060
1 42719 48170
1 72272 120712
1 143231 6707
1 62661 80183
1 55088 52779
1 36727 67680
1 35095 79806
1 129276 183021
1 119739 65962
1 12943 83086
1 61275 184441
1 158478 71000
1 110799 138688
1 25266 185821
1 20066 7640
1 10126 34252
1 40879 196444
1 104970 196043
1 52858 50660
1 82144 134291
1 3857 87745
1 85912 142412
1 59492 142712
1 84864 51753
1 55329 192514
1 27950 164933
1 9620 195460
1 170362 90559
1 159613 176267
1 132663 83923
1 106867 69131
1 116209 44666
1 183161 137497
1 198956 25667
1 34719 108519
1 67355 8626
1 95195 14591
1 185566 131866
1 137127 76290
1 29057 43958
1 136606 46946
1 33841 80844
1 149970 154844
1 74881 19781
1 188144 43323
1 168093 171015
1 62680 134794
1 112973 143316
1 182390 60505
1 43374 66600
1 183845 89460
1 71852 5901
1 171461 102174
1 68803 125826
1 36506 152340
1 84086 149964
1 2089 107968
1 6992 154204
1 56590 5755
1 158491 119074
1 170144 99656
1 48094 130033
1 127047 47053
1 164955 63573
1 27229 171348
1 148424 168816
1 177348 83458
1 138124 170011
1 121031 141910
1 3965 154300
1 130613 81701
1 9305 26084
1 442 157973
1 124547 136748
1 108927 86103
1 152319 142607
1 180291 176233
1 198704 21770
1 118778 16396
1 82001 2738
1 117734 41985
1 124081 120213
1 100085 17610
1 9651 61717
1 36314 30175
1 179717 160193
1 191983 95279
1 21856 148277
1 12617 195609
1 37185 84596
1 42845 15593
1 159399 75203
1 187091 183575
1 128204 57545
1 30121 129086
1 73703 9893
1 196042 190682
1 145698 70991
1 18926 68484
1 101401 40818
1 47861 79153
1 126547 66568
1 27071 127784
1 128069 42167
1 35727 140035
1 184899 125036
1 101728 26345
1 71369 15479
1 181767 133451
1 16426 11686
1 25546 2268
1 87895 75941
1 97024 162901
1 31187 176148
1 42474 191208
1 373 182186
1 48080 7811
1 95903 14154
1 14048 45449
1 4798 73827
1 194691 183053
1 18817 29453
1 104129 159503
1 70878 36001
1 70808 113210
1 199426 173850
1 29783 139934
1 99735 112874
1 156800 172907
1 29820 77598
1 83678 74414
1 116865 67893
1 6564 61327
1 13409 59773
1 121799 199306
1 105283 114800
1 171934 38189
1 29299 152270
1 80055 62483
1 105501 102140
1 70076 115039
1 69771 127899
1 174535 69948
1 149728 73068
1 4035 138067
1 69333 159716
1 98052 99917
1 10931 141708
1 37032 91979
1 30288 101147
1 144750 28259
1 173582 40854
1 10966 177372
1 168977 112679
1 107195 33516
1 195008 95741
1 16493 59057
1 126271 171812
1 89043 67565
1 38955 83172
1 29888 58055
1 53590 153183
1 167507 198654
1 124804 188070
1 98772 37424
1 6566 187036
1 40397 122571
1 42453 189134
1 106278 159442
1 80722 125201
1 190084 43603
1 188413 134942
1 40995 93415
1 150804 145386
1 166194 42219
1 164717 51594
1 15919 110525
1 101686 101766
1 108548 71226
1 124331 122619
1 77345 197878
1 160153 28214
1 92826 198907
1 175762 7439
1 34371 150983
1 77616 50179
1 32202 11584
1 98189 172886
1 114453 138426
1 194563 169511
1 11420 187948
1 183137 74580
1 158473 102638
1 72430 51409
1 49741 178998
1 44066 35716
1 120902 39444
1 28962 101923
1 112271 26348
1 21755 15569
1 57191 36146
1 140769 166005
1 106949 163627
1 163688 14301
1 49787 163170
1 132228 143506
1 142154 46249
1 50941 138364
1 59908 94482
1 67702 173560
1 59625 122541
1 106079 34680
1 107387 122436
1 156984 100251
1 114723 42835
1 47496 17421
1 157001 157965
1 32414 175136
1 43310 188556
1 188742 55851
1 89293 92183
1 47054 97124
1 1266 52762
1 65275 27065
1 187163 87777
1 141766 118772
1 183757 154262
1 83804 137679
1 23544 11388
1 111125 180884
1 112207 132907
1 6323 102841
1 89569 590
1 81310 13883
1 107964 123930
1 67167 44089
1 164804 99473
1 28187 138067
1 154575 111734
1 86097 122564
1 32131 167570
1 62806 111484
1 145459 64040
1 159055 102658
1 189302 63733
1 118063 77640
1 72137 133547
1 106867 179599
1 90984 198126
1 190043 110334
1 136807 133390
1 57002 18815
1 198871 174151
1 9441 73625
1 25174 15159
1 152824 41812
1 101814 134751
1 13533 89481
1 190674 28
1 32049 54023
1 69612 186471
1 185919 171054
1 25035 176714
1 160639 199687
1 155861 126564
1 105163 42658
1 30248 154464
1 151713 16435
1 54718 111986
1 94233 155246
1 45249 70227
1 156903 197153
1 103019 72638
1 79700 171857
1 18978 18922
1 94329 144921
1 114643 92745
1 183549 88319
1 145805 147713
1 60112 50712
1 196768 32298
1 144615 175006
1 47862 171144
1 108794 89295
1 31025 129418
1 22523 25353
1 43847 37251
1 28120 76515
1 153114 3048
1 54835 85454
1 139100 112074
1 88737 134125
1 162849 107925
1 135137 166834
1 137414 115784
1 131422 24762
1 160321 42806
1 171303 3114
1 109833 183870
1 152877 78794
1 43689 39431
1 118078 130466
1 49056 53759
1 51841 54739
1 151484 91413
1 197746 149496
1 23415 101748
1 88799 160701
1 195088 104193
1 63266 171135
1 12590 157271
1 95969 87909
1 20145 13378
1 44419 51006
1 106138 159354
1 8436 104861
1 111902 165153
1 71132 124401
1 37893 9727
1 54683 169512
1 101192 151932
1 187081 115077
1 196587 84191
1 107308 83008
1 7000 183046
1 184570 148702
1 124157 131558
1 6480 68242
1 188136 109636
1 102899 75667
1 53152 190131
1 79942 43966
1 117830 164111
1 51787 188463
1 159917 173434
1 47518 193946
1 113910 162455
1 62959 687
1 99760 133892
1 49856 16174
1 157744 146844
1 193183 90120
1 123500 24044
1 151717 78712
1 105180 101941
1 113390 61600
1 141139 22498
1 57690 65895
1 98971 183435
1 38660 128466
1 146000 171306
1 38082 148386
1 178047 170332
1 120798 149870
1 6079 70875
1 138771 136832
1 71824 129211
1 174474 118900
1 155378 172322
1 39574 189903
1 165959 90700
1 16941 18846
1 109164 163455
1 191657 76944
1 127892 176139
1 165567 104277
1 2407 192837
1 80127 101431
1 55130 168132
1 124364 112504
1 97040 133148
1 187292 22189
1 84720 142298
1 171187 163355
1 194247 122176
1 81756 60304
1 196320 4931
1 135784 146628
1 142626 196866
1 60587 109808
1 38058 47816
1 133876 164717
1 136041 164228
1 44876 78929
1 93311 140615
1 83890 24263
1 83929 157119
1 122005 121198
1 172040 66610
1 141329 139379
1 195043 55998
1 167022 117426
1 172447 9680
1 27863 14474
1 155117 87266
1 111960 148671
1 18899 16953
1 25434 78100
1 3854 148319
1 81058 129001
1 60199 141149
1 94599 131922
1 195924 25083
1 41396 3961
1 164305 155068
1 30110 136887
1 49535 16596
1 92358 53741
1 50301 127276
1 149042 103144
1 91013 181017
1 145959 92789
1 22793 194328
1 162155 20929
1 12111 67021
1 158841 48374
1 142153 161533
1 60165 37330
1 98552 183434
1 74226 105736
1 130051 135981
1 134160 65116
1 3859 162425
1 116187 27514
1 160497 142927
1 172912 109847
1 127523 47645
1 140626 75915
1 54660 186971
1 123293 19437
1 101026 92616
1 77769 21104
1 21533 124960
1 111330 20478
1 119870 93794
1 81414 197075
1 147092 177088
1 119520 53788
1 50581 31079
1 93860 66704
1 159540 64177
1 136650 117646
1 3134 7591
1 181519 153144
1 4283 104187
1 74665 23055
1 15042 98438
1 13066 198352
1 74076 172607
1 11991 156814
1 193116 134396
1 47338 166288
1 142654 170860
1 24902 130926
1 68159 118100
1 71706 134119
1 53116 114057
1 80312 96645
1 71759 166255
1 189463 39412
1 32742 28656
1 88711 41503
1 72036 7488
1 8499 178636
1 3965 169039
1 65628 101434
1 146508 199247
1 53588 90233
1 132216 177640
1 108154 22090
1 112456 56505
1 127221 185463
1 81283 145616
1 92018 142325
1 99596 23724
1 99298 153656
1 111549 66098
1 182638 70485
1 151106 60014
1 81789 133343
1 63864 186443
1 178473 50811
1 186566 146965
1 12094 102534
1 51259 99693
1 47347 189416
1 160553 103117
1 40812 170041
1 110593 130175
1 19696 151701
1 63663 8536
1 184935 20986
1 11193 198009
1 29080 123946
1 83219 198087
1 167264 61758
1 199813 98666
1 90486 36104
1 144256 78788
1 166302 130797
1 198974 36147
1 132907 86593
1 158936 190858
1 69241 154468
1 174572 18572
1 165866 178589
1 69936 136297
1 72224 26869
1 77905 180092
1 195515 17493
1 131920 93189
1 81620 174755
1 117341 199011
1 194810 53338
1 136117 134485
1 27756 121832
1 4345 158450
1 142168 157069
1 32016 31654
1 188434 117937
1 161022 8303
1 16279 128261
1 80966 89112
1 120899 131614
1 57405 121076
1 77264 192591
1 10159 109854
1 151761 87429
1 67383 181743
1 39791 166375
1 64858 82688
1 132514 177454
1 184868 25122
1 72435 73474
1 157510 65691
1 128944 169175
1 73903 11618
1 5424 155142
1 15849 22685
1 40585 149295
1 69045 181529
1 86671 32590
1 154858 5707
1 59663 39196
1 72652 134342
1 174859 87977
1 161833 71997
1 13495 100600
1 54776 55226
1 9587 192538
1 100276 23455
1 72011 111694
1 84981 14363
1 144877 136407
1 68305 42480
1 104810 5919
1 186098 32419
1 46959 110604
1 19641 153220
1 143813 75809
1 80274 51232
1 149894 14744
1 77080 83524
1 129698 83389
1 147564 4276
1 36498 123404
1 138769 172650
1 136091 101262
1 78986 59604
1 148806 45617
1 106422 60808
1 172446 22695
1 93100 107978
1 173098 81793
1 65170 161921
1 155884 33291
1 154883 80245
1 17178 100266
1 165154 139468
1 187164 79413
1 125432 192774
1 121222 95761
1 63893 154358
1 198039 30480
1 7205 161155
1 153458 193739
1 39697 175390
1 32284 198397
1 160665 97350
1 124470 5603
1 2095 172601
1 4796 31635
1 186775 42172
1 135678 50009
1 77308 34894
1 129501 83224
1 25045 61225
1 125129 122847
1 27385 132729
1 76409 70027
1 175231 184032
1 3051 42397
1 11290 22379
1 176797 10780
1 29363 28814
1 154572 125100
1 44040 120614
1 74541 81199
1 81988 190382
1 138345 90333
1 153952 187714
1 89885 6495
1 124154 132244
1 77009 129841
1 184884 162861
1 58295 58999
1 96463 101477
1 30759 117599
1 98887 59748
1 153241 161913
1 157873 18715
1 53860 139540
1 95635 169278
1 139382 12441
1 1796 159043
1 109332 189676
1 77765 129824
1 173843 40577
1 154783 6465
1 170774 133308
1 90110 183944
1 29514 111181
1 13005 2121
1 73951 174730
1 154578 139908
1 46088 157070
1 53004 194213
1 91126 180753
1 76298 128058
1 149457 35593
1 66383 136691
1 4599 106432
1 23140 118752
1 117176 97206
1 42557 145510
1 141714 188474
1 184208 177475
1 45098 55364
1 34865 147779
1 56395 167573
1 75378 82242
1 76258 104530
1 183866 39204
1 81913 38173
1 139941 108689
1 114676 39349
1 177691 160694
1 163274 175184
1 19316 113849
1 13957 41143
1 192203 177276
1 197947 162978
1 51553 75093
1 78926 147924
1 154292 171404
1 91618 71672
1 37600 76245
1 42655 167997
1 147637 151823
1 96039 7855
1 58970 185789
1 131608 23063
1 196194 177732
1 199684 70485
1 54125 38245
1 110768 135291
1 106049 59515
1 145035 8300
1 156393 62136
1 137328 126006
1 152013 31708
1 135134 121324
1 168659 60406
1 196406 121032
1 145013 113055
1 9014 171840
1 72227 183668
1 17973 27366
1 165851 199252
1 183711 47750
1 11143 94554
1 63857 25594
1 157912 38299
1 14456 108753
1 103712 96226
1 80326 153441
1 132020 25131
1 96181 179176
1 193667 196381
1 33376 167722
1 155249 10573
1 154207 142343
1 55671 175344
1 36354 68571
1 46399 140895
1 104401 178715
1 9531 166737
1 133058 64749
1 9991 59348
1 136955 49096
1 133567 101324
1 107657 43917
1 57186 117616
1 186976 6052
1 162408 170434
1 196693 14299
1 111265 61007
1 159322 115644
1 31887 6119
1 249 82861
1 39621 123101
1 175251 268
1 79808 63809
1 117017 177867
1 117702 155485
1 25739 182409
1 128061 28270
1 87729 26226
1 32718 132452
1 26391 54873
1 114235 1373
1 135757 173204
1 89085 102813
1 184798 189527
1 123042 73937
1 166480 143060
1 38245 102726
1 173981 149010
1 169359 140964
1 10864 181004
1 58445 2095
1 64674 24717
1 48403 85824
1 129845 94153
1 20464 21760
1 99858 94270
1 146739 126821
1 147456 196492
1 108286 68017
1 163877 132753
1 162216 42600
1 114688 56648
1 81496 171665
1 147366 69476
1 196702 199664
1 39229 197993
1 126869 21506
1 85366 156875
1 117304 175865
1 103695 67401
1 15105 23738
1 37000 84683
1 37704 23316
1 153445 168955
1 196507 83585
1 67109 100257
1 127001 114275
1 118849 164738
1 60308 190520
1 114728 146619
1 96167 120286
1 143608 27033
1 182293 150414
1 175872 4027
1 53220 138579
1 68469 104299
1 185528 117770
1 138163 58041
1 99379 39968
1 176117 128857
1 102796 127879
1 113687 80063
1 134830 136505
1 197131 5433
1 93267 174129
1 95961 195725
1 196770 80934
1 54939 185044
1 138822 179339
1 149944 55445
1 133455 49220
1 184224 39333
1 161869 42730
1 145289 50495
1 169003 50433
1 117672 103775
1 7881 174329
1 99507 105700
1 79902 6371
1 51413 32038
1 91917 168245
1 69426 114964
1 84549 177664
1 134301 196498
1 23454 68336
1 175702 64210
1 150706 185797
1 138312 127474
1 39353 43088
1 73219 76565
1 124072 30897
1 87862 57988
1 22987 22352
1 4913 195591
1 99297 177753
1 198297 98496
1 150457 138620
1 153835 153608
1 16842 11876
1 178421 62604
1 110935 13558
1 199442 103657
1 159556 88910
1 53349 71943
1 1715 75318
1 133785 100915
1 193059 156583
1 30807 190337
1 60042 58435
1 134280 42912
1 16048 177427
1 23437 158463
1 34127 57277
1 167035 53983
1 165161 116809
1 13724 50617
1 80105 124501
1 175523 73107
1 165501 112598
1 129711 107870
1 1843 2066
1 99842 82386
1 84243 19738
1 74242 32461
1 80828 28812
1 28529 60712
1 163586 163272
1 132714 188507
1 43335 27058
1 80284 159635
1 76056 191848
1 55178 78802
1 77002 5765
1 29058 83591
1 134422 64279
1 193373 140718
1 103218 70812
1 171960 63465
1 56880 165571
1 5425 23584
1 40923 116769
1 99620 86550
1 161615 80497
1 165031 90893
1 158362 61969
1 162628 51804
1 30481 96505
1 95287 158797
1 60404 154238
1 100647 48829
1 15814 125127
1 132328 194095
1 155174 43406
1 155953 71345
1 30515 30362
1 45274 184562
1 139998 136507
1 117721 14114
1 172944 141639
1 101246 28300
1 183999 71059
1 75948 186160
1 123019 121396
1 186970 185381
1 35743 116727
1 132426 153901
1 112005 31967
1 77512 73882
1 73161 173471
1 160806 190113
1 182546 36695
1 182262 24444
1 198910 46546
1 185608 139525
1 177404 23871
1 142437 155856
1 6510 53424
1 174156 98697
1 185407 94161
1 47916 54351
1 121729 179498
1 122915 27280
1 169804 156951
1 92725 91942
1 97427 66182
1 148111 167217
1 93256 24497
1 128509 91445
1 144177 101406
1 199785 16246
1 100811 157396
1 147670 179986
1 71904 168991
1 73436 181982
1 76580 2247
1 18150 152773
1 25620 135821
1 15465 92701
1 117970 31399
1 197478 83211
1 86011 182780
1 17571 45913
1 181130 50338
1 53670 148309
1 108209 91094
1 37363 101677
1 40182 153981
1 178695 56009
1 118667 118938
1 176532 170856
1 45362 71824
1 165565 103038
1 35664 192217
1 179861 81036
1 4815 185158
1 192277 59137
1 64825 143289
1 154972 63506
1 18514 37088
1 125803 145045
1 130614 67252
1 176159 76578
1 94132 156849
1 8304 5165
1 71146 115991
1 189675 21726
1 109409 51042
1 1964 146418
1 25963 63494
1 98975 114838
1 194235 151341
1 60664 101377
1 22981 55988
1 75248 97171
1 149527 31012
1 50690 9196
1 22711 146926
1 176485 154126
1 38461 13545
1 181579 49974
1 130482 140815
1 161562 98872
1 26282 45878
1 49642 103450
1 147167 121611
1 99263 174642
1 126415 148180
1 176136 152515
1 108696 89959
1 151960 176660
1 104145 188582
1 34212 135058
1 88748 6717
1 103165 163688
1 134729 72733
1 193102 162781
1 16349 112058
1 107801 135982
1 115332 65603
1 63726 30957
1 153763 24290
1 133357 7128
1 125378 31155
1 68477 196221
1 114281 6280
1 92940 150670
1 98489 128157
1 186441 192640
1 128205 58969
1 129822 198313
1 76625 10053
1 195955 186329
1 70562 105616
1 12640 49145
1 105384 59203
1 157233 36963
1 198832 55041
1 125792 21249
1 4301 161410
1 106639 147433
1 178160 43089
1 62084 130488
1 83270 20931
1 19304 111213
1 41939 85625
1 105922 190280
1 181452 58841
1 29680 120995
1 107834 24841
1 46758 140752
1 79180 364
1 96364 93364
1 179453 108577
1 114514 150436
1 110119 18361
1 76405 93438
1 154470 183095
1 36343 65162
1 130225 81806
1 177467 187345
1 93877 55383
1 159903 59581
1 14835 34512
1 63934 65010
1 101788 145628
1 173669 97964
1 106730 63799
1 37524 60633
1 39298 159290
1 169273 124345
1 157768 112655
1 120168 15669
1 109058 5237
1 42143 180540
1 152752 121527
1 198712 99428
1 6571 178345
1 18030 118848
1 128637 177060
1 146772 76478
1 105280 75202
1 186771 123459
1 176762 160540
1 185828 148169
1 53495 32387
1 14734 82809
1 115624 183997
1 40673 160900
1 180860 90242
1 180082 60807
1 123645 16310
1 190680 144095
1 25389 119784
1 170919 77514
1 17122 26379
1 197164 127167
1 166238 182067
1 142185 145295
1 90994 142035
1 148178 101117
1 175957 10422
1 54665 136603
1 116672 130939
1 19413 165733
1 95373 174549
1 57833 104674
1 43344 81987
1 31827 94969
1 33588 146828
1 169090 8018
1 24538 180862
1 117244 191342
1 50799 6311
1 17503 182472
1 141004 175188
1 77656 12268
1 150611 51785
1 93793 74199
1 2183 89729
1 196351 50896
1 151212 48551
1 199611 170310
1 76895 40917
1 5600 18283
1 23480 158284
1 12214 70672
1 68126 189236
1 6653 43522
1 153450 65686
1 172013 113380
1 186111 43414
1 80492 180750
1 27497 143093
1 153615 63717
1 7925 12295
1 124630 23676
1 131985 155184
1 114466 188970
1 82276 61094
1 86969 63404
1 125359 71202
1 1212 153277
1 129317 44967
1 170535 199667
1 187271 144695
1 50378 56157
1 148612 111314
1 25543 197787
1 118736 178034
1 5708 104254
1 79875 190980
1 16785 176801
1 35060 24488
1 162132 13830
1 104022 137900
1 130964 134964
1 26707 156356
1 110668 86032
1 13159 194189
1 8242 175930
1 119743 153155
1 185776 73835
1 86802 141440
1 75296 19660
1 173695 86968
1 100878 87385
1 160040 157681
1 199465 170871
1 45902 134599
1 14027 149586
1 158766 199840
1 90730 67323
1 165787 101163
1 43230 17537
1 101789 44575
1 120470 88014
1 176201 174770
1 71381 124484
1 94241 135512
1 57585 17624
1 164398 113406
1 120717 148462
1 28828 95302
1 70422 161463
1 39318 145988
1 53565 83847
1 188387 13881
1 92019 2938
1 67136 2447
1 34538 115017
1 15678 114517
1 114506 50919
1 44253 147196
1 107890 31586
1 187754 67858
1 67504 107704
1 22614 27453
1 118211 121078
1 35480 179387
1 117840 178967
1 13957 100121
1 102050 61468
1 168557 10929
1 11687 35624
1 119288 36520
1 145640 198046
1 85314 104423
1 140743 51198
1 51124 16601
1 119806 186940
1 86692 4901
1 82070 115426
1 111598 19374
1 84135 51688
1 60307 156680
1 130831 75026
1 188177 62588
1 76148 14729
1 42372 56126
1 29246 129213
1 155325 124909
1 191183 85179
1 170785 10637
1 33541 161610
1 96965 103296
1 60915 71371
1 3079 173387
1 154651 39760
1 125486 121223
1 50736 82429
1 6917 86308
1 22538 43421
1 91509 18598
1 23658 6599
1 95969 101465
1 144431 1650
1 13383 104984
1 150552 118101
1 194068 37822
1 147260 111811
1 18376 9963
1 196551 133254
1 199371 15994
1 40951 145914
1 5775 123968
1 3799 128427
1 165415 63689
1 18874 158258
1 59046 191758
1 8443 91853
1 6267 105146
1 174067 24894
1 53901 106079
1 94203 143846
1 80211 187379
1 42980 6178
1 140213 138960
1 95795 41189
1 38185 175275
1 51362 83414
1 170312 20947
1 150100 108268
1 178159 74349
1 59863 110792
1 24158 114670
1 111328 89939
1 174603 194137
1 118722 104153
1 69511 181179
1 80240 102373
1 106580 188068
1 82996 140766
1 22853 154600
1 87215 197728
1 78296 197845
1 45971 126686
1 184913 88566
1 7518 122232
1 161368 124809
1 10521 178264
1 119956 108988
1 150993 107858
1 64392 6894
1 71060 82684
1 77357 2660
1 182446 111499
1 8593 187529
1 143141 88751
1 65584 43883
1 59763 194544
1 9872 94706
1 149315 18505
1 57890 354
1 44399 46789
1 199255 99732
1 194104 114649
1 16640 131825
1 160710 179649
1 20522 58480
1 195105 12126
1 50552 83409
1 52143 127502
1 130561 5786
1 178671 156493
1 21292 112720
1 54007 22732
1 156554 15608
1 39786 67408
1 194932 49359
1 107197 101709
1 108518 198280
1 91627 135811
1 84891 129413
1 163958 15896
1 129321 45017
1 70048 199479
1 30559 59324
1 177769 142248
1 69724 94734
1 155722 89713
1 164531 136016
1 170546 14253
1 148925 53216
1 7872 59882
1 120638 629
1 194945 110087
1 85052 112027
1 114284 160782
1 130268 69936
1 82394 189840
1 126142 171871
1 181002 11648
1 31834 197723
1 148821 87889
1 10715 36510
1 56046 167314
1 162684 184868
1 151197 138249
1 177505 195362
1 24445 10575
1 42745 128268
1 2291 199468
1 43857 135174
1 817 35699
1 19771 123114
1 157291 91488
1 20512 109051
1 109463 12975
1 33057 64167
1 167083 42944
1 148725 75587
1 11219 174633
1 116415 143298
1 73009 82970
1 96495 173686
1 197336 69304
1 2715 187851
1 151371 49395
1 98078 149441
1 7347 198569
1 52464 70570
1 36574 30336
1 10119 155044
1 115455 21183
1 15085 120856
1 21155 94189
1 112163 85106
1 57712 19884
1 25141 610
1 38307 112984
1 122014 161236
1 93515 28635
1 88478 57324
1 18881 137108
1 58650 124612
1 63529 17257
1 181364 40489
1 162094 173544
1 170348 89876
1 159354 39077
1 163894 133862
1 115444 76432
1 68891 175206
1 8062 166933
1 168661 104382
1 129902 180601
1 186918 87091
1 73036 168819
1 140154 101221
1 43468 162375
1 5949 87303
1 9421 17065
1 69374 16479
1 2322 151377
1 134789 120705
1 79615 178907
1 178162 78536
1 72151 84578
1 32343 79638
1 170869 55836
1 82455 199052
1 153481 125879
1 149696 137228
1 177812 34805
1 68197 128815
1 160485 146117
1 179840 7681
1 74709 171683
1 121863 126916
1 89921 111026
1 41613 133092
1 115848 17880
1 145563 164855
1 115460 169241
1 178255 70585
1 84045 128375
1 180660 55430
1 117355 186506
1 176163 145303
1 159322 178267
1 67929 102849
1 179076 131013
1 84186 31532
1 90042 27791
1 56838 168208
1 152436 186820
1 193977 85493
1 43979 5908
1 72296 172139
1 138163 134128
1 67897 90312
1 65149 104736
1 87523 149858
1 122253 131496
1 145927 41932
1 15832 117148
1 78478 174357
1 78817 41728
1 95043 30846
1 54516 65443
1 169331 185082
1 171491 194430
1 67267 35500
1 191681 138312
1 146194 24668
1 130332 193564
1 7055 35835
1 31871 68687
1 61852 127129
1 84903 198731
1 23781 63075
1 195204 73584
1 103802 187681
1 79348 152236
1 60852 102191
1 147387 70361
1 79558 178236
1 19014 113112
1 185506 110400
1 72737 33707
1 167567 189506
1 106423 38167
1 145160 137482
1 147145 110394
1 64920 59938
1 753 39402
1 76019 98003
1 115479 72720
1 41367 103070
1 149812 142788
1 60516 56569
1 123527 118761
1 54648 76492
1 66197 109130
1 173519 145835
1 52901 145269
1 195737 110741
1 150203 149720
1 146653 39660
1 48212 130843
1 30286 123447
1 159394 103998
1 89132 45334
1 115593 3571
1 165469 14852
1 126042 150973
1 118347 188115
1 131343 88969
1 62528 31843
1 32839 153101
1 80961 154019
1 6467 164703
1 91048 176652
1 160801 8344
1 9669 192539
1 115864 32809
1 112758 51278
1 78708 193022
1 10949 1826
1 152146 26833
1 84162 180171
1 17822 76497
1 146082 127028
1 52300 100019
1 165015 26424
1 94678 96280
1 60336 8609
1 86069 116896
1 142131 83808
1 159457 127822
1 68152 102413
1 14348 190621
1 1289 183584
1 88477 111586
1 155960 168176
1 10090 82723
1 134464 89003
1 194424 21815
1 114335 71189
1 63414 130526
1 89331 75909
1 53176 181411
1 20 129117
1 164273 178800
1 5298 171913
1 84531 143218
1 113071 124219
1 127594 79278
1 98174 160933
1 100822 151394
1 118332 187895
1 137544 128352
1 61326 190363
1 58336 48487
1 85181 136046
1 135557 84867
1 47566 10624
1 158246 67687
1 189606 62094
1 153007 174088
1 89309 96959
1 115854 700
1 179488 148253
1 11880 106964
1 62733 61589
1 177686 58935
1 13961 132721
1 163493 147392
1 3109 65236
1 128461 175641
1 28209 159159
1 114865 132569
1 157024 43234
1 20631 94683
1 2589 102702
1 156265 116639
1 125229 30138
1 164268 82085
1 36358 21483
1 71295 29512
1 74798 117991
1 112023 78744
1 106200 86676
1 29049 189436
1 19068 30542
1 143993 94918
1 184885 104487
1 121969 135960
1 170527 130083
1 156805 191927
1 1905 35187
1 112533 163757
1 114521 164081
1 67075 139556
1 184790 13340
1 91559 185920
1 57562 2581
1 107920 103293
1 87072 197081
1 162108 90698
1 10507 26177
1 121626 101222
1 156800 60664
1 100863 4152
1 64901 25467
1 32422 191347
1 172123 131862
1 119277 74795
1 199513 16093
1 20876 57138
1 199946 126889
1 117848 129783
1 76424 46869
1 60792 134431
1 96089 101752
1 177254 58469
1 14346 196901
1 11561 91951
1 110858 56032
1 177297 64434
1 188362 77794
1 94963 114824
1 107730 158159
1 55271 162896
1 91685 36278
1 135999 32901
1 149657 74122
1 91913 131874
1 82225 76896
1 52040 127797
1 59708 142761
1 7534 81346
1 98482 2929
1 97694 97179
1 163212 29848
1 183840 163709
1 196324 58959
1 137316 46509
1 148494 136726
1 52668 55828
1 84662 188468
1 47060 131671
1 49403 44279
1 195380 110011
1 203 51374
1 26360 190968
1 24576 60580
1 125390 539
1 158714 187166
1 159792 35745
1 72317 122520
1 166820 17682
1 149901 67899
1 162993 167387
1 152008 173794
1 68963 181231
1 23364 167951
1 39618 91872
1 179369 30632
1 107599 185081
1 66832 172854
1 40255 87646
1 173213 187616
1 56700 108455
1 131418 61668
1 5017 125946
1 65046 4055
1 79060 18919
1 20412 15198
1 65426 173833
1 58679 195565
1 39766 54106
1 43141 196030
1 20098 84886
1 186010 153300
1 20627 75540
1 70520 91442
1 169559 109153
1 115340 18198
1 82481 135455
1 25355 63995
1 163599 146332
1 11789 182223
1 130857 153590
1 131818 81328
1 51134 37039
1 20947 182253
1 155787 86412
1 47411 52475
1 161549 95731
1 65158 87797
1 66743 187013
1 157049 79768
1 49782 124216
1 116100 99071
1 108708 19769
1 99716 62107
1 1419 86082
1 18140 186742
1 137884 106935
1 162446 68777
1 11886 144005
1 43477 198363
1 173755 178749
1 197509 125628
1 107800 1774
1 170534 122305
1 156597 16579
1 4301 119841
1 184533 150108
1 131453 16976
1 117967 104751
1 97725 108347
1 187269 187809
1 119866 143749
1 160099 189472
1 148000 134592
1 134106 59396
1 74867 181998
1 72606 191206
1 98100 34298
1 138718 164800
1 135473 68529
1 91651 72966
1 3628 99141
1 120812 68612
1 85423 161220
1 75048 26297
1 49007 49685
1 33268 97907
1 71776 148596
1 104246 20267
1 165208 133679
1 67514 147491
1 13416 21984
1 100396 11006
1 186294 156652
1 149014 74080
1 5727 68733
1 192795 69255
1 59532 112892
1 132083 85864
1 52243 182673
1 171816 102221
1 141137 183903
1 191954 121071
1 80837 171706
1 156303 118543
1 74607 32108
1 78470 140250
1 180649 74471
1 105500 192958
1 97413 19404
1 175159 38342
1 164905 90780
1 26099 39229
1 50599 28157
1 9761 72321
1 131552 154865
1 196935 32869
1 74075 142482
1 154645 99533
1 49505 47569
1 40548 52613
1 127324 190512
1 25653 117794
1 126064 129213
1 13160 38620
1 27673 27088
1 191802 193899
1 20870 150728
1 94851 59168
1 147124 105346
1 10928 79558
1 34575 120346
1 4221 167481
1 46982 63334
1 125558 61894
1 40621 67695
1 178799 83908
1 103575 44530
1 87744 152946
1 163956 11160
1 33734 55826
1 164073 179377
1 70231 151749
1 69806 57463
1 13381 176424
1 158380 139201
1 71126 145839
1 108119 42501
1 196930 27583
1 150601 71314
1 112557 64337
1 82528 189261
1 198246 44676
1 174361 115308
1 148448 18882
1 8750 153456
1 192111 52056
1 112301 176551
1 172934 8207
1 46617 22882
1 161967 108302
1 193158 57523
1 40140 46388
1 125168 63850
1 164429 83313
1 117084 38736
1 73010 123750
1 42482 33315
1 99586 84158
1 18649 183700
1 62410 170443
1 53908 115775
1 84507 2084
1 132893 66666
1 178047 175422
1 5952 135873
1 45051 131081
1 156346 141903
1 125386 99406
1 149010 87360
1 187287 106759
1 90615 97942
1 50748 139070
1 147483 111721
1 47994 26281
1 135631 157347
1 179449 187844
1 127456 140411
1 3841 103536
1 88818 161586
1 172217 171340
1 120282 132491
1 142431 118546
1 121344 51343
1 177927 45620
1 67894 15872
1 48472 154039
1 184915 139869
1 32836 141776
1 52564 19095
1 76232 70141
1 84660 149841
1 136036 45989
1 161610 163550
1 71707 164019
1 68451 105334
1 142381 104880
1 69920 9146
1 99156 199584
1 69009 9641
1 138493 94238
1 190995 59683
1 137736 189435
1 181735 116701
1 89474 120596
1 1108 29284
1 157090 164018
1 133887 177494
1 72770 92903
1 150664 193374
1 58783 40614
1 19176 97839
1 186387 10786
1 185096 170500
1 114769 62443
1 58852 177942
1 141026 117829
1 128481 5471
1 91167 198602
1 49580 174925
1 163182 174274
1 22868 189705
1 3265 37633
1 135784 13994
1 149388 106881
1 170132 35636
1 120326 25280
1 64505 131925
1 104803 12955
1 132044 185634
1 51472 80747
1 74034 167182
1 194031 71456
1 91673 137708
1 88084 184029
1 167448 166567
1 105984 117715
1 88778 121790
1 69661 33697
1 197032 51076
1 19002 168043
1 91302 140119
1 111624 21241
1 101647 138400
1 52949 161618
1 21348 126220
1 59143 4057
1 42098 199433
1 183132 9128
1 13618 95876
1 187041 133739
1 13989 86113
1 59248 40958
1 189680 67835
1 152302 87306
1 181366 74205
1 179076 159261
1 49076 86593
1 22301 128009
1 28834 110344
1 128160 185215
1 139527 192442
1 105711 135660
1 165916 83071
1 199265 147
1 37604 33885
1 71868 73580
1 101387 7732
1 28405 78652
1 142206 55480
1 26731 43317
1 37898 53741
1 69729 78672
1 142136 3816
1 20988 160105
1 123240 82244
1 106173 98715
1 187885 85091
1 103040 183196
1 16808 156455
1 90741 169563
1 132072 174257
1 159006 191576
1 65024 159704
1 146824 145348
1 147818 118252
1 109326 25433
1 86684 36140
1 38219 190459
1 155561 89797
1 185055 106000
1 34331 142926
1 61285 190365
1 171470 3393
1 114674 101794
1 151119 141115
1 13713 196215
1 69365 113910
1 174974 84072
1 7678 133189
1 47265 194958
1 194926 17296
1 64077 111278
1 93989 96018
1 150520 65623
1 106304 123344
1 116668 168759
1 151026 136028
1 192909 189245
1 113443 32650
1 17725 127285
1 90632 70833
1 62830 193504
1 32387 60004
1 117590 152211
1 128637 39538
1 24120 14802
1 43074 149980
1 1889 115117
1 112348 14742
1 97441 55194
1 76148 179713
1 73228 197972
1 33638 121319
1 35376 59636
1 179490 153847
1 125272 43469
1 63691 18114
1 105409 100237
1 173898 166901
1 89628 157073
1 54771 149016
1 118213 38537
1 122780 174792
1 2882 116301
1 36666 34225
1 126334 41151
1 78717 33744
1 17222 157985
1 88813 54758
1 103749 125753
1 142022 125887
1 61564 16995
1 124369 46821
1 112453 196598
1 183939 123488
1 67273 29083
1 15898 117360
1 80895 135850
1 53942 199500
1 90535 180614
1 152438 23836
1 183175 101243
1 30740 153332
1 144292 57558
1 82753 166419
1 53763 114948
1 146052 131164
1 22305 142254
1 127760 107988
1 39665 20180
1 120613 199388
1 57813 103784
1 193002 101168
1 20895 199277
1 179335 106399
1 142794 103697
1 19720 64844
1 47539 149640
1 196527 19302
1 152540 182569
1 134746 105956
1 8931 50189
1 16022 64836
1 120063 51302
1 195459 119237
1 12860 65694
1 31977 80866
1 90616 38896
1 18457 190608
1 59294 147659
1 111560 198651
1 2145 93477
1 6120 56892
1 111035 98269
1 62408 104798
1 26855 85972
1 85039 38099
1 80797 156109
1 147315 3377
1 197198 102340
1 7839 169009
1 59999 177420
1 33798 120298
1 79786 105580
1 135905 78538
1 195953 95355
1 135344 123990
1 153061 15738
1 85391 161443
1 77015 51634
1 91543 149332
1 7037 197263
1 180216 138773
1 198505 77627
1 154388 1433
1 174405 199807
1 17502 154384
1 163858 78038
1 182132 74156
1 115362 22611
1 105721 182164
1 31123 4853
1 143543 171689
1 30734 198153
1 86004 80504
1 112959 196672
1 17043 3136
1 16470 31120
1 190317 48037
1 185599 81168
1 111152 21876
1 144413 61839
1 80695 49114
1 106701 68853
1 145259 135647
1 112025 93277
1 101658 15079
1 129915 163122
1 135445 59179
1 181331 185160
1 178831 175732
1 117739 167037
1 29812 69721
1 149866 51345
1 163207 113082
1 72598 3587
1 158527 84156
1 195855 11372
1 77347 179590
1 98696 108960
1 150820 189756
1 5255 46659
1 191867 58171
1 47968 90537
1 24259 117462
1 126830 75506
1 119001 112783
1 147410 54052
1 27954 163032
1 33456 133577
1 31101 192779
1 615 115852
1 153273 83816
1 173776 146063
1 111257 96014
1 99706 130959
1 169110 103356
1 107428 140028
1 178772 180104
1 112507 48018
1 824 66336
1 15253 112508
1 182409 121857
1 163438 135978
1 21958 83765
1 106018 108977
1 104711 179474
1 24362 65251
1 73751 59247
1 146139 93935
1 183057 81768
1 143324 98427
1 72761 81941
1 62056 107776
1 13085 176390
1 85700 23078
1 4397 10562
1 106305 115232
1 66647 84994
1 18485 168841
1 39271 84904
1 175286 137920
1 108509 8645
1 123671 51969
1 158032 75530
1 137767 153605
1 12675 2445
1 124006 127515
1 198534 47871
1 129418 67143
1 99215 65196
1 137715 190043
1 199064 60980
1 187562 169557
1 52156 153737
1 4512 17336
1 47949 167849
1 195108 37614
1 22520 88412
1 115046 75357
1 147036 71217
1 33003 161607
1 127400 98101
1 60240 166376
1 121588 30388
1 92803 83466
1 142113 119476
1 47615 32172
1 51315 141422
1 107528 63379
1 21167 125711
1 138599 169968
1 16945 60911
1 168102 150131
1 99664 90129
1 27278 41775
1 61108 199324
1 140384 184559
1 156343 99735
1 175954 179544
1 95227 155562
1 41932 75840
1 185675 141332
1 116962 182606
1 100790 187880
1 21138 20243
1 7400 157388
1 169153 83880
1 18186 10036
1 155123 122760
1 44635 188827
1 25097 137392
1 69327 32386
1 130366 149941
1 109416 67245
1 42275 187301
1 145428 181723
1 27418 160162
1 23238 83269
1 199570 102587
1 83415 70105
1 166466 31564
1 49503 106296
1 14568 75544
1 114768 40622
1 73090 41444
1 178515 158129
1 31693 2263
1 18342 35484
1 167357 172624
1 16756 194861
1 169149 102278
1 4213 77693
1 42920 81511
1 122313 139646
1 41864 67370
1 27856 79226
1 10766 145910
1 10381 96587
1 178514 109368
1 150907 197846
1 117068 170496
1 6895 12044
1 44051 148188
1 162287 99683
1 110868 118520
1 29586 175888
1 58390 18356
1 109721 149512
1 17261 144839
1 113228 132857
1 82492 130451
1 114201 99972
1 175407 81610
1 50537 17020
1 14008 22721
1 131012 159652
1 75657 118354
1 192104 92452
1 177810 72952
1 44836 81292
1 101693 137829
1 110522 5454
1 166887 122342
1 157941 180726
1 99808 73914
1 108168 193900
1 171813 4911
1 181928 47404
1 101917 60095
1 97580 114180
1 126290 183466
1 58338 46927
1 199473 68244
1 18868 153841
1 117380 192801
1 30140 143698
1 111342 7503
1 109029 190559
1 127144 107668
1 107203 56446
1 185914 16185
1 86708 174160
1 6781 29877
1 43063 175597
1 111503 199693
1 149324 19228
1 122967 25515
1 89102 91217
1 65083 118974
1 83213 134314
1 186911 169042
1 139824 140140
1 162336 16431
1 174794 21370
1 54480 156407
1 116154 105175
1 87795 147195
1 107976 168605
1 35962 166430
1 151933 66878
1 42175 32749
1 16707 144569
1 159489 68669
1 76735 112544
1 158369 32774
1 188203 31817
1 183580 53248
1 89847 197585
1 54475 75133
1 198945 137368
1 21592 19526
1 32403 62778
1 194947 18488
1 103485 14795
1 173013 17696
1 62387 32726
1 127715 85078
1 88969 33686
1 198214 28375
1 69037 104565
1 173913 80294
1 2629 139588
1 115507 114149
1 69193 25466
1 100326 157615
1 89186 109362
1 21497 71545
1 158724 62879
1 3490 34857
1 23626 57362
1 87238 134581
1 146896 10542
1 78452 116992
1 106325 181290
1 53215 78257
1 194768 6280
1 87004 184278
1 71699 11028
1 61532 63032
1 172895 127391
1 58027 82879
1 168518 165501
1 65129 85320
1 121159 130174
1 138439 82309
1 40487 146537
1 187461 145301
1 133132 154494
1 67242 92195
1 119519 2284
1 52612 116100
1 111393 148368
1 67682 105932
1 76877 22576
1 148815 122290
1 12719 19384
1 112784 164260
1 772 139572
1 103584 151916
1 110868 91982
1 150571 139460
1 147340 172681
1 49417 25526
1 95903 44926
1 57277 696
1 21023 184853
1 49197 68679
1 149847 46919
1 27362 70658
1 684 194130
1 116419 85705
1 107571 92925
1 131662 180311
1 33749 59726
1 2264 52060
1 114658 114696
1 181638 17886
1 155378 162602
1 49227 190866
1 155522 83877
1 97508 118902
1 25998 122781
1 138449 156530
1 180970 122851
1 70998 8879
1 97703 52848
1 61745 72311
1 41955 132261
1 199837 63246
1 199984 130562
1 154951 139344
1 9257 142949
1 64848 121036
1 7120 36292
1 157252 66592
1 183148 53229
1 26264 168854
1 110563 127548
1 185258 50686
1 188179 135069
1 29684 84236
1 89846 48836
1 187281 116596
1 55670 141802
1 64501 97732
1 33933 128009
1 26151 161217
1 194529 169499
1 60289 174278
1 73823 64783
1 151658 155737
1 55510 86220
1 91409 156047
1 19670 194921
1 167342 49314
1 155977 37037
1 108405 41744
1 2577 60164
1 80155 186167
1 138852 199234
1 119181 109102
1 11876 73435
1 119022 149798
1 140163 131170
1 179984 168066
1 44437 14274
1 159029 87988
1 164599 138555
1 132039 20633
1 45535 1758
1 84438 162326
1 176452 110986
1 12305 159091
1 25649 7593
1 50183 151992
1 186469 173478
1 128095 51526
1 37870 175728
1 45653 109048
1 112518 68148
1 105974 14714
1 66412 136598
1 159391 138985
1 145927 72946
1 41906 193772
1 157879 104977
1 163609 134482
1 98941 125550
1 133376 121454
1 145742 15146
1 140812 82863
1 132914 57677
1 159713 160067
1 195362 117056
1 179091 62125
1 111714 52231
1 179115 179749
1 122332 79619
1 38814 147824
1 81214 2984
1 77578 73281
1 76565 196987
1 74929 90959
1 198315 134543
1 2169 138359
1 89438 23873
1 191780 404
1 137410 185137
1 49164 95517
1 96632 49154
1 153058 196607
1 175631 164693
1 5095 140667
1 45467 51841
1 7403 10242
1 141397 67799
1 132806 73999
1 31602 65556
1 195604 194244
1 194182 155110
1 134517 122696
1 195803 198756
1 111493 199520
1 180173 176520
1 167255 189773
1 118313 38191
1 92024 5285
1 172102 193364
1 70498 94197
1 77091 66760
1 83774 150934
1 124867 75317
1 29663 19534
1 146245 77844
1 31996 109290
1 118535 112171
1 183404 181657
1 196988 91404
1 6056 36939
1 187212 132811
1 39292 186506
1 174828 143231
1 100302 92824
1 18047 87037
1 118228 8906
1 130540 194704
1 135439 119717
1 30912 96187
1 99917 102327
1 137542 178482
1 160927 193399
1 70821 26134
1 148950 58337
1 72506 54513
1 136708 114827
1 84982 75378
1 86193 159052
1 377 163690
1 152220 64591
1 124080 111367
1 51508 118771
1 186796 83216
1 110294 115429
1 78660 147105
1 28872 107009
1 41261 53031
1 196725 69478
1 96728 86367
1 68971 62168
1 127755 179019
1 182547 174362
1 6211 53941
1 191216 48012
1 199113 146088
1 128602 132034
1 198227 146412
1 91579 38054
1 165149 116225
1 185226 71504
1 21192 166878
1 154312 48420
1 68275 141419
1 84024 185388
1 73432 51325
1 131555 111862
1 97129 162065
1 181515 109103
1 57324 152460
1 138543 67969
1 32211 46385
1 116735 154282
1 9439 139106
1 11233 98461
1 31351 122203
1 5285 125790
1 81284 71020
1 22084 110105
1 8975 40950
1 115743 68419
1 106846 122281
1 71605 114804
1 113292 17661
1 181413 81859
1 124519 22510
1 114278 100579
1 36815 102844
1 115845 158462
1 20876 67170
1 125598 136528
1 166128 59478
1 18205 172998
1 25262 85057
1 309 192983
1 129978 35264
1 124577 186274
1 143905 87067
1 101530 82185
1 18219 18565
1 56345 78221
1 199919 19860
1 19023 14699
1 179830 74882
1 92962 35574
1 12627 104868
1 199273 103989
1 51330 24873
1 18026 1791
1 99712 11926
1 169555 20438
1 138154 185665
1 196919 168961
1 77466 192971
1 94858 61357
1 112510 136802
1 25759 6853
1 83001 79094
1 107553 47503
1 35071 115835
1 187791 97738
1 167787 132256
1 88956 161734
1 182052 154062
1 116614 39876
1 198321 173027
1 124758 40910
1 42649 128560
1 59097 4121
1 169727 164657
1 128189 107096
1 21245 65676
1 77935 39139
1 162239 108684
1 2963 138186
1 48930 144671
1 154756 58355
1 69901 189069
1 38669 33915
1 160655 9467
1 73192 166090
1 35642 144928
1 73334 21496
1 24639 120134
1 89279 176608
1 105674 13508
1 129259 173699
1 93793 27578
1 135168 15584
1 127032 65102
1 101278 89937
1 79511 33637
1 84280 188072
1 84719 151461
1 182741 148874
1 159289 126633
1 88839 35595
1 178961 185476
1 165226 145099
1 135314 27387
1 132896 156945
1 56307 19325
1 173259 187750
1 134561 15462
1 47179 65651
1 167005 44531
1 113082 165598
1 171735 125831
1 86949 166625
1 149771 161886
1 113292 131181
1 57693 34192
1 98140 143807
1 97328 37193
1 94252 188608
1 99596 72647
1 19317 132129
1 110512 36948
1 182038 6583
1 193717 131846
1 97544 29589
1 123748 3188
1 1694 34280
1 91161 69883
1 143105 43735
1 180569 30065
1 88170 86299
1 158576 60583
1 40159 45084
1 77519 101733
1 161778 70734
1 189029 56993
1 87543 168522
1 45627 4929
1 15684 82160
1 88149 169363
1 140399 163580
1 193991 24330
1 100292 54503
1 95830 83386
1 30469 96449
1 151119 153045
1 162726 160013
1 130668 98152
1 47368 157852
1 27685 16593
1 47413 90157
1 36883 61891
1 54363 39171
1 159244 167164
1 20813 89288
1 96954 87429
1 132984 194722
1 54398 8170
1 189858 189396
1 115460 16252
1 138153 115224
1 185255 174596
1 171513 149113
1 64264 17737
1 13326 168374
1 64810 36933
1 118060 147541
1 24592 184739
1 17244 137093
1 159961 91133
1 50985 30712
1 79388 120915
1 19034 166335
1 126463 182287
1 23793 20006
1 170141 138872
1 86501 155794
1 79001 76532
1 149723 114970
1 166012 187843
1 16491 22755
1 154454 25080
1 79697 50431
1 1619 128442
1 65457 197063
1 168156 28411
1 138384 73078
1 178673 178167
1 144335 2441
1 79492 82096
1 110825 193942
1 159513 16360
1 89840 99945
1 192859 101663
1 83908 163109
1 148801 166606
1 151509 176089
1 183650 143652
1 9114 130786
1 199381 168000
1 36497 112961
1 124237 171951
1 145209 134461
1 102963 15463
1 80013 137850
1 182341 79492
1 66946 154138
1 156142 194946
1 111811 141076
1 193895 7867
1 48940 15892
1 40462 28834
1 52037 143059
1 261 184575
1 141376 27830
1 58573 135981
1 5749 7531
1 25122 54289
1 131869 123330
1 41817 82076
1 62477 67401
1 70008 16324
1 180276 68908
1 2390 155583
1 121302 35724
1 38260 94465
1 15691 37342
1 5147 70902
1 143667 326
1 152247 199746
1 20475 134516
1 142579 53944
1 125589 37566
1 130389 153561
1 114356 25151
1 160604 63758
1 6342 74991
1 159767 148584
1 137142 6980
1 60105 146199
1 119201 193672
1 29755 70120
1 153240 90235
1 13793 114052
1 30358 153964
1 99057 94309
1 180163 113171
1 109311 26
1 144553 93809
1 4509 146430
1 42998 194475
1 46898 189173
1 18866 116515
1 185306 69352
1 165505 24
1 82173 83265
1 169692 145600
1 107891 131562
1 50572 73700
1 117399 194626
1 160168 93052
1 193769 19680
1 94992 74123
1 171946 7499
1 40489 100604
1 98419 160314
1 11354 142654
1 114709 7817
1 69959 72989
1 155895 158139
1 101773 72482
1 124908 172087
1 152895 151533
1 154132 5437
1 54943 120272
1 117621 113385
1 155999 179374
1 177882 31786
1 184537 142421
1 9579 7043
1 98380 165656
1 180749 61251
1 68378 15601
1 4989 196993
1 119102 75542
1 55080 195995
1 3474 168473
1 19021 69743
1 76097 171526
1 91158 27226
1 107209 95607
1 31668 1456
1 7924 66235
1 192377 94844
1 59159 184935
1 191930 105530
1 125964 195644
1 142566 28306
1 90028 89787
1 51681 61078
1 172943 194116
1 86308 29054
1 194248 53430
1 163865 65250
1 18779 38083
1 58162 199353
1 45825 197522
1 107786 123793
1 119327 40858
1 144704 86287
1 91906 27772
1 21648 96360
1 29919 123808
1 126323 40991
1 178505 38676
1 162041 512
1 128242 132514
1 61540 3933
1 114022 197680
1 117831 10120
1 102981 13020
1 113183 121362
1 54145 114968
1 145138 192066
1 67032 119363
1 132710 158872
1 134162 141449
1 37156 165124
1 8126 28541
1 190830 62689
1 47401 21557
1 125053 41079
1 161247 1445
1 174559 23984
1 169189 142463
1 100687 175577
1 150967 43466
1 186518 27804
1 71423 118657
1 9569 77501
1 160790 191983
1 66084 189074
1 118207 86536
1 145006 198663
1 172768 125322
1 181582 160658
1 113923 21780
1 158310 156786
1 166349 93063
1 122765 114031
1 188926 68571
1 50153 45837
1 50665 155268
1 43981 25617
1 71156 165126
1 115793 83576
1 196115 96661
1 80048 11956
1 146368 63152
1 197479 28393
1 7871 959
1 395 744
1 99089 148844
1 189995 66987
1 122165 123263
1 143142 93521
1 95846 135101
1 145550 176027
1 93970 136770
1 198398 51111
1 54744 27166
1 55033 43243
1 5765 116397
1 97093 89525
1 195471 131322
1 30662 99874
1 59025 13781
1 174558 177116
1 90377 181362
1 141124 155480
1 120207 27845
1 140771 128847
1 157912 196956
1 58677 48892
1 6443 187837
1 95585 2263
1 181283 55425
1 82770 161680
1 101733 94831
1 191896 169998
1 45858 117212
1 165187 188393
1 189455 121539
1 50046 106150
1 100324 199200
1 133673 20722
1 190739 66898
1 37563 78945
1 155915 131889
1 24727 53672
1 161772 2348
1 71468 39001
1 97932 55271
1 20434 49117
1 122666 44116
1 82147 124343
1 95282 100496
1 156503 189176
1 5169 21057
1 15459 179902
1 4890 126445
1 21395 3441
1 117049 104925
1 64934 129919
1 13558 177779
1 69483 81879
1 107085 155400
1 156441 185252
1 91852 185353
1 170867 20556
1 120014 186003
1 63069 47656
1 148598 195854
1 123641 153989
1 114671 150727
1 194054 29851
1 135458 135186
1 81146 197517
1 43768 159966
1 181277 124833
1 187154 69466
1 91561 190017
1 52230 176007
1 113440 19826
1 122139 177822
1 28653 5267
1 68679 8869
1 80830 33881
1 23144 115597
1 152481 10121
1 164545 178126
1 79518 14134
1 181814 184326
1 151316 123133
1 132554 180942
1 104983 17278
1 111447 58782
1 101321 116317
1 150990 26403
1 151031 17017
1 96177 81439
1 14774 191019
1 38543 47297
1 9791 81473
1 68286 132357
1 67527 118012
1 61470 12813
1 97763 189512
1 195404 147009
1 12571 165626
1 121253 147492
1 18764 139024
1 115325 39416
1 182276 49828
1 170143 103315
1 95960 143346
1 18438 62402
1 43976 55563
1 38876 75807
1 12695 153177
1 107826 190894
1 92516 469
1 196863 195005
1 114253 157894
1 36125 21627
1 59590 28221
1 177346 11672
1 109237 125325
1 112699 55775
1 136593 6798
1 159279 194384
1 158650 184021
1 174225 77825
1 59163 67117
1 130790 97079
1 110910 180697
1 111161 44161
1 152495 28110
1 28508 33108
1 148693 56939
1 66273 75501
1 34574 79931
1 111192 68771
1 9865 144622
1 91659 2635
1 78632 46803
1 43063 4625
1 169110 41753
1 167756 56788
1 13221 193607
1 91623 44162
1 30445 47673
1 49870 46837
1 17313 84189
1 20205 115533
1 68339 21422
1 163600 176142
1 13929 105455
1 29665 13244
1 30080 197803
1 87843 4469
1 164737 119019
1 180846 99278
1 130403 106360
1 35053 158770
1 132320 12306
1 14805 135415
1 19099 137649
1 47656 148546
1 94129 71227
1 54634 122653
1 106397 143686
1 9186 162134
1 176977 163472
1 142419 31323
1 7763 104507
1 57980 186899
1 122837 134605
1 68878 83584
1 130201 55656
1 70509 48979
1 192900 160582
1 47338 167630
1 122112 162552
1 17470 199136
1 147159 1760
1 96522 33086
1 197837 20780
1 197966 170238
1 178110 23829
1 48807 60088
1 105913 34968
1 179278 64864
1 47068 46387
1 134861 187998
1 122096 199714
1 111492 133615
1 26311 128987
1 30428 20672
1 131476 196424
1 120906 92424
1 147531 97476
1 171334 96231
1 160122 182872
1 105165 162621
1 152743 68407
1 63253 193356
1 71530 127160
1 195984 105489
1 23948 199635
1 60773 172768
1 24161 191646
1 48105 85567
1 77027 188041
1 41956 118020
1 173904 121111
1 138562 180786
1 152646 14942
1 91287 145680
1 18396 14018
1 24791 110475
1 119940 150190
1 76117 30798
1 7390 154452
1 119804 157088
1 154015 171238
1 97932 188222
1 6179 158804
1 187222 114361
1 69583 164999
1 158585 59602
1 81259 162398
1 158750 153748
1 145535 22120
1 7026 183794
1 35884 147426
1 132196 72097
1 88973 97906
1 60895 20215
1 186574 196132
1 65416 132932
1 8780 152548
1 76218 153073
1 35502 189563
1 9921 172888
1 130436 175438
1 154133 63395
1 50014 91989
1 128536 131624
1 64942 127704
1 50002 36611
1 117089 94063
1 120044 58934
1 50811 111035
1 100522 178174
1 29297 87519
1 76653 107318
1 162188 87748
1 50857 30832
1 170363 136589
1 44643 179601
1 148024 85910
1 58158 163630
1 35488 56819
1 115815 1253
1 61196 190183
1 54702 65982
1 134196 156003
1 159526 166786
1 85829 150400
1 186095 167323
1 107136 69567
1 124899 26541
1 94037 146623
1 34831 102259
1 25281 13248
1 115956 174110
1 179622 8407
1 22141 117227
1 73897 68145
1 54274 31235
1 66064 26445
1 166845 197336
1 73307 2420
1 111499 64893
1 51171 60602
1 26342 55302
1 41842 97466
1 81826 195041
1 152226 133198
1 37350 42931
1 22073 25997
1 32683 170294
1 19651 18633
1 34682 15763
1 119857 186760
1 199778 181051
1 188786 257
1 57784 159371
1 102224 145370
1 78547 56288
1 94349 133025
1 56391 97784
1 12351 122441
1 179489 182218
1 3816 80167
1 69732 39399
1 164185 25836
1 14978 146962
1 22345 156067
1 16157 53340
1 136689 150254
1 15999 7492
1 143275 22205
1 101911 71694
1 161226 31439
1 1142 38690
1 79740 77741
1 108490 163624
1 83551 161060
1 159578 58785
1 2145 30274
1 170434 67912
1 97947 22740
1 118383 128489
1 125743 54046
1 133086 188417
1 65696 49115
1 145681 125783
1 96753 148791
1 130258 73434
1 113602 145994
1 10412 55420
1 28712 85014
1 49894 782
1 174603 53891
1 176451 81053
1 8388 165081
1 13175 44428
1 116470 119359
1 39787 48691
1 59757 65586
1 163188 90679
1 154614 102345
1 167183 185066
1 156031 64488
1 69792 189670
1 94831 10370
1 158252 137381
1 199047 99091
1 150229 64355
1 83322 91741
1 8853 128566
1 141065 129762
1 181245 23021
1 154019 108451
1 74798 148968
1 17340 30807
1 76056 35000
1 154732 22382
1 119411 64375
1 126602 3528
1 5563 8554
1 121993 46768
1 65520 87253
1 44755 99166
1 163213 13598
1 17700 194604
1 130183 69797
1 93801 122711
1 117578 157282
1 41369 2425
1 100848 86721
1 7827 86597
1 166722 138043
1 108281 3524
1 88755 196342
1 170444 58254
1 135001 101534
1 176777 116364
1 170414 134724
1 184579 159917
1 46791 95415
1 144578 73702
1 75283 2785
1 10331 144814
1 62935 17060
1 100432 122873
1 95464 186293
1 179306 176820
1 162922 74168
1 23829 93825
1 59400 85725
1 198652 48436
1 161139 162235
1 4646 64462
1 13471 69227
1 185424 151929
1 13114 49383
1 54347 24644
1 131567 36450
1 98455 123424
1 98908 58986
1 160705 139738
1 34192 126524
1 56570 6491
1 111880 175144
1 7737 140190
1 51241 12966
1 134419 169712
1 32769 82360
1 82264 99373
1 73402 69505
1 41328 129657
1 174560 157092
1 6327 197309
1 55061 97761
1 189334 138148
1 25617 172332
1 75874 178454
1 107358 62863
1 65658 109747
1 119443 65090
1 191324 75922
1 80976 43657
1 175303 199227
1 159675 128141
1 31959 130275
1 18041 26110
1 103581 164135
1 107375 66537
1 126270 49163
1 57275 120533
1 73167 62132
1 127917 36515
1 9326 139299
1 121995 39205
1 82338 52468
1 149828 30527
1 99382 52375
1 55411 139516
1 48530 62285
1 70232 133939
1 34076 48486
1 15506 99355
1 6799 179321
1 105057 128107
2 56364
3
