200000
1 139341 144300
2 70862
2 168233
1 179473 89588
1 41246 8436
1 98045 113646
1 136880 77302
1 96033 164676
1 71796 12857
1 62295 104582
1 99855 3067
1 193839 107758
1 59452 130163
1 165558 50389
1 15986 95521
1 85513 35479
1 68179 4827
1 44763 61636
1 187350 166293
1 8899 114505
1 111735 166257
1 185354 61789
1 156573 119815
2 43955
1 186532 187084
1 33551 95435
1 73995 189324
1 160386 139570
1 48633 36825
1 145311 186859
2 44882
1 24699 46411
1 37193 127913
1 158894 115035
1 35447 44880
1 110193 12349
1 151306 144989
1 58297 19367
1 79228 68542
1 30543 23297
1 12126 179584
1 187557 47823
1 5313 194908
1 55769 195489
2 111974
1 42175 51977
1 29215 166825
1 174307 90519
1 32467 199465
1 177088 197054
1 192414 185274
1 171347 4566
1 117948 44111
1 68249 157476
1 5465 45602
1 21440 108134
1 116126 61862
1 199438 33949
1 46842 79278
1 180241 180379
1 34995 192670
1 68870 80911
1 124652 150227
1 142605 30222
1 45561 2255
1 146701 146532
1 1761 125991
1 72100 110748
1 141939 55280
1 169874 22540
2 6540
1 182235 67558
1 57509 32359
1 151107 42472
1 108746 172453
1 132185 53576
1 145827 104607
2 137972
1 64861 105977
1 175240 158444
1 167480 43704
1 105299 50476
1 47288 179099
1 57557 155834
2 83674
2 191707
1 23749 137712
2 38471
1 137891 146478
1 81759 133208
1 65571 49945
1 113866 61558
2 81440
1 167789 106109
1 30345 383
2 50840
2 51077
1 167969 185219
1 52588 79505
1 15437 185276
1 155537 31222
1 192476 60813
2 189224
1 52813 196518
1 29898 156333
1 161278 185517
1 30289 159154
1 9815 83529
1 3332 27567
1 28188 131412
1 192536 134093
1 129800 148567
1 96082 63088
2 172823
1 17971 168053
2 37047
1 8341 98864
1 160776 63505
1 77652 86623
1 96415 155778
1 161452 34964
2 196182
1 142127 102815
1 122758 136691
1 104046 64937
1 107127 100990
2 128855
1 80032 186338
1 182907 139446
1 103850 29005
1 21109 54007
1 160341 140960
1 97538 104244
1 102240 130248
1 196036 136383
1 32905 26861
2 166197
1 16813 62419
1 61404 155797
1 133393 84184
1 149178 163609
2 36316
1 192589 13646
1 118877 35692
1 129889 80738
1 105192 38864
1 132450 152320
1 65191 118700
1 130134 20664
1 86980 112303
1 25009 190766
1 157827 105015
1 60345 37351
1 154635 190658
1 63161 139605
1 119477 80729
1 98474 114656
1 119060 133752
1 25118 631
1 114565 131072
1 132847 18136
1 7544 164256
1 133159 100508
2 164032
1 122765 182513
1 45288 125527
1 138199 82496
1 112658 185845
1 97220 4606
1 14218 123475
1 123258 100024
1 41813 148859
1 110839 160200
1 23658 180818
1 109784 148162
1 97054 49512
2 84006
1 59658 127442
2 186505
1 87030 142735
1 41753 146097
1 188168 29271
1 1606 31969
1 192719 148266
1 100142 120575
2 110806
1 93598 131485
2 112017
1 2305 177562
1 20622 163139
2 73320
2 117752
1 6954 103057
1 17578 141149
1 36512 175124
1 6296 123666
1 132632 16998
1 110924 37898
1 160427 11827
1 40514 179433
1 93600 133620
2 31969
1 168276 135740
1 9819 6636
1 86507 80779
1 179877 161005
1 74475 117101
1 190010 126943
1 63737 163172
2 78398
1 196029 36025
1 52892 104644
1 170442 173250
1 77006 23773
1 113773 44481
1 182666 73377
1 131607 131244
1 46793 94461
1 121300 97066
1 108123 57726
1 138645 52929
1 65043 1436
1 45048 94656
1 102002 132938
1 94746 67757
1 89361 176638
1 28127 30257
1 8722 67516
1 8065 174083
2 48776
1 118644 129112
1 4400 10341
1 191312 8296
1 181820 56165
1 42735 80241
1 14707 181177
1 125018 184947
1 87430 67127
2 194589
1 178467 127545
1 15857 145016
1 130244 97842
1 58575 142728
1 84590 165441
1 119440 66548
1 142715 176
2 130152
1 188003 123486
1 164828 112725
1 67958 156879
1 46560 6886
1 181236 168250
1 177545 92620
1 57907 169768
1 153903 156646
1 69492 109166
1 143190 54599
1 6906 36948
1 32092 191178
1 163148 36680
1 52583 185369
1 173447 93060
1 145551 69498
1 46119 83005
1 102343 120347
1 101782 174030
1 149138 171423
1 195958 151268
2 77795
1 151253 131244
1 101291 157780
2 186470
1 115575 141596
1 128803 151797
1 38199 107714
2 18823
1 70086 168407
1 7991 2926
1 146054 437
1 145228 48306
1 11388 62215
1 12671 147187
1 166563 16074
1 88978 172325
1 142031 43758
1 157791 98909
1 170487 192640
1 9151 194717
2 88644
1 63105 82554
2 192358
1 92036 60463
1 166621 96497
1 89395 49226
1 126504 189816
1 88038 137203
1 50026 124542
1 21524 35499
1 125558 85321
2 47005
1 177146 121297
1 180758 169522
2 122965
1 195547 82411
1 167611 23814
1 58439 31374
1 44052 158009
1 70103 24435
1 43476 119313
1 10610 62714
1 100564 34586
2 156423
1 60655 16166
1 140858 106173
1 155517 135326
2 76731
1 176030 174430
1 126370 54010
1 20195 21511
1 88733 98096
1 152097 139720
2 168067
1 58140 60261
1 190765 29215
2 8097
1 60219 91786
1 158390 127999
1 16627 168778
1 119274 60006
1 101672 25776
1 194042 65119
1 29208 104931
1 146139 68980
1 6949 5691
1 170425 35421
1 167236 89869
1 176127 70766
1 28970 56373
1 196259 49728
2 161972
1 57989 197813
2 192055
1 159145 118051
1 199856 8760
1 170628 15860
2 170091
1 83497 77096
1 16897 58810
1 62398 137105
2 52526
1 143527 13770
2 8589
1 5969 818
1 96881 93636
1 39560 65266
1 4893 123579
1 17353 184344
1 69647 181380
2 175585
1 196795 156936
1 128725 168348
1 120711 158424
1 68638 198512
1 181707 93927
1 64743 141352
1 187208 155456
1 136523 49811
1 36965 15391
1 138264 188781
1 48667 117693
1 44509 27917
1 135203 20121
1 102454 130001
1 5469 24200
1 187349 16967
1 40322 9536
1 23443 88861
1 54604 42977
1 54007 46347
1 182756 170053
1 37061 156735
1 140876 71689
1 89931 49930
1 3534 76060
2 159336
1 42875 740
1 95123 93853
1 56233 165993
1 161704 122137
1 176862 67392
1 184873 182463
2 33898
1 10152 141125
1 13706 74213
2 148597
1 27012 179286
2 144973
1 82900 107123
1 55099 178212
1 40371 4037
2 126428
1 18518 53599
1 148221 59153
1 192491 29213
1 26233 62479
2 65639
1 19351 153402
1 109538 146500
1 194992 197269
1 96150 10137
1 199011 145211
2 75014
1 126225 169118
1 99463 59359
1 148985 38344
1 192500 128230
1 121643 123474
2 90661
2 71780
1 62848 177249
1 165481 82173
1 100343 70415
1 41218 163882
1 86857 45580
1 33051 50358
1 72063 46126
2 179091
1 144590 82342
1 188325 42539
1 188992 60957
2 81840
1 114565 183056
1 190771 128598
1 6190 151879
1 11694 121394
1 149215 104057
1 105997 41690
2 193047
1 126529 12784
1 187396 59296
1 54279 53116
1 186307 31573
1 44036 119368
2 159571
1 147555 122970
1 39728 182197
1 29461 54360
1 148239 148954
2 78959
1 119971 80568
1 50446 36959
1 67593 16858
1 52190 192952
1 89753 20668
1 104017 133993
1 104437 43786
1 82208 110302
1 60642 11745
1 192122 138292
1 105595 41175
1 126159 120099
1 179287 165263
1 28441 161639
2 63415
1 149107 167339
1 167333 38197
1 76000 1855
1 195352 46441
1 126710 24634
1 10874 129630
1 59001 58114
2 113222
1 89222 95086
1 170544 39300
2 81697
1 122109 95867
1 64415 81462
1 5330 180134
1 176648 46104
1 116303 10192
1 141782 198029
1 43576 177897
1 67905 52510
1 112793 112354
1 123495 67164
1 110730 161941
1 148978 58420
1 74370 105520
1 171335 42164
1 105632 22631
1 44272 80733
1 26101 199194
1 3084 47019
1 29718 12997
1 138230 40995
1 173152 130407
1 72819 195677
1 138636 130164
2 113119
1 169281 150773
1 17776 101465
1 29015 166183
1 58418 133038
1 44257 197419
1 156462 18500
1 146087 115280
1 38352 18696
1 23131 199739
1 29277 68890
1 189188 106674
1 95162 93879
1 80046 93669
1 177474 35879
2 28880
1 171112 88646
1 129062 154942
1 125431 7269
1 71981 97232
2 98765
1 55595 168806
1 106706 152032
1 130053 70468
1 14186 161189
1 7543 101676
1 39527 129089
1 120353 190
1 81343 183538
1 3108 69410
1 13174 196991
1 122570 38357
1 122727 120861
1 68338 29555
1 163922 132579
1 30846 35527
1 183335 97584
1 109695 28304
1 3858 145051
1 50593 145430
1 151879 97627
1 27347 85614
1 18448 92280
1 160506 11594
1 12052 173810
1 108758 149189
1 126442 21488
1 63220 36973
1 21790 122795
1 186646 48209
1 113923 45147
1 800 101132
2 139065
1 161471 169796
1 89961 22465
1 63285 431
1 93000 190271
1 42137 168181
1 93410 2318
1 71236 113851
1 59367 33610
1 19667 86308
2 3110
1 189871 24309
1 1698 14526
1 68394 152243
1 95191 114503
1 94967 14081
1 58517 84417
1 160955 2692
1 127042 11517
1 50511 143396
1 158728 141451
1 46703 144723
2 20128
1 159546 44199
1 17725 110498
1 25976 144122
1 72997 131147
1 129693 852
1 11710 90254
1 114584 101426
1 35789 56861
1 87777 167632
1 82810 185017
1 189180 32595
1 161277 150328
1 121037 20344
1 185798 126103
1 130013 183357
1 13484 176704
2 166636
1 143815 57177
1 84449 5687
1 146526 163123
1 197768 66251
1 121993 162573
1 196418 68747
1 37748 129551
1 119085 102910
1 190520 108835
1 174027 194525
1 168926 25570
2 188338
1 14923 89458
1 160128 66485
1 2327 134346
1 76613 64914
2 52789
1 193445 58776
1 128223 133742
1 178021 176923
2 183806
1 113801 142916
1 145924 76269
1 30900 82060
1 153796 197061
1 109172 111657
1 128465 15666
1 156324 188375
1 53634 82936
1 189954 138761
1 190604 17606
1 136311 162523
1 48816 147520
1 25572 18939
1 138915 30407
1 65391 100563
1 93117 45708
1 6606 42361
1 38631 172181
1 94100 46682
1 104575 94222
1 151226 98916
1 189901 27475
1 36207 75124
1 199211 64701
1 119714 158271
1 61423 6699
2 122447
1 126940 66077
1 106660 77640
1 99180 132939
1 42702 81158
1 184054 56596
1 62661 156080
1 28658 58945
1 113805 85035
2 184734
1 188848 117418
1 151789 156798
1 127513 99146
1 133393 192500
1 120001 140145
1 90744 99203
1 103098 18086
1 164675 86430
1 185482 98652
1 105697 153910
1 80377 110051
1 152579 81667
1 126618 171088
1 49858 87826
1 119320 139178
1 138190 172303
1 88516 103766
1 76826 109909
1 32156 76229
2 136134
1 154856 112221
1 5493 5837
1 44346 89803
2 194338
1 120613 84100
1 125364 16501
1 9055 59169
1 69147 115593
1 55002 131760
2 50770
1 128772 146614
1 161700 6688
1 145955 46673
1 40673 178639
1 179780 37591
1 111347 26896
1 98283 122570
1 96616 41002
1 60564 94610
1 22583 23721
1 4066 55240
1 176395 55428
1 187724 45503
1 155406 175118
1 105027 158357
1 162103 45857
1 112934 11576
1 22487 185672
1 83754 129532
2 168288
1 86812 93251
2 17145
2 101249
1 173336 101070
1 184699 141554
1 26534 41996
1 2134 64202
1 61939 79968
1 154435 63267
1 63542 8943
1 85280 37844
1 11077 147849
1 9335 177943
1 114687 170608
1 172423 189304
2 44219
1 85049 59992
1 15551 147440
1 26860 2751
1 80450 163301
1 197175 72109
1 48197 126044
2 62300
1 59040 59486
1 138180 190183
1 167723 156313
1 164167 46170
1 157829 101064
1 27281 93784
1 69706 9038
1 757 178325
1 9226 196072
1 49707 158205
1 4018 98301
1 187537 125220
1 60921 92199
1 145283 134190
1 79567 127041
1 10141 74944
1 179651 185268
1 94669 60070
1 28659 58685
1 115870 9542
1 196473 55105
1 96643 180357
1 83796 25235
1 192032 92408
2 12885
1 190363 101855
1 162901 21003
2 194864
1 74875 155389
1 71929 147072
1 106407 107473
1 101622 87120
1 104984 182481
1 174109 70346
2 112797
1 185171 58271
1 103565 61308
1 165769 15538
1 198519 113119
1 125004 142493
2 80137
1 125569 79728
1 138202 174812
1 21579 98600
2 190579
1 143175 53475
1 4624 180861
1 127544 197042
1 39035 120062
2 92731
1 29200 191730
1 17773 55458
1 33635 27608
1 9708 177685
1 105675 145590
1 97542 192574
1 778 107779
1 11207 48053
1 164597 145844
1 22777 61870
1 21857 57092
1 165812 104162
1 39435 6
1 23847 12923
1 173062 57128
1 80421 129219
1 122347 116234
1 113268 101519
2 146172
1 141029 13586
1 153624 169944
1 73381 198408
1 48931 189478
1 62717 61234
1 151470 119419
1 85806 69839
1 68505 77070
1 147066 43335
1 188916 141919
1 137616 40827
1 92363 46690
1 171325 148881
1 6643 173170
1 199696 82047
1 128084 95156
1 11022 4503
1 148214 63945
1 87319 76692
1 142992 108728
1 32729 44260
1 5838 69914
1 133236 164278
2 131299
1 192839 154860
1 132961 13584
1 132713 108182
1 87667 25843
1 143389 184956
1 183455 112531
1 77797 51987
2 162941
1 10020 124602
2 77460
1 84661 58548
1 135846 147522
1 128697 48024
1 68371 181618
2 25237
1 22924 52715
1 137866 103438
1 61659 118004
1 97270 84056
1 127943 160099
1 165401 60067
1 44885 169031
1 103907 177447
1 728 184437
1 14575 17072
1 64253 77428
1 149484 181357
1 150035 36969
1 133708 134901
1 20378 169924
1 47409 156379
1 100366 57388
1 31893 22899
1 181235 154089
1 184888 140325
1 79522 63185
1 31247 48946
1 133076 11637
1 26539 133700
2 7407
1 152044 15399
1 174541 174607
1 98581 145366
1 46684 174679
1 100776 183341
1 83554 57399
1 33736 67500
1 87293 174207
1 151677 72402
1 76652 24357
1 112821 107905
1 62645 118547
1 172124 108335
1 173015 49077
1 60894 5775
1 110194 187713
1 179962 181887
1 62517 11527
1 187465 132723
1 64905 1211
1 104782 115490
1 125116 145025
1 37376 167407
2 9968
1 61037 176725
1 135114 126661
1 79162 161810
1 190700 30340
1 40301 16209
1 92047 176653
1 91738 91217
1 41919 123331
1 21374 133700
1 180161 184502
1 194724 49172
1 150 146129
1 79513 95223
1 161295 101188
1 138963 94133
1 91026 13877
1 178461 178039
1 42539 168163
1 27270 187602
1 2967 192154
1 17419 183700
1 58892 40285
1 39809 170702
1 148428 57169
1 14471 98274
1 194732 175462
1 188524 89615
1 181216 113739
1 40860 61754
1 109897 59859
1 141456 111615
1 99138 89314
1 23223 188345
1 130854 64284
1 87135 128462
1 174758 137231
1 175529 155774
1 112265 118816
1 94827 120428
1 70852 34483
1 160551 133293
1 30973 144991
1 178668 3281
1 44250 74577
1 162699 18992
1 111311 191039
1 199997 174263
1 191976 107152
1 1107 23539
1 118355 45194
1 94878 1437
1 102705 191996
1 144799 110566
1 85918 13484
1 91569 166852
1 120447 112899
1 188405 140989
1 5068 75512
1 76222 189747
1 155037 104122
1 33598 60273
1 91129 149986
1 117489 172661
1 19229 47960
1 130120 13054
1 175945 50052
1 119513 76632
1 172049 65655
1 27909 190437
1 105187 167323
1 114473 25710
1 107732 128280
1 48201 87145
1 93168 173961
1 65337 122253
1 186689 72926
1 98189 123092
1 87390 194642
1 98372 153808
1 174328 13072
1 139568 23346
1 37537 187681
1 42153 85590
1 169886 129242
1 86003 50514
1 194735 176643
1 120876 178753
1 51803 71946
1 39674 169354
1 131713 41193
1 197493 4662
1 181405 60245
1 87504 128434
1 85527 37417
1 654 22561
1 32082 152850
1 110050 36134
1 118003 69115
1 32230 148784
1 40943 91771
1 108161 192134
1 176026 81022
1 29459 31829
1 114734 89393
1 146402 8056
1 6104 164850
1 8266 15623
1 7177 132407
1 108384 157154
1 104251 44030
1 152999 158591
1 42370 20148
1 108278 128947
1 141397 98729
1 27241 173053
1 91741 181172
1 190855 169689
1 115517 119587
1 77428 21123
1 139554 12902
1 189400 48266
1 176269 96443
1 153424 91799
1 106206 27996
1 128147 189437
1 3171 161768
1 132135 40067
1 150433 160272
1 169028 148528
1 47202 89091
1 116296 76759
1 93247 123676
1 180510 29794
1 103792 60681
1 90537 74083
1 144914 194623
1 175861 154776
1 13111 10140
1 130655 76543
1 124724 119517
1 26626 169819
1 178791 196865
1 55910 104773
1 170759 20093
1 191396 191670
1 93424 148513
1 165981 66131
1 144046 94730
1 194524 189434
1 39626 108234
1 195592 38220
1 160211 81109
1 171151 179516
1 6447 73197
1 92495 53974
1 9698 85264
1 165894 171923
1 34014 177632
1 53372 173724
1 146763 120659
1 189743 89500
1 69720 149851
1 26751 10955
1 140098 163800
1 120859 158968
1 176996 53373
1 57131 81943
1 185408 1408
1 71871 61451
1 51277 82566
1 118584 103669
1 2625 86990
1 177717 7677
1 57376 95069
1 41601 165344
1 159877 106665
1 114491 70075
1 73649 112970
1 176133 52375
1 99922 117149
1 98353 16309
1 58261 184378
1 176233 62299
1 182639 179737
1 161501 27423
1 132967 146240
1 37170 180852
1 120296 101424
1 68329 153651
1 192646 128848
1 121869 119979
1 187407 74713
1 289 57707
1 174484 11012
1 51209 9102
1 143799 89393
1 54648 62537
1 141494 81369
1 90073 151601
1 198584 39414
1 152130 2832
1 141848 2801
1 65301 140458
1 112 175564
1 135544 75146
1 46696 33361
1 170104 114002
1 8447 45690
1 137978 162883
1 25816 60322
1 36578 133321
1 188744 152492
1 121222 21835
1 60318 174834
1 183509 78321
1 135412 105137
1 17540 119862
1 29558 160178
1 144762 194415
1 129137 67580
1 1788 92957
1 118685 121656
1 47643 180656
1 102061 118820
1 122012 122716
1 98582 72060
1 38760 165920
1 135262 67558
1 197365 91091
1 179943 199709
1 199348 54130
1 193147 193440
1 150333 172584
1 176154 162204
1 96119 151965
1 76866 30550
1 132748 181889
1 121278 29469
1 176396 81946
1 2610 197231
1 182369 168461
1 179493 42411
1 196467 57514
1 85392 117495
1 157212 1914
1 190438 21554
1 52302 184396
1 153444 97565
1 40451 73406
1 68315 170437
1 29222 79561
1 88251 103412
1 49088 199697
1 120098 103768
1 35429 55339
1 114597 20724
1 29087 97071
1 105438 16133
1 89371 68543
1 88631 38647
1 128019 3160
1 98485 117066
1 44859 131737
1 92232 135359
1 89328 977
1 197586 95303
1 125853 197326
1 100533 161517
1 185968 176675
1 76002 13954
1 166780 45497
1 14559 179849
1 80432 93081
1 117721 119524
1 167992 149176
1 193834 186687
1 190002 188804
1 122732 183291
1 101011 181934
1 157950 3101
1 10970 115641
1 19222 171256
1 74102 72770
1 53192 45336
1 161139 123919
1 199766 75825
1 4587 148636
1 110584 67271
1 40106 31268
1 81901 145759
1 108962 196013
1 93634 62437
1 69456 104727
1 140322 198622
1 8686 161958
1 131615 183697
1 134107 31373
1 54720 84658
1 129352 140285
1 100107 192975
1 58147 35374
1 84373 135870
1 182409 70125
1 17223 89479
1 137511 62503
1 91635 116813
1 91569 72117
1 4695 96130
1 113032 45992
1 141616 84940
1 181221 124823
1 142083 50930
1 95434 185254
1 129639 6348
1 137386 4504
1 146135 73129
1 185560 87000
1 168311 107970
1 22317 7876
1 189541 175839
1 77182 148859
1 174338 129928
1 175486 25449
1 113280 144303
1 146223 198288
1 65709 44059
1 150542 94105
1 53825 129432
1 3263 7195
1 4196 23261
1 137782 48619
1 7556 195070
1 38312 169380
1 40149 157011
1 14257 824
1 4713 184168
1 139143 16120
1 129651 19175
1 74079 126176
1 165910 154434
1 198430 159847
1 157618 58213
1 50306 137477
1 46641 66395
1 174546 121157
1 66447 182079
1 55875 21453
1 198825 129382
1 143340 174187
1 1543 22475
1 134444 106978
1 132780 183931
1 54618 4469
1 136861 188162
1 100141 2931
1 90160 82261
1 60077 20548
1 158039 136705
1 122650 126771
1 13036 60499
1 26779 140219
1 83775 118921
1 123817 107030
1 68574 9209
1 159740 83268
1 105700 18561
1 115510 117017
1 50053 152047
1 93903 100491
1 177305 5297
1 41665 127674
1 32423 125055
1 171700 189567
1 91123 36998
1 74924 46522
1 118602 138904
1 174642 92374
1 178445 108627
1 66560 69280
1 110076 104975
1 46192 126728
1 134853 176972
1 192487 166326
1 24525 172251
1 97278 90449
1 162622 182092
1 59889 107596
1 27474 159575
1 157388 135218
1 20383 50510
1 44050 198258
1 188578 184835
1 125807 100846
1 19856 198901
1 32992 112321
1 141979 188673
1 104417 126223
1 154498 101766
1 146711 125841
1 135708 22233
1 178367 16928
1 147173 114795
1 23063 18625
1 51338 54007
1 139915 159154
1 16626 122544
1 182498 53365
1 158925 18282
1 63274 175898
1 19105 196999
1 22433 89809
1 187858 32933
1 134757 34096
1 110578 104454
1 85854 141057
1 20233 130752
1 146346 119567
1 41574 19622
1 168585 137715
1 32294 186998
1 12682 126426
1 111365 122372
1 154870 94424
1 78947 179942
1 77947 13107
1 176983 16673
1 82203 12841
1 91066 147028
1 160598 143171
1 169261 33444
1 166868 157406
1 181357 106792
1 141656 192951
1 44056 147029
1 17057 189431
1 164800 150764
1 175778 65279
1 100463 149026
1 17189 60534
1 124667 33424
1 3258 139600
1 6603 186332
1 138534 192736
1 7658 195175
1 103050 166305
1 193420 47800
1 184530 17218
1 66527 146089
1 46815 136304
1 127380 37776
1 105654 59048
1 157741 17585
1 139626 185916
1 191113 154850
1 96774 197029
1 36589 101118
1 107904 195530
1 145813 64590
1 46939 78992
1 54011 157044
1 93531 118178
1 103463 120090
1 147886 19074
1 97208 172251
1 12888 4113
1 111985 176560
1 3296 118427
1 83335 31005
1 172921 102823
1 199594 120284
1 167667 171901
1 81042 28041
1 118307 191096
1 79756 52880
1 34704 106958
1 100037 171285
1 27680 27293
1 124757 38626
1 257 6201
1 169359 19350
1 18332 36659
1 90760 108811
1 13367 111403
1 196838 42696
1 187881 79512
1 182187 122216
1 197187 40279
1 114562 159626
1 112573 110131
1 156617 184891
1 186334 101940
1 46815 44576
1 12016 77099
1 56687 188456
1 172196 195516
1 155901 105266
1 164993 101485
1 136241 108538
1 109843 174638
1 18913 129354
1 163153 13097
1 185060 117086
1 146958 99083
1 142932 95320
1 139044 25747
1 74595 176165
1 194398 3418
1 2849 195631
1 112229 74468
1 94092 97541
1 11181 73126
1 129946 69127
1 81377 17752
1 177027 192342
1 172876 40828
1 160849 73467
1 32265 138415
1 50604 163094
1 42092 134512
1 47329 52746
1 4722 156463
1 6643 17448
1 54119 194455
1 22116 80793
1 181910 83231
1 33221 151503
1 46326 81165
1 189 41901
1 80466 100299
1 65686 71221
1 166458 22254
1 14862 25587
1 183016 176196
1 187356 175145
1 12405 151583
1 96064 48890
1 190461 48415
1 10640 132762
1 170640 140292
1 88192 114165
1 116955 145524
1 135986 181855
1 12950 19849
1 32702 19452
1 20078 152543
1 35715 159345
1 117109 21788
1 88751 42955
1 41160 106432
1 117899 365
1 167745 168367
1 101130 16191
1 10591 129981
1 198675 163413
1 141171 9017
1 93965 2205
1 137996 109628
1 191018 39822
1 133604 129139
1 105462 112973
1 103756 75051
1 75938 149153
1 141973 6301
1 74124 51609
1 158016 128891
1 21138 77180
1 154665 87865
1 34263 30769
1 157871 39902
1 114451 10352
1 105831 39821
1 123617 75112
1 73217 152399
1 165893 103346
1 105210 172771
1 185597 132662
1 64964 31560
1 155338 181788
1 148082 122122
1 95614 64054
1 187496 123084
1 20488 18604
1 172483 92116
1 43902 52328
1 133509 127133
1 74153 58562
1 168963 45336
1 189143 109998
1 3794 13316
1 76957 156325
1 105071 55792
1 63723 97041
1 150766 14734
1 64212 168188
1 136421 10298
1 59229 154619
1 22617 157451
1 59590 69783
1 51240 30169
1 176919 109436
1 19833 126224
1 140013 57381
1 168033 27892
1 101829 176391
1 110423 109492
1 5703 110077
1 165723 159923
1 120854 131444
1 142305 167252
1 111063 117784
1 77700 44614
1 121088 77502
1 184937 107793
1 98404 139859
1 157681 171936
1 107067 45253
1 106403 190799
1 150710 6064
1 175704 55158
1 180931 194315
1 66472 81206
1 191966 102868
1 84566 169539
1 137113 188921
1 195191 157171
1 109164 60744
1 86568 36166
1 50496 163353
1 33457 54774
1 143545 48378
1 101492 151040
1 20354 138523
1 4571 138355
1 142877 47867
1 141952 42552
1 199146 172306
1 21598 150947
1 32184 15041
1 25592 130617
1 64138 87735
1 178696 194178
1 124139 70884
1 191082 170129
1 104181 120675
1 91209 16593
1 145117 24803
1 173131 196946
1 59715 58518
1 167801 50452
1 3193 116254
1 19313 184850
1 130898 108917
1 170895 134098
1 142829 184731
1 25241 139949
1 156545 20997
1 69994 121882
1 98923 3076
1 155297 37632
1 133238 138483
1 100618 72635
1 157097 167014
1 124300 23213
1 180503 191311
1 148117 146825
1 118755 68017
1 80259 131356
1 68242 72266
1 120277 126492
1 40022 16828
1 14929 10870
1 144407 10493
1 65206 101266
1 88133 84608
1 193508 88298
1 75867 134051
1 93706 189195
1 192181 43866
1 124049 151530
1 117205 25692
1 125767 36458
1 125874 18508
1 185230 12973
1 24067 171754
1 56774 95769
1 192650 18811
1 174584 184492
1 73828 43958
1 116932 61123
1 103696 105584
1 105293 25895
1 174397 36490
1 61603 12378
1 82905 9049
1 58801 184864
1 110550 27990
1 172008 108305
1 83647 58247
1 45483 193757
1 47740 103342
1 193148 97440
1 46307 175792
1 189222 98217
1 82879 122376
1 153772 98821
1 63972 183853
1 74227 95185
1 119220 194240
1 170027 89151
1 70315 48442
1 19587 57448
1 158130 71254
1 72590 20563
1 164066 73531
1 110832 11717
1 49174 177132
1 40909 105162
1 39222 157875
1 152756 36610
1 127105 180875
1 86855 194159
1 32795 97997
1 154862 3902
1 16855 132957
1 10236 95059
1 108934 38229
1 189153 169562
1 47872 42930
1 125266 169867
1 142386 53950
1 6646 144573
1 20841 30270
1 52691 80046
1 153885 21788
1 170360 138962
1 135106 180695
1 13867 53146
1 94923 115433
1 197525 159046
1 92351 162297
1 685 101678
1 103040 197891
1 135330 68365
1 14873 170820
1 192461 172431
1 36680 91370
1 182358 132380
1 63628 117562
1 27621 51749
1 183920 25859
1 75915 76974
1 133720 99908
1 111218 166749
1 97164 185562
1 47362 172482
1 172611 152876
1 26902 194535
1 76274 181210
1 94686 39833
1 172564 23906
1 71637 125495
1 18555 46741
1 59878 189563
1 165655 195386
1 109914 71686
1 115655 56897
1 46278 198897
1 107998 115626
1 191922 188625
1 90039 6838
1 145100 184266
1 118332 133838
1 116878 99415
1 129459 118131
1 16493 61784
1 137930 57382
1 36356 187356
1 102372 107288
1 14656 47025
1 41124 155733
1 40396 119402
1 145145 181932
1 68287 47985
1 4138 96289
1 107973 78477
1 58916 133207
1 24907 79285
1 135681 152248
1 30383 146837
1 45531 55846
1 47399 191903
1 23890 162407
1 23537 34454
1 188762 73292
1 150266 8023
1 125256 185443
1 132434 143081
1 192158 91613
1 56272 157638
1 120341 91522
1 13314 29034
1 174762 37267
1 192472 19355
1 105771 189568
1 5008 28282
1 172676 80588
1 29221 36873
1 28165 43069
1 190323 152188
1 124726 193096
1 125486 15748
1 184926 24379
1 156996 32794
1 134863 64365
1 25680 164297
1 79158 11427
1 16128 79039
1 189601 12740
1 33417 21206
1 61970 63999
1 12745 171293
1 24707 40955
1 178813 132843
1 7674 44544
1 88932 122087
1 115087 112035
1 118323 142482
1 91195 175799
1 177018 136022
1 154340 128178
1 8534 169810
1 67174 99102
1 82841 62118
1 64995 114817
1 100215 23803
1 113677 49806
1 120882 16023
1 15219 13965
1 9032 95520
1 7818 103176
1 21915 51374
1 73470 190775
1 103841 125590
1 174458 2670
1 178444 31988
1 49268 198022
1 55996 26296
1 170940 115529
1 47652 82804
1 151430 30754
1 105466 131621
1 19125 156803
1 126244 56895
1 5418 13592
1 179998 80254
1 9037 40621
1 14832 26474
1 136155 98011
1 35855 54186
1 24689 160824
1 107475 8781
1 4184 31295
1 537 8084
1 72273 9662
1 50937 74755
1 40866 175422
1 44907 128554
1 36961 56696
1 64437 160430
1 68480 163254
1 67032 178077
1 5402 147719
1 161787 153203
1 33789 156199
1 98903 28006
1 127032 81005
1 14885 104184
1 116327 130359
1 178373 150013
1 41532 177299
1 60336 19243
1 66960 30191
1 14816 21282
1 69162 114180
1 198270 55356
1 12430 142526
1 146828 37847
1 176458 6382
1 59220 190240
1 163581 96947
1 73552 136673
1 170472 174374
1 192923 175374
1 152250 35717
1 175960 94732
1 174358 148834
1 30305 44483
1 160999 104716
1 135411 127526
1 68391 107454
1 111831 81856
1 131436 169287
1 33556 83649
1 159732 190650
1 40211 135241
1 139762 162263
1 30610 79988
1 133977 87993
1 86414 15142
1 143016 85313
1 19562 27161
1 30007 140802
1 169508 115108
1 189440 117229
1 27194 103438
1 146929 113792
1 198873 86867
1 24689 162475
1 27526 21686
1 120817 111427
1 148816 64199
1 125685 184491
1 59638 64950
1 113058 143359
1 33876 108889
1 41226 142978
1 117971 3771
1 2742 30858
1 108690 49766
1 56755 138795
1 20495 41009
1 34848 108129
1 147546 19084
1 110838 34433
1 81084 42955
1 126808 108258
1 16419 129842
1 30493 115655
1 101778 85952
1 163100 137360
1 149510 34367
1 61304 168418
1 74219 125514
1 79851 47956
1 168257 131296
1 13655 19036
1 135049 5736
1 162123 98361
1 194164 34180
1 171410 87521
1 32461 99355
1 144514 172845
1 74725 193249
1 177091 34947
1 192127 34282
1 198238 138565
1 195965 150959
1 117321 19448
1 43275 155551
1 121456 114295
1 63946 162218
1 5765 78425
1 167935 46026
1 15690 162720
1 184253 195155
1 135006 120995
1 101457 104892
1 144839 173310
1 193452 132077
1 255 107896
1 168469 89995
1 85825 186612
1 126480 11458
1 176789 147804
1 28233 26322
1 175643 181131
1 43398 29661
1 146324 132154
1 197131 156656
1 32503 60718
1 78607 147344
1 51698 56351
1 179167 163014
1 150846 30827
1 168081 42541
1 139688 128956
1 10093 96060
1 192093 103159
1 12310 127695
1 142390 70438
1 44478 169658
1 112388 32040
1 151755 73041
1 24605 60568
1 145412 79921
1 159079 155387
1 102401 34515
1 82853 39277
1 139665 50130
1 19840 37966
1 89581 113018
1 15767 72296
1 35421 145684
1 100553 183076
1 4777 188527
1 86401 98159
1 188291 156912
1 17796 157734
1 18866 31325
1 23096 96585
1 87682 94886
1 95221 63007
1 141354 97589
1 174607 143845
1 42494 6072
1 184548 116029
1 189718 145324
1 199459 20565
1 134527 145836
1 148510 109653
1 26784 94393
1 113233 52365
1 186670 153740
1 134066 139549
1 61972 83034
1 113084 9959
1 150749 20135
1 159607 62898
1 70564 74318
1 139913 3744
1 32766 48847
1 155203 17874
1 147558 87322
1 44901 147929
1 20265 152987
1 31731 159905
1 190163 125958
1 25468 83545
1 13785 107621
1 122279 9766
1 112584 7199
1 42945 14216
1 111341 130699
1 49413 185356
1 21702 181045
1 52203 123828
1 23337 12400
1 194356 113380
1 82484 184989
1 113716 25742
1 71285 153594
1 66784 70368
1 87386 68014
1 82714 82475
1 127003 102035
1 180283 124375
1 123301 59205
1 173472 93510
1 31434 197163
1 191160 49990
1 103464 153667
1 99084 9274
1 197656 111666
1 39504 182027
1 25431 89164
1 190121 192843
1 57145 142176
1 109247 98281
1 154893 192840
1 133316 168732
1 81291 104751
1 70149 15369
1 171653 57572
1 82801 66487
1 175501 151070
1 137576 12278
1 57378 64591
1 31749 93963
1 88865 11566
1 32110 29342
1 67049 44480
1 72475 177255
1 130511 81574
1 10278 86358
1 176196 79916
1 174802 61890
1 47683 110609
1 123678 98901
1 178623 35667
1 136203 127925
1 137868 73469
1 152876 106485
1 69708 144306
1 116014 126717
1 162333 87739
1 186151 41655
1 15169 26896
1 152803 112572
1 89230 47716
1 45677 127678
1 108759 162932
1 180571 120055
1 192922 111888
1 44381 49937
1 62955 124458
1 58887 141015
1 166368 193823
1 159324 24924
1 89406 89092
1 188125 28970
1 85220 92722
1 101203 142573
1 69175 156501
1 60057 102305
1 159694 63409
1 30445 196729
1 7006 8821
1 48312 112273
1 92264 197701
1 9819 22807
1 26785 76546
1 59708 160117
1 197410 162589
1 188690 184897
1 91345 194396
1 188013 22569
1 23503 146027
1 142473 196121
1 116131 42982
1 15380 77614
1 190375 164262
1 161533 75295
1 148849 86666
1 35456 111402
1 69637 137927
1 199727 113405
1 73273 23283
1 75075 77543
1 106664 74574
1 12963 19326
1 26395 152210
1 56500 28305
1 180660 43837
1 111714 78673
1 30173 58140
1 157357 20411
1 14065 152666
1 101495 92489
1 166697 60105
1 179724 113689
1 109897 9583
1 146802 72093
1 123787 84372
1 49972 178117
1 103244 163915
1 132266 159210
1 92341 21696
1 61707 128124
1 149229 163841
1 100917 42926
1 98621 52111
1 158843 33888
1 192708 60902
1 106800 65293
1 167004 52042
1 183219 89206
1 155340 97493
1 134076 168590
1 107375 175166
1 134438 93159
1 27428 40940
1 100669 125597
1 100152 110779
1 108745 107265
1 172112 95758
1 43355 31048
1 46939 118294
1 155543 51957
1 131896 123425
1 97602 190532
1 25635 89766
1 58766 59161
1 178470 170704
1 54820 19688
1 48829 114121
1 121521 126565
1 14986 67144
1 185012 158382
1 13498 14302
1 149831 139768
1 44727 83069
1 167403 31799
1 195792 56842
1 150488 36370
1 13093 115172
1 138117 101958
1 181527 55605
1 190069 147545
1 34863 65144
1 111491 87875
1 125261 141900
1 170095 130199
1 154004 164024
1 62568 158007
1 165973 74878
1 183196 19065
1 106489 191397
1 80830 87764
1 18034 108994
1 126487 132623
1 79843 148615
1 114257 79724
1 61006 98382
1 118975 38160
1 70527 142566
1 22576 1718
1 142072 186015
1 42037 190677
1 53148 60499
1 144305 124111
1 178271 94454
1 9889 136284
1 26030 47967
1 128940 94645
1 83354 73111
1 87980 186501
1 22795 121697
1 167420 180364
1 130530 42058
1 18181 9685
1 170287 151794
1 54852 39451
1 151508 17115
1 90334 67768
1 79033 179698
1 12646 102350
1 70642 196892
1 163821 184953
1 184877 127427
1 175756 115828
1 55265 103840
1 94382 188746
1 156531 177802
1 117025 29952
1 128362 129472
1 57950 137025
1 67029 188147
1 62998 45641
1 166267 24088
1 142208 75158
1 66563 158508
1 125088 32908
1 199653 99720
1 151577 16808
1 185296 196456
1 47030 141159
1 107101 67702
1 144054 182519
1 122804 197915
1 93654 114846
1 198845 149641
1 159459 154474
1 153994 25730
1 166527 122585
1 82179 30765
1 23731 122121
1 176722 48410
1 198838 7713
1 143183 144468
1 5885 108481
1 34990 2982
1 28036 137064
1 83752 133168
1 69211 41829
1 157991 159276
1 191348 187456
1 123957 45948
1 177451 93993
1 127527 142199
1 171479 196001
1 6214 184179
1 58512 45543
1 41662 179732
1 82497 39206
1 116746 108501
1 57520 115612
1 110111 145814
1 121995 169550
1 106584 68392
1 144566 3690
1 126818 158293
1 189714 29885
1 1833 118450
1 67087 154710
1 137346 20329
1 42293 37306
1 38298 22785
1 193263 54474
1 97119 198833
1 91737 82417
1 196973 121637
1 144907 4754
1 58555 123600
1 122726 40689
1 161543 71219
1 93150 168288
1 111423 30444
1 45832 20845
1 179313 96259
1 116966 143370
1 183989 178416
1 109233 112380
1 194393 56496
1 41511 159752
1 184013 199754
1 91221 102235
1 117648 126428
1 15909 18233
1 61403 92972
1 151851 99496
1 65420 16235
1 161644 115166
1 68245 75276
1 137072 198119
1 59813 91846
1 10569 70747
1 84759 92581
1 48036 93120
1 35802 187928
1 146064 190779
1 110880 118006
1 61069 134652
1 58955 14290
1 133591 48426
1 88149 98624
1 172402 39245
1 3006 40552
1 14391 45115
1 165307 17291
1 85216 182853
1 91869 7379
1 145744 52898
1 158336 59424
1 110246 149148
1 82357 178000
1 100996 136378
1 10097 8974
1 127386 169325
1 181622 70174
1 57784 4862
1 178626 40935
1 76692 196599
1 78135 189569
1 139096 129041
1 127307 142081
1 71984 130590
1 78001 33604
1 3026 51512
1 135559 166264
1 80079 133226
1 43265 167472
1 120600 157980
1 157910 5865
1 146516 165508
1 155049 150680
1 95073 83020
1 2746 126711
1 20457 99774
1 19726 143183
1 72935 66039
1 172572 35656
1 197113 174794
1 149497 184686
1 177128 97332
1 191878 179270
1 10101 180352
1 55640 156241
1 23015 48891
1 170536 163232
1 138386 143131
1 196541 133913
1 184874 20843
1 150998 56840
1 160200 187834
1 143515 62698
1 11579 118597
1 92038 45877
1 43667 101601
1 138446 149804
1 48745 59949
1 137172 199457
1 56947 31800
1 190161 115723
1 54599 6702
1 51392 199499
1 157357 150345
1 27144 109945
1 5162 178293
1 163692 120180
1 36105 10627
1 189750 122537
1 17837 35091
1 126561 168867
1 88021 165692
1 115526 175956
1 100782 157885
1 56713 109154
1 38815 160232
1 16837 131957
1 42768 181005
1 139508 140737
1 119164 197157
1 70563 122383
1 13177 146625
1 169238 33616
1 174918 83634
1 156663 166052
1 117780 88889
1 65989 161447
1 52631 143217
1 103290 75646
1 53775 827
1 181373 184289
1 119633 16810
1 118986 5992
1 5659 179184
1 17054 57626
1 119576 143241
1 96679 150388
1 122417 197478
1 1002 101942
1 110037 139037
1 16694 40436
1 76617 7439
1 29002 160028
1 27827 55705
1 13059 88323
1 109795 158463
1 78856 42293
1 144866 125589
1 54073 77436
1 34688 56495
1 116693 1519
1 91033 126284
1 7338 145407
1 8679 96702
1 17538 44158
1 45454 193821
1 71052 151025
1 49379 174445
1 46728 80792
1 5950 110860
1 45943 153211
1 169218 181409
1 192003 97590
1 101546 3841
1 141418 126088
1 68310 185955
1 92784 45848
1 52886 143174
1 114822 22089
1 62902 83104
1 146805 25216
1 174090 113291
1 173775 34802
1 144443 125035
1 44568 76339
1 186835 165475
1 81008 42365
1 134469 79225
1 47428 96061
1 71872 45574
1 95797 27684
1 107702 98978
1 63497 139308
1 163688 49679
1 82769 2089
1 123060 119908
1 31451 147923
1 92704 22589
1 70104 122640
1 70377 119777
1 152528 170246
1 72520 137076
1 101316 133089
1 85828 36895
1 34660 34530
1 123965 110332
1 68083 69481
1 50103 194245
1 110135 99844
1 46118 170559
1 180965 136248
1 123961 92386
1 15115 67919
1 46698 175501
1 146752 68195
1 42116 156584
1 192009 176873
1 179253 138393
1 175117 105601
1 178262 47723
1 152443 98556
1 157561 181819
1 127418 142383
1 73330 92708
1 192786 103480
1 14504 111918
1 165145 134990
1 162974 59507
1 1823 120589
1 72573 103569
1 109469 142274
1 142885 96470
1 89052 182579
1 99251 42984
1 134498 39219
1 99924 181557
1 61794 105124
1 181194 15963
1 93156 101965
1 188990 50136
1 139954 116383
1 32840 91188
1 76356 116482
1 99323 23405
1 51822 86501
1 62899 123427
1 140617 193157
1 126691 56901
1 92575 75325
1 21658 106235
1 126747 173135
1 124629 168789
1 175407 117682
1 154571 26804
1 33863 150364
1 148212 171895
1 72879 44241
1 37788 150825
1 7104 101165
1 61223 109353
1 165328 25582
1 30116 1754
1 50138 60805
1 140311 87947
1 73132 7006
1 182721 25385
1 86032 72878
1 98994 9123
1 89212 142269
1 195282 123294
1 28925 69363
1 127596 37979
1 141665 40231
1 132220 139749
1 153764 73766
1 167802 137727
1 153309 124225
1 38376 48589
1 149482 91226
1 143704 155586
1 198105 107311
1 6657 44618
1 20184 66087
1 135043 35448
1 112992 31709
1 147320 39474
1 13853 11499
1 68605 90651
1 7200 124793
1 163457 49345
1 171912 23430
1 62350 193928
1 118318 155957
1 92629 149590
1 51472 42779
1 68735 144064
1 63424 170824
1 13809 45429
1 10957 118419
1 7839 78826
1 119346 129131
1 64212 54726
1 196542 193180
1 117440 4110
1 28676 159262
1 145539 113811
1 188036 112420
1 171449 2586
1 48281 74915
1 150598 71948
1 110628 177121
1 35043 39711
1 14776 23616
1 155754 90564
1 33543 55818
1 127006 154003
1 161484 8575
1 6527 16627
1 198202 171101
1 174860 86926
1 2405 45487
1 72985 14260
1 67120 188889
1 51411 60111
1 13495 51938
1 48081 172615
1 49789 171331
1 198301 114742
1 34008 11247
1 112003 188622
1 62940 30563
1 117593 114121
1 103109 28464
1 13712 89810
1 138216 75398
1 116218 1458
1 167068 102403
1 55196 61885
1 100836 64700
1 196213 83709
1 139936 2507
1 109966 112351
1 44213 19866
1 3781 17821
1 157754 80110
1 131477 180075
1 115429 73783
1 106984 91110
1 13365 147031
1 96544 21049
1 91744 55537
1 46817 79570
1 139455 77811
1 4899 84484
1 59960 138662
1 197494 49022
1 95213 7734
1 110679 154796
1 35235 12861
1 1138 34732
1 120245 166165
1 126840 104243
1 44026 130589
1 193571 70144
1 155508 53579
1 160646 197826
1 176826 73651
1 41434 137926
1 189864 116695
1 20359 176931
1 170629 81583
1 195951 90409
1 48564 19066
1 18177 191878
1 137503 80389
1 190909 13499
1 151777 75515
1 73539 170495
1 186611 69870
1 65120 150961
1 70746 147365
1 123739 183236
1 170190 117095
1 22397 100198
1 108013 188230
1 115807 15921
1 149857 132142
1 107704 131925
1 127823 62128
1 89383 19397
1 176001 7306
1 164541 108002
1 95126 99961
1 184590 80549
1 62377 96706
1 46522 46544
1 183935 155965
1 87607 60438
1 175476 145570
1 166817 34314
1 29672 119768
1 90244 190022
1 156773 66876
1 170344 46044
1 182164 66031
1 10526 34626
1 45730 30051
1 109451 40249
1 125996 120999
1 14259 143806
1 47026 173808
1 121479 116597
1 63227 22762
1 84721 171602
1 106308 130623
1 26846 29322
1 22191 146407
1 20813 57529
1 27946 11248
1 74776 148501
1 132381 136976
1 50561 60435
1 82264 66217
1 189822 14488
1 73852 122715
1 29895 82786
1 67368 81360
1 142687 174072
1 40742 3908
1 138529 111759
1 130135 83604
1 147342 50878
1 85212 155080
1 182099 128932
1 30790 110243
1 79519 165336
1 68545 23914
1 172582 138321
1 37628 180595
1 56495 176215
1 77596 106928
1 165093 97322
1 44257 155068
1 29595 101489
1 182616 134948
1 5025 194853
1 54723 74809
1 123014 54398
1 158662 38166
1 61230 83550
1 42899 141933
1 12630 152125
1 189400 54742
1 186021 153493
1 181159 167450
1 118646 67214
1 29733 67324
1 79139 6956
1 183991 138569
1 10835 65720
1 77930 196514
1 57671 39724
1 153057 123207
1 168289 167075
1 84293 119718
1 245 198335
1 144744 1381
1 148757 138140
1 144953 190636
1 182807 3061
1 15919 120565
1 110506 18582
1 142127 198872
1 41433 39490
1 41153 15954
1 29022 25125
1 108978 149141
1 101611 149244
1 40970 107926
1 26485 29827
1 83825 166227
1 180225 7071
1 156572 11043
1 141491 159565
1 766 195203
1 14676 150219
1 35245 130077
1 150308 78853
1 115155 117531
1 37024 101826
1 167894 63212
1 118421 138384
1 49673 172822
1 29350 118125
1 10900 120445
1 109274 24119
1 192417 82291
1 71977 134294
1 73225 101888
1 139144 172648
1 108606 68595
1 40819 20014
1 131322 170474
1 152891 171061
1 57447 20510
1 109328 101702
1 93840 114546
1 101903 51665
1 46216 132733
1 55823 90775
1 126361 21
1 26857 87320
1 116975 51742
1 15430 12733
1 31814 180756
1 64173 152134
1 172945 51669
1 54669 160693
1 54445 77235
1 83848 17980
1 94597 184568
1 31360 172901
1 88646 79354
1 67365 53121
1 160326 126689
1 12671 12627
1 33200 14709
1 117817 78332
1 116659 182125
1 58800 94378
1 64235 175606
1 49530 171517
1 157071 38209
1 179513 88186
1 157021 114960
1 45218 58100
1 52100 32130
1 75785 5815
1 70480 36508
1 175343 96822
1 3994 124890
1 93774 1847
1 145904 3702
1 22820 58557
1 6339 121720
1 45758 173046
1 155344 56447
1 198022 198438
1 1681 146958
1 80528 59348
1 175652 70299
1 81186 115827
1 60923 86099
1 18754 173139
1 20230 159601
1 173124 194569
1 157406 28673
1 32019 80732
1 178931 161648
1 109375 49842
1 54456 171030
1 37960 143290
1 160845 99718
1 141546 167578
1 184813 121813
1 113258 95643
1 57049 60329
1 161823 83923
1 114052 132932
1 52420 54675
1 106112 28369
1 195453 140499
1 144361 85998
1 78695 163355
1 29584 148026
1 146341 162930
1 157162 168864
1 39079 197260
1 116410 152932
1 88318 56943
1 135804 6318
1 166046 78055
1 18644 10581
1 242 106923
1 178742 40749
1 194342 782
1 197910 76627
1 112945 177642
1 46418 167480
1 9249 62986
1 118047 81772
1 134379 55447
1 20658 29998
1 80115 15237
1 151599 71537
1 120281 164351
1 87958 27248
1 80516 44304
1 54764 34868
1 37619 180307
1 119273 130149
1 186113 61980
1 2976 119120
1 71416 59688
1 185331 113272
1 130714 85507
1 77240 29216
1 132652 152824
1 74022 146646
1 142467 142078
1 132740 133508
1 103635 85409
1 66196 60467
1 179573 4718
1 89019 31265
1 180857 82275
1 18741 98181
1 114029 133653
1 76342 102431
1 110700 122148
1 82979 119749
1 165225 82460
1 145779 130347
1 68734 69293
1 199391 101811
1 93744 15566
1 115346 94389
1 182085 67500
1 57932 77648
1 7881 24473
1 77913 169714
1 75101 195571
1 65009 31652
1 126913 149650
1 142961 56409
1 122595 134005
1 185018 132280
1 35367 182127
1 168424 82728
1 169657 23182
1 74422 7323
1 80786 54220
1 10607 122206
1 127431 37306
1 163992 56991
1 71191 73833
1 86748 51903
1 171766 29531
1 28536 56411
1 49685 159209
1 99751 15894
1 32501 57653
1 139728 150761
1 65324 96723
1 28719 188076
1 59958 128627
1 178433 58663
1 155456 71698
1 64948 51220
1 180976 38114
1 138062 149431
1 9272 143094
1 97309 19106
1 170333 19571
1 8287 4353
1 170115 52083
1 25586 166061
1 12091 27451
1 17725 156143
1 110735 8159
1 98976 152146
1 68941 89012
1 164506 106926
1 165202 30007
1 21370 45042
1 144025 94972
1 60936 112625
1 182660 98265
1 34164 198640
1 150633 58259
1 29119 182895
1 10528 194184
1 112296 137654
1 197133 193311
1 23514 167522
1 107497 177773
1 59475 139184
1 158997 155625
1 216 91976
1 131233 87955
1 102743 146510
1 70297 85856
1 182557 73637
1 148562 172520
1 49529 64260
1 90547 167891
1 16688 158781
1 42055 117633
1 134435 34506
1 66370 125625
1 49085 168219
1 149521 143508
1 18785 104414
1 160487 191659
1 141395 38479
1 54981 119614
1 56101 191680
1 11593 40422
1 105253 113769
1 150586 30013
1 147013 112691
1 123923 90315
1 157642 55170
1 125262 70516
1 119097 105665
1 187826 154401
1 54271 86450
1 89760 165036
1 21024 165813
1 45466 90256
1 188706 97113
1 119509 102096
1 162683 171681
1 156352 90022
1 171255 107480
1 178005 47086
1 106478 110616
1 141984 197460
1 22054 1174
1 141325 57531
1 17220 98418
1 5111 187695
1 9785 140414
1 9517 66957
1 84906 198669
1 26887 58801
1 28703 190
1 190122 104545
1 121904 183240
1 147671 105592
1 132461 171144
1 119291 189077
1 113742 104841
1 159858 75588
1 66394 103059
1 139741 99116
1 12763 81398
1 49382 17787
1 194433 97176
1 145617 62799
1 168085 191037
1 163717 193511
1 196001 105431
1 74779 122249
1 171934 148047
1 192166 29492
1 131806 77394
1 98115 173576
1 24635 26782
1 86179 67956
1 140928 88270
1 158294 63521
1 144725 117605
1 39002 61789
1 169136 37144
1 129124 89803
1 83323 135198
1 21229 85512
1 39872 39932
1 118465 68320
1 34844 71307
1 69124 48754
1 160098 79565
1 188102 78753
1 196879 96944
1 117128 54461
1 52654 172642
1 171215 25457
1 104076 66134
1 90409 146350
1 37343 67349
1 191613 167191
1 95730 179400
1 140055 67502
1 83348 163652
1 133171 177150
1 59458 76055
1 187530 93067
1 41105 86738
1 38171 67447
1 13600 18839
1 119228 181558
1 130622 23525
1 124193 5492
1 103639 127521
1 174379 77700
1 68773 159399
1 6388 97548
1 28884 151761
1 36762 1903
1 7541 151879
1 124234 78204
1 165672 78792
1 123919 193493
1 131972 56440
1 67803 179426
1 178056 41514
1 178325 89718
1 43014 81775
1 41059 163393
1 98318 61535
1 157817 106936
1 85913 138663
1 187810 26114
1 42424 135956
1 116431 45925
1 75772 95455
1 84766 174896
1 164966 110073
1 67692 141097
1 79697 135512
1 24286 194170
1 5278 26818
1 161131 59543
1 67424 124121
1 15598 43506
1 61641 125096
1 148523 78435
1 50581 164717
1 91359 20498
1 114166 36391
1 192717 60327
1 37503 99169
1 196678 163379
1 56468 44416
1 35896 21664
1 177425 23369
1 97979 43543
1 5562 58806
1 20887 120816
1 75875 48443
1 19481 53278
1 8864 110611
1 38040 112987
1 45296 135760
1 104899 13586
1 159269 14307
1 170029 85709
1 123159 147112
1 1691 79902
1 143242 187701
1 66316 78865
1 42204 141796
1 51722 35409
1 83572 87583
1 13617 146969
1 104231 172268
1 78845 12509
1 35180 1849
1 74649 105274
1 144386 87529
1 22884 148892
1 91359 76511
1 125638 190254
1 185821 144266
1 153012 98248
1 68192 95793
1 98240 2835
1 19979 143233
1 178404 92160
1 45348 127572
1 177488 148969
1 133124 55812
1 45490 146375
1 12227 66481
1 105925 49431
1 49443 157775
1 153373 122055
1 24315 89075
1 130801 135652
1 57255 131999
1 71978 13576
1 172079 8652
1 188971 10176
1 160436 137335
1 143585 15548
1 151202 55406
1 107405 153274
1 43410 101597
1 114575 157301
1 31230 5460
1 119285 38857
1 140011 122715
1 133892 37226
1 69841 184889
1 190022 12038
1 73551 57344
1 61588 127416
1 39949 103453
1 90598 53679
1 196785 59551
1 37144 55389
1 150022 39237
1 102719 150691
1 130281 5645
1 172077 182909
1 164406 40825
1 41152 114986
1 140082 7397
1 40561 10975
1 14714 175367
1 177884 82604
1 141867 141701
1 26635 149871
1 40595 5117
1 29256 4983
1 95384 143504
1 163874 141307
1 18664 69680
1 127807 108093
1 176929 114732
1 92771 173496
1 140289 12666
1 34495 74705
1 31376 151556
1 11197 54845
1 68428 108021
1 84555 109679
1 19733 17669
1 103143 125828
1 161754 87491
1 51818 47474
1 5187 188643
1 37270 103215
1 172896 178568
1 18276 115358
1 37138 32211
1 187594 175998
1 4792 20012
1 100298 83862
1 128733 98576
1 106112 64604
1 159328 93212
1 157612 15845
1 64932 118425
1 27647 90513
1 102648 141768
1 86819 152119
1 81609 73455
1 59469 51599
1 70022 47972
1 9735 189087
1 187668 112473
1 32889 95144
1 32116 143081
1 36280 26961
1 91889 28194
1 24657 40468
1 82446 128915
1 110679 195879
1 192111 66264
1 68907 105709
1 32391 73955
1 106060 173022
1 21698 141901
1 64351 167348
1 175667 28765
1 138112 163160
1 199744 65623
1 192777 114380
1 192460 81865
1 87394 14490
1 178981 65810
1 62857 30653
1 5295 158580
1 87972 94541
1 20944 187931
1 182276 140848
1 86429 116461
1 166396 137791
1 103621 101524
1 93283 113015
1 108285 73674
1 25958 28513
1 48812 71973
1 16145 88324
1 189463 72291
1 39007 50313
1 144527 164855
1 195968 157743
1 164441 119444
1 195113 52592
1 97502 113273
1 71650 63922
1 81812 24830
1 110860 132338
1 110252 77598
1 154994 41710
1 72574 20676
1 117713 92051
1 192881 46234
1 63658 172902
1 165935 10768
1 8328 71030
1 127368 169322
1 73996 166658
1 72998 34893
1 132481 123558
1 129585 82699
1 173533 182859
1 155907 197357
1 71700 51344
1 55886 95168
1 171427 132723
1 42636 16419
1 77851 9220
1 41704 166927
1 63276 178956
1 111467 103975
1 179444 155962
1 34473 77955
1 147592 36686
1 59564 16183
1 174274 188425
1 143393 119081
1 44107 115476
1 136642 105683
1 69931 135023
1 15427 186196
1 47375 76381
1 37441 3774
1 131353 36430
1 6823 47771
1 7854 54477
1 184291 91265
1 162300 154731
1 88841 11992
1 26186 185323
1 81733 109546
1 171076 2863
1 15238 49642
1 195527 128803
1 35241 170823
1 158442 2216
1 99811 15666
1 20493 158212
1 3316 81965
1 169382 193991
1 16392 75543
1 144457 176897
1 63919 195382
1 11383 56866
1 168319 86084
1 36651 83377
1 126472 70397
1 110817 99122
1 26488 197031
1 135527 91473
1 24144 70178
1 63336 92244
1 133895 161713
1 167158 130175
1 198588 168970
1 177944 116617
1 190434 38939
1 127956 71743
1 75495 173917
1 57918 94136
1 187557 55965
1 69762 99321
1 35724 70472
1 138926 76392
1 120015 117943
1 31683 38583
1 196623 27963
1 26814 57929
1 17605 133098
1 3297 53224
1 138931 34986
1 132551 54315
1 137932 44862
1 67944 183649
1 76515 84367
1 57577 124995
1 109074 86076
1 111336 1625
1 189419 145700
1 117829 110315
1 175716 16755
1 143669 63787
1 107774 92267
1 197635 185505
1 93366 77877
1 29159 181142
1 182832 53160
1 59148 167045
1 57312 174488
1 192476 446
1 51899 104355
1 10639 97885
1 30109 188280
1 171892 145515
1 79420 98665
1 40894 151506
1 65229 194802
1 110034 193479
1 34101 131913
1 41872 44338
1 78642 142505
1 191904 124065
1 102347 194266
1 140607 113838
1 26997 23938
1 73289 165870
1 107783 23858
1 158345 188124
1 188256 186986
1 140543 77829
1 1239 28654
1 108017 9013
1 15715 102093
1 170997 98337
1 123532 109806
1 53565 152982
1 87890 15518
1 20899 169761
1 175324 159128
1 116919 31744
1 2339 190932
1 131463 78985
1 51487 117587
1 59502 172826
1 115058 42281
1 197152 82241
1 29140 151052
1 117301 115628
1 151103 187803
1 142195 160339
1 107291 11058
1 115937 63843
1 161644 76653
1 118985 196399
1 135227 10171
1 80845 58706
1 98690 6181
1 130221 81128
1 138076 126943
1 11287 190382
1 139755 15950
1 38064 34485
1 65099 1754
1 105122 70735
1 64375 104245
1 152039 53747
1 165563 37356
1 11668 74995
1 51354 60014
1 14761 191393
1 69312 21787
1 176152 69372
1 128298 80910
1 164820 54305
1 154388 183213
1 48411 133615
1 30819 55216
1 49799 90363
1 1812 69553
1 153745 20790
1 95077 84659
1 31527 181851
1 114178 199221
1 160815 48285
1 88819 196984
1 156444 123664
1 56835 188303
1 84145 91478
1 29555 196263
1 165267 145101
1 116064 49238
1 137939 141303
1 67954 35624
1 31612 108906
1 159175 127080
1 47642 34745
1 146912 171628
1 9099 67810
1 111626 65828
1 164362 7161
1 114446 77924
1 59961 36564
1 88860 149359
1 157551 35385
1 32885 118855
1 186499 163397
1 127833 140466
1 76439 95389
1 35249 52686
1 121959 134938
1 112893 148760
1 48276 35568
1 177535 46585
1 99500 130016
1 8425 136530
1 47037 19615
1 47557 128201
1 88601 87046
1 38500 136469
1 146859 119099
1 142409 6982
1 443 27551
1 94357 189848
1 73534 125625
1 30838 137273
1 142882 97187
1 96716 199897
1 139096 143795
1 60380 42417
1 145890 61741
1 175289 34391
1 35806 89575
1 99439 115456
1 45460 103356
1 3697 197271
1 14141 103605
1 136901 136765
1 85716 63988
1 150702 82273
1 152161 20707
1 83866 182914
1 178691 10397
1 154509 151682
1 18301 16091
1 4622 90797
1 62980 64033
1 40336 15754
1 103816 51945
1 118436 191457
1 124545 151248
1 29916 113549
1 69884 132031
1 192898 130436
1 112805 133789
1 84027 136228
1 35223 87795
1 63990 131648
1 184482 95968
1 117145 76267
1 78300 51582
1 56877 6916
1 112235 83604
1 92232 8835
1 156625 67197
1 31291 120579
1 111481 195608
1 638 127760
1 137984 84018
1 74009 33330
1 176775 134641
1 24915 6458
1 44985 23105
1 170208 57228
1 49752 156740
1 23174 81134
1 116620 55990
1 124177 176399
1 127406 105054
1 40056 97819
1 11473 52155
1 137102 130751
1 54611 113326
1 118957 20599
1 81571 117284
1 51808 197920
1 104658 67463
1 168016 64826
1 2846 104422
1 67954 63357
1 150076 45537
1 64558 54176
1 102 38937
1 81490 55974
1 165222 120215
1 199544 108010
1 22626 21820
1 59380 147628
1 111784 111977
1 51075 153435
1 92282 144815
1 22257 155301
1 129117 127097
1 114633 116349
1 121823 21688
1 148290 12780
1 79591 75727
1 49064 48668
1 190018 39361
1 9992 141024
1 116714 135511
1 30624 117959
1 73113 35094
1 6278 126883
1 117263 129056
1 87767 189908
1 70496 165993
1 35746 79002
1 159809 119518
1 77334 193435
1 340 44112
1 554 119793
1 1777 176231
1 50379 103096
1 49783 188100
1 36107 139094
1 26515 188727
1 112264 117259
1 108369 62498
1 166234 175163
1 108641 9069
1 61120 147641
1 53867 163756
1 106189 147350
1 153557 149454
1 37711 152043
1 157140 1479
1 153024 57123
1 66481 176063
1 20977 118860
1 52126 118780
1 102643 20127
1 46585 163789
1 159880 196429
1 180319 192377
1 29193 58765
1 71733 168871
1 120472 87523
1 12787 82191
1 7497 178930
1 145202 71328
1 145356 172293
1 188855 173107
1 84190 195291
1 46976 15536
1 14769 159217
1 171150 133824
1 28249 167380
1 96691 5491
1 105272 36134
1 40542 58545
1 46635 26736
1 162212 42214
1 94966 113065
1 185489 79210
1 37358 35014
1 133359 181934
1 71333 5827
1 160406 135406
1 166811 68592
1 135285 24659
1 35555 183999
1 133024 152103
1 63571 114124
1 129306 31039
1 24944 35118
1 106276 74276
1 172185 132029
1 172934 172674
1 108146 149668
1 48861 158164
1 186771 102633
1 186021 15887
1 94898 58426
1 23113 159630
1 31183 69179
1 130537 27006
1 58143 28621
1 131691 95563
1 61434 25632
1 48709 9483
1 68552 105148
1 179849 75432
1 55209 101900
1 17330 76883
1 175780 25836
1 98094 126311
1 184210 82996
1 163116 115932
1 111628 57541
1 84007 2413
1 78802 46483
1 179891 18763
1 43901 22068
1 49736 27843
1 172327 53160
1 32205 130541
1 62040 105640
1 114086 48983
1 26740 172724
1 155521 86385
1 53988 192920
1 39197 8826
1 52930 155838
1 13339 122091
1 43657 91386
1 91337 61090
1 193852 110289
1 141420 8209
1 30869 65803
1 158031 115815
1 102448 71035
1 122569 166079
1 65529 126924
1 70675 57032
1 26259 37326
1 105802 126708
1 22218 58496
1 27521 137253
1 181307 72352
1 145547 37717
1 183554 104817
1 25095 110853
1 131173 20812
1 138348 154727
1 33983 145835
1 152535 14735
1 46383 75505
1 25298 124440
1 140481 192765
1 110503 139987
1 34973 140721
1 45222 81141
1 105006 196477
1 66291 40384
1 157141 91185
1 190355 192882
1 150544 39683
1 67896 192813
1 20197 30877
1 160906 107431
1 91347 168811
1 186680 78995
1 1658 32483
1 129408 174479
1 42698 136534
1 66939 115664
1 72105 164918
1 15532 97930
1 49960 12455
1 94410 185635
1 156585 11978
1 7756 99547
1 46153 83784
1 174004 163572
1 86804 74204
1 118751 1704
1 99241 148068
1 141835 193420
1 168875 34729
1 67626 170046
1 177706 69741
1 172838 169175
1 109585 34676
1 59445 102604
1 164689 190677
1 23455 122215
1 75853 3587
1 25933 154598
1 68487 22167
1 29524 54641
1 45514 191456
1 151554 95618
1 162138 8110
1 106600 52688
1 195737 165146
1 186344 123580
1 30203 147866
1 116033 118976
1 139884 21636
1 20889 198164
1 65983 16672
1 145290 128290
1 57114 112499
1 145391 118188
1 122208 155017
1 64240 123388
1 122528 168194
1 64844 93581
1 175356 180960
1 114982 8760
1 149532 66511
1 38740 106401
1 1043 34230
1 36260 154403
1 172114 10237
1 107887 187960
1 69196 66208
1 169954 135597
1 59369 104243
1 103753 69254
1 33006 177461
1 34911 131501
1 159660 95065
1 57684 137057
1 111208 174610
1 36510 69404
1 172108 142304
1 66051 83781
1 716 60760
1 77990 166680
1 36826 96184
1 133775 165650
1 174734 106923
1 71743 62945
1 127120 186714
1 17077 86219
1 18696 186100
1 179770 179741
1 76872 139902
1 136435 122070
1 88375 34526
1 25384 96725
1 43457 57508
1 5264 77248
1 184957 986
1 10783 131895
1 187550 197389
1 52243 43513
1 167967 159708
1 96635 39444
1 90664 150273
1 194824 128530
1 107910 57053
1 164248 139234
1 106698 10696
1 101825 125700
1 74880 53209
1 62235 32377
1 40787 106995
1 163985 133867
1 174270 179089
1 25960 92248
1 115125 56083
1 174736 125380
1 114261 54601
1 77099 65952
1 15690 183295
1 132700 171573
1 104768 118985
1 162770 178005
1 29196 55056
1 46549 81668
1 155226 46750
1 188943 168546
1 163738 61030
1 80670 64028
1 99111 8536
1 180377 23700
1 58616 62627
1 95393 196749
1 59018 157003
1 106922 159771
1 101197 124333
1 41161 101131
1 97997 154384
1 178880 83086
1 197476 26670
1 152007 55532
1 99679 123459
1 85021 131047
1 47278 88917
1 36368 141548
1 33167 160516
1 19913 47681
1 65917 168596
1 197084 122603
1 197845 104505
1 63374 5663
1 97032 94882
1 108838 129708
1 102407 27337
1 104761 72038
1 53036 76601
1 116784 190805
1 35942 101536
1 128541 21983
1 47591 149207
1 141247 70388
1 60816 28016
1 158417 68280
1 133661 103679
1 113369 125238
1 163789 21164
1 173615 147395
1 151381 87415
1 144588 50095
1 185222 79500
1 175509 79411
1 103291 116298
1 31144 140184
1 19974 7886
1 151014 35428
1 37725 36293
1 188866 176074
1 120514 89906
1 29897 78098
1 109744 116924
1 67377 175238
1 120332 152123
1 124518 98206
1 135947 140484
1 15123 112686
1 148256 82227
1 187694 152463
1 13672 46968
1 108167 17419
1 63577 3237
1 127825 13517
1 128233 118326
1 182961 56200
1 149371 25186
1 85767 109413
1 141839 23906
1 139580 97267
1 180649 125695
1 165899 8138
1 142850 1248
1 81298 60608
1 89838 28883
1 150105 169105
1 198797 131996
1 104099 18376
1 54198 116796
1 822 126642
1 67553 140803
1 186662 165060
1 92628 118361
1 45734 29835
1 187792 66761
1 114769 178389
1 55100 71887
1 136117 121886
1 95314 173092
1 46049 107902
1 195144 14535
1 157425 182672
1 37249 125709
1 84695 117989
1 22581 67500
1 48748 143211
1 10398 22020
1 43575 189848
1 196965 39855
1 77244 60187
1 140812 184778
1 106313 112004
1 50205 76996
1 23485 75186
1 19667 86695
1 21785 36990
1 166790 85157
1 130827 173414
1 151260 88996
1 87545 139004
1 57262 197068
1 115147 35024
1 158969 52752
1 19260 79194
1 184007 37499
1 154274 67117
1 7260 78077
1 114235 109400
1 11684 124790
1 139258 92894
1 134749 104322
1 86738 48025
1 140353 116101
1 167170 118122
1 57974 179640
1 29537 38052
1 168634 118581
1 79596 113977
1 129609 8831
1 160526 66084
1 123344 191638
1 139247 20504
1 127255 195641
1 88768 194282
1 78313 142588
1 155333 15738
1 83336 150412
1 29411 166119
1 133519 173760
1 75116 130548
1 165991 149922
1 139944 92597
1 174319 80254
1 192807 16126
1 163749 68651
1 141060 46285
1 133977 162071
1 63356 180214
1 96596 34711
1 72495 76496
1 195781 13743
1 25973 99486
1 12332 145758
1 29029 66433
1 148810 79662
1 199841 87259
1 79752 70138
1 36326 64006
1 118054 29440
1 15571 70583
1 140839 130729
1 197303 48941
1 11515 174039
1 90848 155742
1 170285 137198
1 90529 70371
1 137166 93670
1 101411 26915
1 136417 165072
1 157167 41213
1 158856 117030
1 188346 66297
1 59439 61143
1 179442 124849
1 118775 190099
1 149001 188348
1 73766 68756
1 193919 188764
1 189709 3757
1 73844 93160
1 26361 101783
1 102253 160636
1 31261 169210
1 171815 12767
1 132671 54713
1 184986 181940
1 9955 148544
1 154127 164005
1 114805 134994
1 42597 90445
1 163771 88718
1 172704 110054
1 124217 101569
1 41523 45298
1 168166 193778
1 34767 70124
1 199760 179562
1 158765 144561
1 151179 125698
1 186904 191659
1 5407 112177
1 69246 100351
1 172402 27990
1 14775 21112
1 186035 20802
1 58647 69490
1 116360 188426
1 89073 37387
1 30586 110091
1 160492 26695
1 93472 94142
1 64202 28162
1 142857 103038
1 101814 51548
1 48622 139799
1 89614 157984
1 135319 49169
1 137522 22005
1 126668 27774
1 101899 3208
1 62399 55616
1 104542 26104
1 20600 145630
1 40531 109252
1 182272 193224
1 68801 157491
1 106322 115624
1 85949 45187
1 30718 160428
1 29346 127187
1 112352 26001
1 38499 136916
1 152129 61809
1 133710 67757
1 102667 191376
1 39651 126318
1 102451 134947
1 193941 100280
1 24993 25123
1 479 111082
1 95971 164624
1 46603 7246
1 198420 102473
1 2879 142853
1 168838 9547
1 164553 80048
1 185719 72135
1 42668 145633
1 60723 108073
1 182891 186177
1 80710 37221
1 196117 173186
1 34149 30468
1 168594 48264
1 100637 106736
1 19181 110227
1 10555 48189
1 48482 47344
1 170685 182328
1 30569 61857
1 183354 164275
1 6979 93706
1 146765 119185
1 144580 141597
1 1031 191567
1 94817 149128
1 111509 106132
1 31292 124253
1 69231 93755
1 199918 133377
1 173251 129118
1 143252 4633
1 119073 1956
1 76125 138034
1 100519 30350
1 27666 168560
1 134768 4286
1 44262 187641
1 78585 197192
1 36801 167266
1 121300 17406
1 125447 67482
1 15120 109239
1 23982 51925
1 38887 182047
1 185728 174588
1 148842 148612
1 99949 169619
1 130923 93599
1 92692 146538
1 185385 106274
1 97939 190216
1 149697 6530
1 105677 168597
1 182418 145860
1 134331 4551
1 87921 158988
1 128566 164878
1 107215 72739
1 78276 199812
1 80935 99209
1 83233 60111
1 129324 159931
1 97999 102808
1 7410 63750
1 168288 110450
1 113435 136973
1 137603 151811
1 147525 29143
1 37518 54198
1 71538 185117
1 92811 174115
1 197176 106641
1 123846 120382
1 40234 114866
1 159765 116992
1 181574 142544
1 150824 150291
1 78240 181979
1 79763 24066
1 170574 175665
1 114713 99360
1 14230 38822
1 153083 34743
1 142037 42710
1 74753 188148
1 24880 19625
1 169993 16272
1 117056 123239
1 46862 189057
1 38201 164156
1 10233 65507
1 184860 18957
1 132910 75745
1 34846 45307
1 87888 34664
1 87128 52727
1 139670 44430
1 40816 169286
1 142163 178878
1 9223 182679
1 12224 134375
1 14308 39043
1 136716 68645
1 154081 129891
1 197606 158192
1 106708 151128
1 80202 45443
1 144705 41047
1 36746 47888
1 87614 112692
1 25055 21026
1 1638 40112
1 52976 25170
1 17986 18373
1 118306 95086
1 19252 188209
1 145056 37543
1 64358 190593
1 80493 17722
1 110899 105568
1 162983 161313
1 61012 57119
1 75230 107834
1 49485 74183
1 165333 106103
1 44056 54749
1 153751 139080
1 6994 4725
1 33982 138182
1 172452 29626
1 57792 79393
1 122165 160828
1 142460 53452
1 197198 23355
1 27523 40935
1 28750 185651
1 82473 194477
1 181199 144873
1 141837 69215
1 192408 106292
1 19047 29296
1 150532 55119
1 46034 101426
1 27314 31006
1 20441 89601
1 49711 115838
1 172999 161262
1 127201 64786
1 56361 138862
1 2101 191883
1 41895 142660
1 100938 55671
1 53123 82220
1 137887 8845
1 1456 76426
1 141114 197879
1 190999 165330
1 134298 181665
1 88997 120504
1 157920 129794
1 66841 140059
1 56633 42664
1 43788 26221
1 103951 90440
1 98178 58022
1 53809 153414
1 39984 10985
1 30271 187074
1 91342 67831
1 75802 80803
1 188383 94419
1 187083 157032
1 47550 41717
1 97587 109676
1 36842 194866
1 34611 66938
1 194325 28715
1 48028 189009
1 58666 822
1 160665 104761
1 31517 26314
1 40923 148230
1 72567 72750
1 171141 71404
1 105313 98148
1 163866 130949
1 82097 149970
1 81443 123038
1 115763 60145
1 37157 94152
1 68537 117241
1 75138 142557
1 19942 188363
1 74478 101777
1 198519 171297
1 172502 165563
1 103378 4339
1 116299 119395
1 159188 114348
1 96501 153422
1 106581 123212
1 75829 71752
1 38142 143967
1 148827 4850
1 21263 92126
1 179401 189132
1 142185 71395
1 183399 80580
1 2595 62290
1 181321 42687
1 165259 13318
1 137310 4582
1 130938 116346
1 71258 190645
1 130334 68473
1 122213 124800
1 152898 188552
1 24709 160007
1 27488 95954
1 146825 11131
1 144553 119700
1 103480 85841
1 52563 159561
1 101305 154054
1 36581 101656
1 150212 138355
1 62911 40317
1 61640 135507
1 47469 180406
1 165854 11091
1 195949 88558
1 79791 6745
1 171455 56111
1 53089 79063
1 177900 5315
1 134151 39890
1 109210 177259
1 95688 59182
1 143503 193668
1 8016 135228
1 68611 196150
1 3511 1094
1 190891 106590
1 135918 3418
1 156546 51198
1 31345 5909
1 154459 156452
1 159337 190770
1 184612 136728
1 95008 23443
1 66685 140298
1 47659 109966
1 9337 40571
1 7955 93500
1 67572 138474
1 61572 38526
1 38998 90114
1 139193 196624
1 148518 80386
1 169703 5138
1 2706 152236
1 155177 75476
1 171069 145457
1 69293 32994
1 62346 28957
1 151580 82001
1 168937 137471
1 123471 188040
1 190815 153308
1 81584 120466
1 112282 45013
1 70701 6435
1 115125 71061
1 113444 193064
1 185928 105215
1 49612 154772
1 28084 169879
1 123616 1832
1 62318 57455
1 173777 2114
1 183817 53909
1 69548 192425
1 91592 95035
1 149641 57496
1 139492 80614
1 180022 168777
1 17626 170523
1 74595 20035
1 197881 161991
1 160015 59367
1 75115 141934
1 99635 2039
1 34689 139927
1 186605 129128
1 136324 131061
1 89455 74986
1 12024 116696
1 160040 22644
1 196403 107860
1 185011 12821
1 131679 8690
1 65535 77752
1 167948 53142
1 188799 41336
1 199546 140017
1 96018 4516
1 84261 67688
1 22517 14996
1 108881 128003
1 139432 185197
1 12823 198554
1 80414 185713
1 36208 187133
1 160552 194890
1 56002 50532
1 180900 60568
1 153769 106710
1 64866 45048
1 58439 189725
1 40535 69207
1 30735 16937
1 160325 69560
1 52750 102659
1 65514 98243
1 162427 92917
1 83304 158990
1 102848 23096
1 84021 156015
1 160585 13278
1 112132 163074
1 106060 63873
1 65204 111416
1 176985 117036
1 47607 155681
1 28644 132872
1 4356 891
1 114065 153929
1 119873 126843
1 158271 50585
1 138603 63771
1 197783 157892
1 102407 139940
1 128151 133862
1 80910 100989
1 171802 120018
1 120853 74421
1 132650 837
1 135738 119054
1 56264 122890
1 70870 55178
1 188154 21358
1 190751 26810
1 125911 82791
1 117084 148612
1 94287 114368
1 6094 120820
1 74430 121928
1 185436 72134
1 85299 74172
1 108224 106547
1 188091 145394
1 148273 130746
1 167923 111814
1 101456 4337
1 195598 46922
1 149335 168652
1 81890 153961
1 30718 73580
1 52218 41821
1 148719 21995
1 56791 197458
1 10988 141863
1 77128 134426
1 155647 190669
1 42348 102162
1 109283 148200
1 173125 165972
1 20401 157802
1 85696 37854
1 142541 172922
1 19009 19907
1 70418 186942
1 186356 2896
1 148859 94186
1 176977 185729
1 158802 88202
1 5487 44966
1 19230 199372
1 138188 186448
1 32777 16465
1 88156 199936
1 194895 64501
1 24784 52561
1 150894 90333
1 86440 193252
1 20425 124224
1 156924 31564
1 169247 30585
1 62087 179579
1 166636 31116
1 158261 176749
1 31390 28790
1 124078 177940
1 175035 106682
1 48419 50755
1 123664 112297
1 22361 150174
1 88924 79794
1 197427 113089
1 2622 126826
1 92164 146352
1 108253 11164
1 55573 28415
1 12822 194644
1 88308 73795
1 110763 91113
1 17086 101176
1 49257 34250
1 160045 111988
1 80218 149514
1 180645 35403
1 119981 53806
1 107643 124996
1 100642 135669
1 133127 14973
1 82938 195241
1 51372 148762
1 184671 32998
1 36005 186035
1 161167 46632
1 168914 129342
1 188494 20314
1 22723 97914
1 73933 140764
1 142403 89630
1 19733 153875
1 103465 130561
1 153592 46583
1 14107 118474
1 173370 102553
1 89507 21467
1 11515 174259
1 156663 1850
1 62952 9333
1 160451 178624
1 187619 109069
1 105914 115013
1 111855 108726
1 175324 7947
1 58976 57476
1 65161 19370
1 20355 16110
1 152199 139963
1 113482 60509
1 154449 197641
1 2298 60276
1 58592 116084
1 130776 18720
1 41278 424
1 72336 101282
1 50184 31486
1 107240 199066
1 98819 55280
1 199333 184534
1 38882 45059
1 123900 179291
1 101783 27312
1 140604 11891
1 5912 45459
1 62457 153847
1 117492 26455
1 36091 51999
1 116694 119009
1 132008 173447
1 191128 120700
1 160368 169348
1 150603 2181
1 22839 196456
1 132294 164824
1 40776 59345
1 98157 155706
1 182136 116088
1 168260 30792
1 21400 157241
1 27124 121055
1 162078 4958
1 152476 100301
1 171542 172529
1 72476 114041
1 85317 10177
1 136478 70094
1 102366 161972
1 14949 192429
1 149417 169486
1 65946 129939
1 182768 55616
1 2964 67272
1 17771 83829
1 62504 170186
1 195758 55384
1 123698 157753
1 26130 178538
1 7970 110340
1 126881 173251
1 30538 196371
1 140230 40422
1 191655 187766
1 52788 136713
1 90030 107982
1 138773 70821
1 146200 102843
1 65717 101883
1 123824 192005
1 107567 45735
1 188828 140174
1 181529 196010
1 59371 109112
1 8236 188914
1 156766 136210
1 37622 89004
1 135994 32713
1 192579 167821
1 146828 55757
1 134280 15260
1 155389 12928
1 139154 67332
1 81368 160806
1 119791 5273
1 145561 54857
1 156827 22377
1 93176 122860
1 28846 97412
1 150774 97331
1 1155 108814
1 132840 5777
1 178731 49413
1 15105 10098
1 131092 184910
1 154084 134953
1 193780 52933
1 173546 73180
1 126842 131652
1 184753 132270
1 66230 170803
1 97638 160237
1 122887 62928
1 153747 151549
1 131462 75521
1 172268 124228
1 84017 123992
1 55958 154136
1 94362 27301
1 187066 168742
1 97297 110338
1 74312 102435
1 161550 165659
1 9935 82872
1 169380 198908
1 127996 5353
1 42210 56416
1 39471 178631
1 27851 82743
1 326 64855
1 183033 115767
1 56101 148162
1 80525 65445
1 579 16190
1 181722 21285
1 82234 137533
1 103634 121857
1 107024 119636
1 81584 134967
1 5889 28910
1 50343 33989
1 2000 124529
1 136908 13497
1 190350 42673
1 170303 78324
1 76329 154772
1 21855 151038
1 21816 53957
1 43503 146064
1 27717 168605
1 61315 83165
1 179356 33166
1 79215 144738
1 150355 196434
1 87665 93296
1 64603 82452
1 116701 311
1 59910 181213
1 168842 67157
1 168472 91457
1 55035 193887
1 137747 132874
1 187793 183855
1 59517 190117
1 2031 151855
1 199349 37068
1 14956 59876
1 144502 133940
1 32576 173566
1 3562 156215
1 47017 123807
1 194866 195844
1 156893 185385
1 178997 94405
1 67893 71181
1 59623 139025
1 74456 142225
1 113628 33043
1 3813 189474
1 49421 70266
1 53285 167066
1 127082 129315
1 69487 85139
1 138720 176516
1 127197 140780
1 155244 37274
1 172144 90075
1 62881 188116
1 103551 167988
1 83254 119681
1 54694 35064
1 151315 76919
1 32364 23330
1 151709 195206
1 59316 172526
1 125248 60252
1 188201 104170
1 43708 163706
1 52835 107393
1 134195 198679
1 139167 55621
1 155698 141522
1 63134 84797
1 3518 45790
1 45979 118895
1 143520 20969
1 145651 197039
1 142644 187661
1 183568 74409
1 16494 33658
1 119575 137835
1 123373 91492
1 99667 164343
1 109509 182505
1 109728 54599
1 65287 128069
1 187740 122144
1 22803 86457
1 142603 104412
1 148001 89145
1 44809 112947
1 12940 15125
1 188854 162314
1 133665 149994
1 28701 2751
1 92518 34249
1 101413 89395
1 100269 74856
1 193339 102424
1 181851 38664
1 152319 90492
1 45939 112550
1 75885 126935
1 156008 121830
1 18639 173713
1 132387 51900
1 130274 190359
1 77394 58333
1 81542 100000
1 125618 96806
1 180585 53371
1 7198 186570
1 2037 13339
1 85976 98113
1 95161 34661
1 128214 150831
1 138390 4537
1 114960 4947
1 9131 5247
1 22857 43121
1 97602 143668
1 142492 142849
1 120828 68148
1 120521 92761
1 25082 20938
1 180416 187672
1 50510 71414
1 31981 70549
1 192609 115326
1 132484 177800
1 142053 137144
1 65871 135798
1 178174 127702
1 107765 180642
1 82092 23026
1 94029 65778
1 16509 55132
1 51747 191967
1 197040 94178
1 185290 195425
1 49388 16479
1 165539 80410
1 152930 73095
1 124844 113026
1 130368 128114
1 112908 143571
1 197272 66214
1 160669 79542
1 150223 95722
1 143739 151149
1 193034 112776
1 162445 161665
1 137302 35042
1 15121 36078
1 188823 17656
1 130924 112590
1 63155 89144
1 114994 35779
1 69567 121159
1 101362 148073
1 14698 121935
1 107270 79292
1 179752 24970
1 132058 174533
1 17762 112333
1 56506 105290
1 26652 84248
1 104480 166838
1 147878 85597
1 63934 5318
1 35719 56335
1 192840 91254
1 138727 85037
1 121478 117803
1 35708 138446
1 60760 137442
1 12023 58990
1 81803 12825
1 130031 29050
1 35739 155196
1 93581 123673
1 107273 162003
1 100985 27579
1 81759 95017
1 52038 81190
1 42945 767
1 75994 199614
1 33526 162227
1 72352 162581
1 198902 69547
1 154544 194355
1 4598 25798
1 172863 25575
1 155570 162948
1 30403 82574
1 175418 184116
1 5802 172387
1 111232 119006
1 27003 76296
1 34785 68338
1 57100 104340
1 12402 75633
1 113190 122526
1 80205 142875
1 78262 77768
1 119131 66393
1 46005 30927
1 93027 97067
1 10714 11601
1 23956 61459
1 73406 82527
1 197135 35843
1 12175 1926
1 130233 52037
1 53497 16664
1 26751 80042
1 63314 167936
1 175338 160245
1 79493 117510
1 198821 35784
1 130177 143135
1 92300 13582
1 52706 48825
1 3768 93546
1 83488 3013
1 139848 103648
1 59958 64261
1 172594 7811
1 75158 102872
1 147081 187615
1 188491 84867
1 195665 63719
1 139182 88706
1 182913 96033
1 26830 185999
1 8087 81808
1 96601 100978
1 69346 39202
1 168335 39690
1 55052 116892
1 107305 102938
1 42151 145410
1 84357 196247
1 79801 68171
1 43029 28913
1 51339 5444
1 94857 189344
1 194478 175746
1 22458 71025
1 141518 66446
1 106904 114705
1 46715 91085
1 139542 59736
1 144437 111982
1 83988 73689
1 12216 43799
1 66381 11689
1 135624 8337
1 85250 70958
1 103359 94642
1 193446 178346
1 140948 167052
1 162827 199048
1 160494 64020
1 7373 128166
1 158058 109653
1 38077 108707
1 79912 101654
1 60368 62186
1 2332 32392
1 87753 56127
1 112723 185588
1 97828 113481
1 195716 123493
1 68741 147425
1 193306 58962
1 130336 3611
1 106047 107151
1 164585 111314
1 2794 195508
1 88575 38776
1 71148 9420
1 47764 127773
1 126775 107266
1 139744 107903
1 59568 27978
1 45062 10323
1 70646 198412
1 91847 76563
1 133427 168406
1 198566 180169
1 131299 193666
1 94427 152859
1 173602 55205
1 82619 162007
1 170810 89721
1 11879 142784
1 116077 189389
1 23285 69080
1 184767 196203
1 9884 114928
1 152456 27850
1 150948 184558
1 106041 51702
1 116876 66591
1 86892 8572
1 123261 191614
1 143857 180442
1 30511 42626
1 53141 192102
1 199898 103534
1 33333 75069
1 93471 173781
1 157572 3246
1 111672 98156
1 21593 160040
1 178974 43989
1 37437 163682
1 114297 155432
1 143155 72777
1 125389 87044
1 22856 50287
1 137698 59223
1 30108 187954
1 55348 191082
1 150321 97578
1 27868 60528
1 168308 174231
1 23998 116496
1 193034 52873
1 142197 175152
1 153053 43473
1 41404 128517
1 101990 47273
1 1566 15000
1 27133 161439
1 117728 179227
1 192862 167175
1 168365 57324
1 126910 65442
1 132738 33193
1 113678 158985
1 163418 14068
1 41551 135646
1 49948 75208
1 27287 63861
1 140164 112573
1 46434 114750
1 11024 104792
1 76316 186294
1 69932 69079
1 112558 143439
1 99999 161211
1 133767 159261
1 199094 73942
1 7853 191618
1 198001 143191
1 26179 130139
1 194221 191699
1 110429 42412
1 119762 25494
1 139394 174986
1 110077 185771
1 84609 153351
1 176368 184935
1 144631 119139
1 86777 132412
1 41950 196785
1 112288 28413
1 132186 2887
1 191765 151661
1 103873 1322
1 180569 41421
1 175913 128505
1 66539 7589
1 54070 16472
1 130998 67858
1 59748 144224
1 57593 155025
1 152657 62789
1 91126 19850
1 78414 119559
1 96607 48928
1 179495 12573
1 152829 37944
1 38384 42270
1 69602 67784
1 34131 153458
1 72210 178210
1 164184 51257
1 178862 98625
1 118899 80506
1 28065 54419
1 166036 13710
1 12366 30407
1 76458 117902
1 172089 163416
1 77945 70842
1 100788 164827
1 57567 132843
1 156813 120005
1 57185 55099
1 2614 40832
1 129786 24114
1 47413 175087
1 128102 161205
1 190028 82688
1 64236 97002
1 27883 71026
1 190251 116398
1 192917 40102
1 186086 20411
1 124753 14890
1 148498 110164
1 116306 34564
1 110238 819
1 86440 150524
1 1476 46132
1 21031 16364
1 61584 89603
1 36568 177484
1 110766 42883
1 7071 11897
1 38904 139712
1 153709 95494
1 18496 23127
1 33063 90438
1 22107 168548
1 79573 88472
1 143726 128301
1 95503 158067
1 189181 6285
1 56934 2676
1 20146 4067
1 196303 21669
1 1962 153339
1 167252 93840
1 30086 3133
1 17726 169413
1 166256 178708
1 124541 93992
1 42668 79778
1 76058 132222
1 65761 23458
1 80543 116089
1 79528 65053
1 71557 32321
1 189780 109393
1 58271 111429
1 40770 102303
1 101700 54659
1 68258 98036
1 166018 11604
1 155335 124281
1 37505 116987
1 88491 112255
1 102197 103023
1 94918 101477
1 109192 61735
1 159057 180363
1 169030 146149
1 9558 86652
1 95755 2438
1 100474 134231
1 38571 134153
1 153485 114751
1 44256 65565
1 58832 80004
1 58296 48815
1 76040 39121
1 84800 184884
1 194882 168599
1 46123 156020
1 20903 89017
1 182471 124952
1 198339 100409
1 155107 64949
1 53648 46435
1 20921 140889
1 36616 85816
1 107618 150165
1 20714 104477
1 186874 58892
1 78092 54277
2 89409
3
