200000
1 91790 95918
1 123842 8347
1 15968 71985
1 119645 14802
1 181650 83264
2 33725
1 57381 153146
1 129332 154671
1 62839 112735
1 197563 170911
1 26757 63910
1 29330 122344
1 172368 67712
1 54425 65690
2 145876
1 170317 172939
1 152849 176597
2 170813
1 175777 143430
1 162959 142627
1 123614 2078
1 87906 106842
1 172716 2745
1 57683 171758
1 94571 80225
1 11565 743
1 30841 49599
1 169015 101270
1 176578 159615
1 177954 149087
1 172104 11008
1 13496 181511
1 168435 33537
1 105793 40384
1 190748 96456
1 88887 143795
1 149334 101589
1 101037 29005
2 195007
1 12466 109947
1 94281 89477
1 154661 26220
2 126215
1 197773 41809
2 90446
1 32799 141659
2 31660
1 173212 82084
2 140898
1 18034 113109
1 158876 124496
1 150671 27485
1 59641 184288
1 66170 30315
1 159245 118129
1 169011 167509
1 58169 141578
2 103017
1 195477 19342
2 166133
2 93680
2 66871
1 104796 35145
1 1688 197093
1 73012 56815
1 92999 77756
1 104329 17702
1 127513 192764
1 108648 10561
1 33352 45490
1 6287 96527
1 142862 94815
1 74836 22113
1 148971 185257
1 87444 90714
1 73331 134721
1 75295 186807
1 88475 126548
1 175777 150751
1 93124 50934
1 165844 121324
1 31049 193483
1 39077 55097
1 192710 199799
1 58595 66159
1 51433 38089
1 29679 150859
2 154749
1 141392 24480
1 192517 118069
1 24532 156790
1 100257 184629
1 158363 82241
1 26176 91111
1 28687 7954
1 83360 38716
1 89513 78691
1 118219 175745
2 76736
1 185542 169990
2 94055
1 43076 90032
1 171719 109847
1 115367 54341
1 102660 140722
1 134599 151676
2 164417
1 152566 163269
1 161223 3958
2 155887
1 42751 99927
2 94215
2 4871
1 164156 8088
1 181415 122744
1 83617 136392
2 177785
1 8419 140301
1 93283 176900
1 53789 193421
1 132917 132106
1 199254 51105
2 86307
1 36577 57495
1 22312 122902
1 126491 53655
2 160140
1 197731 5970
1 156825 28913
1 169346 28313
1 82980 59631
1 144905 161261
1 70710 57333
1 23090 162276
1 143574 115351
1 165087 133907
1 83764 8664
1 116839 11135
1 160785 197177
1 36064 163655
1 194860 198210
1 43822 102159
1 32368 26448
1 120588 136368
1 136540 195231
1 59674 123870
1 62066 98266
2 87528
1 179926 133220
1 155907 192387
2 169071
1 114394 49823
1 51507 13849
1 158651 130365
1 70863 49692
1 171926 64330
2 133647
1 39543 12966
1 198963 134265
1 164963 32473
1 52996 27623
1 65081 181982
1 60796 111023
1 56509 99824
2 60828
1 158694 147969
1 195271 43074
1 187789 99987
1 121871 54774
1 48920 613
1 24664 127216
1 138176 142141
1 103728 114221
1 114627 195358
1 9738 162804
1 183341 94774
2 57378
1 35599 91243
1 105989 26033
2 194020
1 39133 105546
1 125820 171574
2 112487
1 97093 182410
1 157725 55542
1 80683 865
1 89251 91742
1 78241 77261
1 159067 127784
1 94169 98557
1 65492 17336
1 58693 70344
1 19854 195519
1 112261 135937
1 171013 123746
1 89491 93948
1 58749 71658
1 187442 154401
2 26831
1 46988 146068
1 154144 140021
1 116717 178315
1 64719 53074
1 163888 190130
1 69936 3589
1 195804 84572
1 51307 96624
1 160322 60157
1 92844 64515
1 116038 63192
1 90578 163854
1 44717 174056
1 126875 110983
1 76968 155475
1 50319 61336
1 72482 83980
1 92780 85037
2 75527
1 35566 14931
1 144011 88662
1 17712 177905
1 9762 133608
1 122149 123247
1 50730 140032
2 35787
1 186469 24279
1 118963 170647
1 91999 2195
1 120777 97475
1 124036 177259
1 132562 5400
1 83919 5368
1 108612 183166
1 29662 173393
1 188983 142017
1 123706 180591
1 106697 185318
2 73508
1 84299 57424
1 114639 97955
1 102913 169797
1 47998 32203
1 170914 89582
1 85753 58000
1 45847 94732
1 180738 141259
1 171893 105607
1 88933 116747
1 32010 180374
1 131299 138911
1 157607 53683
1 49313 138467
1 129582 42303
1 90962 146314
1 195806 60337
1 32738 180011
2 43996
1 123452 134180
1 71083 173380
1 92296 26302
2 71052
1 75595 173263
1 113012 41856
1 130954 70210
1 191461 132324
2 148313
1 160189 146250
1 107741 99667
1 189788 61584
1 137937 185756
2 147811
1 120281 164408
1 82914 135744
2 42963
1 194465 19867
1 146501 34544
1 160613 54470
1 174063 71488
1 9052 142740
2 181657
1 47408 11827
1 100982 196596
1 155660 99941
1 59554 172788
1 157133 11952
1 136900 168857
1 60473 108984
1 140243 108408
1 140210 84729
1 172673 17999
1 149571 55474
1 170275 144329
1 2474 139472
1 20708 129231
1 35430 17689
1 75179 125200
1 149635 73818
1 128650 162449
1 44963 32083
1 96936 141431
1 102863 55392
2 148785
1 113178 48894
1 35765 27068
1 140821 175396
1 146809 164157
1 42501 38014
1 14297 43052
1 35878 156765
1 62470 54325
1 22414 99186
1 116498 34785
1 33106 173145
1 155906 80900
1 141046 169960
1 133526 107433
1 174939 128442
1 11158 103803
1 159588 124598
1 91678 16309
1 186537 5285
2 749
1 60762 13664
1 77141 104554
1 78743 192840
1 175551 1528
1 7268 145176
1 90355 39484
1 169173 34471
1 190338 93227
1 50323 2269
2 192752
1 4412 198696
1 194278 195933
1 83258 99335
1 145212 91702
1 181782 32287
1 131918 183325
1 182982 113826
2 119229
1 108646 137607
2 6713
2 79027
1 68809 39946
1 122659 50497
2 17817
1 78722 103217
1 132209 76687
1 2747 22303
1 148052 101816
1 114387 79212
2 111948
1 162286 35250
1 168639 157466
1 25924 77620
1 5634 114270
1 60555 192595
1 15275 44902
1 45751 79825
1 117614 193399
2 169335
1 102136 125146
1 100811 105732
1 82978 113475
1 10702 12460
1 190848 96178
1 20919 187418
1 188580 1675
1 119799 197160
1 30732 67710
1 194352 66343
1 21238 3762
1 50843 27438
1 74405 188334
1 49147 45345
1 124786 165834
1 72641 41988
1 61910 70294
1 97089 38208
1 59894 133193
1 32341 117876
1 139248 60076
1 160272 101440
1 54949 143943
1 54886 141262
2 175368
2 197612
1 45473 135843
1 179587 35794
1 130658 10613
1 41910 100497
1 102313 100886
1 99870 49809
1 54153 41988
1 83725 139841
1 65054 147615
1 98396 70302
1 49883 163414
1 155288 99587
1 11151 110418
1 17960 45490
2 71991
1 117167 170818
1 146762 120522
1 173340 25039
1 7741 173760
1 76407 151835
1 95174 17765
1 175486 167426
1 143006 164509
1 109579 27607
1 80921 82871
1 123050 34966
1 61208 148918
1 175067 129292
1 34736 39070
1 128420 193477
1 105241 134716
1 187996 7030
1 103131 31161
1 68979 155244
1 17014 193824
1 106181 79413
1 149073 44717
2 44128
1 194245 148326
1 43687 72531
1 104493 92139
1 79962 193593
1 134339 12804
1 68195 179399
1 129541 67815
1 173488 51474
1 37466 93391
1 146003 57572
1 49885 39717
1 79922 119681
1 93544 55851
1 9904 20724
1 20707 31274
1 83163 38751
1 192077 134687
1 170519 172163
2 168777
1 126648 46603
1 118747 195756
1 147567 7370
1 184624 38534
1 5854 85316
1 75411 60398
1 122809 198190
1 197053 132435
1 42187 127022
1 196926 171265
2 150148
1 128799 174569
1 152554 31556
1 57429 130685
1 176865 14951
1 50932 18135
1 176660 5265
1 114363 46935
2 138729
1 59857 50369
1 195430 148635
1 198843 94403
1 717 163497
1 139262 61676
1 60303 103807
1 27012 167716
1 104106 194213
1 31475 140571
1 15081 23847
1 187935 137239
1 199600 174660
1 133934 122493
1 4038 109466
2 55307
2 99033
1 120146 67357
1 160064 60185
1 9800 89536
1 14134 97137
1 137022 4419
2 102426
1 36008 146241
1 168010 98216
1 41787 182939
1 180543 27651
1 170405 54330
1 168591 75520
2 20923
2 120243
1 21815 183023
1 133197 31977
1 178378 118521
1 39594 115949
1 52278 52899
1 58999 191994
1 191962 52450
2 83767
1 95393 177093
1 119 113050
1 99354 116869
1 91149 74091
1 25927 126573
1 48125 178619
1 178623 41894
1 46605 96653
1 156589 164729
2 92458
1 182682 143552
1 153743 157678
2 196738
1 197306 157574
1 22977 158405
1 57607 55392
1 5230 78748
1 149829 105886
1 42916 107933
1 154897 119898
1 140655 57598
1 108593 7852
1 18243 189608
1 180705 196574
1 18084 40509
1 43740 31187
1 37782 132076
1 92136 69619
1 74376 141877
1 2405 62170
1 39548 68408
1 22871 82369
1 139642 134978
1 32561 80684
1 198261 100826
1 13668 90454
1 94654 133257
1 111528 170266
1 138984 147880
1 93130 199843
1 52283 193582
1 144759 156949
1 108573 93178
1 141128 92093
1 167613 69405
1 67214 110647
1 73473 78891
1 173984 97758
2 160627
1 34947 104994
1 175829 4135
1 196527 18263
2 81335
1 145877 125815
1 17980 89754
1 29365 165240
1 155279 17947
1 199046 92100
1 83075 175707
1 150553 146382
1 40133 80204
1 156627 191386
1 133749 132668
1 142712 181349
1 138896 127139
1 51833 147216
1 174045 194986
2 68672
1 58178 88412
1 197725 147258
2 95694
1 3920 156205
1 197076 53381
1 176823 32845
1 174692 186744
1 49060 50150
1 51847 49891
1 64442 10605
2 198241
1 169516 116057
1 162100 179953
1 181421 191083
1 5305 108795
1 20465 63660
1 103896 155831
1 73494 2361
1 34962 56187
1 106624 26
1 108820 137127
1 34688 26962
2 35213
2 144205
1 199142 137881
1 82542 33486
2 106348
2 30215
1 71858 756
1 12926 139066
1 108740 29583
1 55836 19869
1 78015 157195
1 96109 45568
1 37470 164459
1 72456 165874
1 34462 195538
1 37002 150359
1 136470 195636
2 116867
1 15900 157883
1 116666 77728
2 110553
1 93698 40251
1 35190 86184
1 108902 110282
1 37984 4107
1 116620 184372
1 123133 95563
1 142596 142042
2 194893
1 135167 73201
1 125814 23157
1 111290 22969
1 19822 55942
1 84491 10289
1 77000 190227
1 131417 146888
1 193811 31090
1 100567 46962
1 77258 11410
1 70160 64280
1 148092 42686
2 691
1 73380 18363
1 71328 10146
1 109557 197321
1 58908 132920
1 141811 139199
1 64248 199257
1 7837 108160
1 23322 105470
2 98378
2 137049
1 155328 26869
1 41610 132631
1 93860 33881
2 70658
1 134127 145640
1 157113 181365
1 31089 85518
1 138663 55034
1 106355 176678
2 63070
1 144317 36982
1 108468 130626
1 179518 77781
1 145126 11109
1 136074 190073
1 124835 54543
1 150230 69952
1 148893 176783
2 151838
1 9518 8013
1 27608 143475
1 40040 170016
2 51617
1 19869 3529
1 129557 175951
1 111005 198231
2 194797
1 71950 42312
1 173472 42370
1 188149 21469
1 119324 48888
1 14479 182407
2 111367
1 156956 107491
1 33031 30744
1 117669 156512
1 180938 159528
1 30566 107367
1 117158 64805
1 149079 166621
1 1599 191227
1 185232 54383
1 178764 69632
1 184759 129638
1 79135 103007
1 13869 14189
1 8691 112775
2 58682
1 97436 52215
1 83477 98741
1 30820 66008
2 133741
1 50612 81350
1 171969 151929
1 169514 90325
1 4364 143704
1 115726 159261
1 35565 19471
2 151329
1 59038 40125
1 91585 94557
1 170279 186376
1 13779 158464
1 190924 153215
1 120308 54167
1 7119 142113
1 198591 130700
1 83857 187943
1 133039 142323
1 41054 107247
1 157511 198674
1 196733 31532
1 63489 4271
1 9974 25675
1 191482 97182
1 56932 46568
1 111772 131658
1 142653 13491
1 1483 113987
1 122975 38684
1 118740 173385
1 199454 39622
1 142354 149976
1 181323 120811
1 6754 153909
1 116742 192716
1 47882 70199
1 26183 67740
1 130853 84057
1 70696 72493
1 28755 32766
2 100983
1 35070 157406
1 50731 69563
1 123335 66223
1 147544 199237
1 179738 36786
1 66678 20601
1 46843 169030
1 155087 197725
1 184978 6378
1 154795 21409
1 70134 39972
1 186436 71535
1 64891 34612
2 127661
1 173291 89278
1 41691 129150
1 112749 53680
1 164008 125955
1 105262 60385
1 51583 163749
1 37094 196175
1 150212 118744
1 62713 145712
1 123159 169350
1 33189 20412
1 137503 146812
1 2672 24701
1 21595 3284
1 45073 112923
1 45158 61091
1 147742 84963
1 13002 177635
1 4086 185752
1 52361 122403
2 156719
2 115863
1 169646 136361
1 123104 20040
1 107960 78074
1 184363 160242
1 43536 33771
1 138407 38101
1 11010 18769
1 124818 132798
1 62924 92603
1 123619 20654
1 13892 146040
1 138138 60555
2 34695
1 81934 159565
1 24256 124133
1 144658 160496
1 56546 3914
2 172196
1 92913 104017
1 73614 115563
1 134937 29395
1 150679 156075
1 59689 68916
1 55447 146348
1 44653 29973
1 55630 148778
1 94475 171446
1 76832 94846
1 12584 49925
1 122785 193101
1 170328 82726
1 163488 13295
1 169612 18117
1 45046 129954
1 13047 190362
1 117136 82032
1 169601 111613
1 13179 29726
1 145840 77098
1 167408 14935
1 165523 196054
1 146465 125464
2 196273
1 191143 77314
1 178913 25137
1 65001 135514
1 43456 4363
1 119531 77324
1 121793 43439
1 111137 61153
1 18409 135476
2 37189
1 191006 95987
1 155854 151689
1 37053 175907
2 132915
2 145717
1 55115 103305
1 104468 61450
1 110679 126266
1 21914 38966
1 32224 170304
1 97110 146161
1 191343 41270
1 148064 156207
1 87503 71885
1 138762 25710
1 195160 198654
1 3793 177725
1 99769 187637
2 41291
1 30047 7813
1 141159 63373
2 170815
1 185125 139545
1 118817 171311
1 187964 105357
1 192851 162926
1 11244 129190
1 132668 122788
1 133489 45408
1 75811 163347
1 78334 198617
1 13494 185724
1 34671 84322
1 183384 117969
1 130353 23687
1 132012 122587
1 61040 82013
1 186849 178413
1 163009 86219
1 58367 153352
1 130769 45660
1 5169 66640
1 20430 35716
1 110547 97583
1 148052 32688
1 132989 6984
1 45914 11091
1 132240 193887
1 36765 39534
1 191232 140422
1 38413 39135
1 123427 77387
1 153016 34669
1 61113 132128
1 70260 137747
1 151100 17227
1 69968 92555
1 168553 26255
1 5820 153372
1 93839 181082
1 19127 48103
1 105944 20848
1 55993 176430
1 170965 35735
1 82274 111526
1 133070 47684
1 91555 140478
1 130186 111942
1 92780 81904
1 34588 78450
1 165909 45512
1 11247 87822
1 33616 121458
1 158163 31105
1 19407 21000
1 102792 30971
1 135922 80028
1 185929 70433
1 170291 131011
1 134621 101884
1 75285 44515
1 51482 44194
1 19914 63933
1 60794 140004
1 34020 52734
1 68323 35065
1 45950 61250
1 167601 33195
1 130411 126570
1 94086 58048
1 69215 80416
1 34261 14059
1 4637 82216
1 79211 96756
1 144161 86633
1 64959 128678
1 171598 58108
1 83771 58936
1 92378 190452
1 127563 22461
1 35192 10670
1 13349 104591
1 81158 30939
1 90329 17976
1 29240 58507
1 151515 14755
1 61252 171964
1 13262 11395
1 58640 100131
1 168020 5954
1 117529 159929
1 12371 5677
1 156965 93770
1 158217 25565
1 185707 23994
1 67795 130473
1 105408 85401
1 159355 18954
1 167493 2536
1 101696 123535
1 28751 62764
1 30569 195906
1 159511 108275
1 117261 14873
1 38115 69348
1 97564 145250
1 56628 1611
1 146738 112937
1 156082 47716
1 62430 150955
1 112276 189288
1 137325 179264
1 42644 129430
1 184188 76484
1 56211 191684
1 8381 104454
1 179656 51046
1 8265 28405
1 41710 70877
1 90664 140487
1 22894 154243
1 177436 86699
1 93643 92406
1 9140 38898
1 55565 25699
1 109519 86777
1 181871 94357
1 55791 100634
1 198732 171262
1 45889 174676
1 102920 901
1 21545 116343
1 52923 67856
1 182675 159380
1 62051 130707
1 131895 180708
1 117898 53081
1 556 180663
1 77812 42707
1 57840 143520
1 60814 88031
1 106167 179807
1 126291 18458
1 128050 144911
1 82625 44584
1 69729 163793
1 195644 32259
1 13020 6201
1 87808 68739
1 134366 56439
1 26828 151981
1 80851 123272
1 119181 183806
1 83683 186781
1 142985 146361
1 175935 74827
1 73165 181103
1 18731 47093
1 71065 115598
1 76365 120696
1 97289 191725
1 11189 123413
1 90887 155159
1 99501 151267
1 102959 13014
1 160578 74358
1 142211 134722
1 87827 69514
1 21649 70665
1 68186 28213
1 135393 65217
1 46392 190988
1 93922 43308
1 114630 164755
1 49495 154826
1 89689 75371
1 64382 18661
1 20949 170359
1 116161 136281
1 86901 64591
1 23457 198114
1 150873 173353
1 112863 101867
1 137680 140548
1 116972 166163
1 176808 76311
1 48979 178050
1 171188 176633
1 38822 25581
1 157470 157074
1 164070 119206
1 187117 169921
1 39030 47783
1 159192 165391
1 90370 14304
1 93131 100628
1 199276 142207
1 11320 174056
1 173112 36223
1 186978 60621
1 189368 94644
1 51494 168731
1 74297 53781
1 97163 94252
1 46127 108107
1 124171 109832
1 157470 21689
1 145570 70163
1 11147 161548
1 153686 70197
1 177251 4677
1 78728 52234
1 14569 78724
1 6522 153932
1 4389 86743
1 81760 104893
1 65803 171459
1 6316 47577
1 96874 110674
1 162708 64891
1 183254 179869
1 89254 27214
1 92184 156443
1 40848 61751
1 138388 108651
1 130025 71937
1 41850 141343
1 155523 18505
1 82289 169545
1 142453 84715
1 7232 161290
1 134947 127084
1 22143 119192
1 105745 156201
1 151166 157968
1 56872 150912
1 41908 54780
1 139463 47165
1 69994 125862
1 30606 30151
1 168296 29533
1 171302 182667
1 141792 183175
1 21653 54185
1 180698 14952
1 72961 90654
1 111712 92209
1 65666 199858
1 63339 121100
1 133293 86371
1 42637 148327
1 27806 86033
1 71071 143104
1 163269 108651
1 162094 37999
1 96820 124570
1 180769 74041
1 49960 145644
1 184942 186068
1 53269 173123
1 30782 9974
1 145207 136510
1 107037 107044
1 54742 97704
1 90215 22647
1 37017 40671
1 132847 102320
1 31055 158792
1 80369 113344
1 116665 100786
1 21882 30545
1 93915 29511
1 118358 85080
1 36101 85306
1 153530 155423
1 46237 100205
1 77555 590
1 158191 82593
1 177679 172602
1 79671 78372
1 143691 155696
1 93997 137718
1 38204 150083
1 111122 58428
1 1473 156884
1 76282 41960
1 41960 107362
1 41243 72680
1 190239 73938
1 15253 97230
1 197598 47488
1 160066 94912
1 186195 162118
1 148480 171873
1 35022 182027
1 191676 194303
1 53166 131600
1 5760 48830
1 65804 104055
1 115136 199173
1 89702 114709
1 83617 13799
1 195918 106682
1 195467 109140
1 108948 63806
1 40049 147713
1 184113 131790
1 118622 152660
1 123701 64374
1 93762 108693
1 30963 166257
1 164861 124561
1 168811 3439
1 164587 58449
1 81143 116197
1 95920 36027
1 98938 187803
1 65542 143238
1 139078 88114
1 35076 100387
1 111245 1333
1 137841 181033
1 196235 181089
1 29769 53186
1 23473 47543
1 185743 167829
1 31316 142017
1 77267 173427
1 119127 54435
1 185989 54277
1 27798 62629
1 9723 21365
1 22036 34941
1 95104 45916
1 61863 22370
1 62686 64621
1 128546 3918
1 106540 126880
1 95363 56595
1 48858 23584
1 41247 70049
1 164924 93496
1 143370 55318
1 133526 184763
1 88203 77831
1 94119 54644
1 128319 7502
1 180345 129933
1 31820 43988
1 173607 138627
1 191561 195617
1 180784 106570
1 12715 63842
1 7355 114108
1 121907 21497
1 38314 92616
1 154071 182987
1 147044 85208
1 35950 157510
1 44637 180163
1 5151 185777
1 38505 46836
1 56395 77496
1 98497 189531
1 48250 180728
1 139733 109458
1 56900 104136
1 101906 192274
1 150977 117832
1 9269 90199
1 78130 134254
1 73745 132624
1 41969 55054
1 150301 110220
1 132374 54313
1 180865 100514
1 174443 19130
1 147874 31839
1 36179 185596
1 13100 164405
1 52278 67712
1 69535 174113
1 90672 90990
1 157533 88285
1 99322 119193
1 167155 67592
1 145240 132360
1 56294 159314
1 11077 62401
1 30719 173740
1 8540 153624
1 12185 50991
1 90440 166969
1 169771 115980
1 85997 57074
1 184145 12724
1 30040 19524
1 101344 131976
1 156325 179948
1 104233 147331
1 69487 170476
1 49484 186534
1 61117 125407
1 156801 54053
1 140907 2685
1 32099 27088
1 69014 99499
1 87870 36804
1 112844 103879
1 12827 150355
1 59763 73137
1 176009 55792
1 177528 177950
1 557 63775
1 14587 76249
1 175565 64861
1 17401 185178
1 104793 114251
1 85625 37196
1 40123 189409
1 62139 49113
1 8161 37008
1 77278 68217
1 7176 92664
1 32976 98171
1 184651 125900
1 94396 198994
1 171691 130561
1 125614 3171
1 132321 70974
1 49738 27726
1 191906 36801
1 58734 172731
1 91954 43214
1 139813 8359
1 178924 144926
1 67917 91822
1 159120 185348
1 43083 152091
1 199310 78499
1 39725 111022
1 91730 85198
1 110879 57069
1 110160 26304
1 77139 135085
1 16018 133694
1 37418 40098
1 71999 149128
1 146280 130598
1 159726 167751
1 70679 59207
1 36459 162611
1 96954 8468
1 9801 55045
1 45684 59560
1 184489 1757
1 75386 44855
1 98313 63859
1 90934 149017
1 112080 52803
1 55613 169748
1 164248 81973
1 100852 64751
1 159933 147851
1 45821 3316
1 169574 77454
1 177128 117445
1 105169 27002
1 135576 97378
1 146083 139305
1 14195 112121
1 73584 190270
1 86606 146095
1 60679 26707
1 175704 90990
1 107842 37476
1 14469 118384
1 9676 181628
1 17662 49354
1 17844 112416
1 153991 58108
1 8177 180411
1 29041 125560
1 8437 74251
1 63360 159793
1 95479 182473
1 90847 96677
1 31996 23070
1 30851 9006
1 169189 41668
1 68829 179717
1 162879 17913
1 61444 61592
1 162630 103596
1 65377 196109
1 156027 8993
1 39261 1751
1 94824 113127
1 27272 165241
1 122224 85116
1 68619 41432
1 183452 168062
1 38928 141765
1 13732 165269
1 127472 182283
1 28667 39967
1 49245 758
1 189598 87388
1 182288 64292
1 175325 148827
1 185782 198608
1 30506 32997
1 157719 90524
1 104034 31720
1 141638 56607
1 185946 185382
1 114639 152624
1 22379 135070
1 22430 2481
1 21313 106683
1 81709 179742
1 61472 121020
1 13104 85400
1 142584 15140
1 148419 70573
1 7914 179619
1 7251 51626
1 59034 103107
1 196940 184100
1 6456 27799
1 91716 110147
1 144586 170529
1 100134 190544
1 77500 85763
1 56161 112768
1 97514 24296
1 112081 144257
1 74669 176499
1 155694 63684
1 193636 119465
1 66036 94667
1 172804 129498
1 69074 156020
1 69219 162901
1 49878 28999
1 182145 98188
1 66713 120765
1 35992 70853
1 89191 35217
1 192230 84611
1 149617 175563
1 76600 113717
1 154102 155273
1 18425 48541
1 126511 11153
1 38843 114242
1 75386 141461
1 97412 136410
1 24010 96390
1 198044 30194
1 147596 189916
1 91030 16480
1 161116 101540
1 69534 144619
1 85162 33674
1 159810 157048
1 187110 165225
1 100227 42808
1 117491 10385
1 23901 48336
1 87307 70552
1 46740 171785
1 152879 17956
1 56130 98106
1 123922 26295
1 148574 120498
1 100486 193851
1 125775 103977
1 143335 120976
1 177521 20009
1 152070 107604
1 132007 51577
1 135321 77683
1 118626 29258
1 29344 104943
1 164272 71590
1 36443 127664
1 170248 21141
1 138602 178895
1 77077 131537
1 171204 64223
1 151937 31277
1 47517 135486
1 69251 160321
1 102161 184155
1 160684 88921
1 99093 161607
1 180782 158430
1 135328 188352
1 105390 50948
1 51030 180027
1 25099 85557
1 73461 139890
1 128623 21502
1 113027 80751
1 8213 154297
1 149239 134936
1 164444 191419
1 75751 196858
1 93067 23358
1 129586 69914
1 93861 79953
1 149614 116666
1 169582 71551
1 86292 194025
1 103230 90109
1 173099 195278
1 28102 120663
1 182002 70902
1 82336 139868
1 74130 177307
1 194716 185737
1 141763 7223
1 176519 182836
1 138813 199626
1 155006 17466
1 71842 65064
1 54900 66475
1 182953 87110
1 101632 94772
1 94926 185797
1 143723 68044
1 90936 107968
1 83192 100451
1 120939 52883
1 128564 193799
1 188847 100652
1 94207 153113
1 67584 128023
1 102555 9328
1 99703 7300
1 120117 56012
1 110329 176923
1 20978 182013
1 77534 144642
1 95036 147733
1 112292 9965
1 137484 15051
1 33429 132264
1 122041 86512
1 173558 66594
1 194178 11672
1 49906 162810
1 49112 75649
1 22086 30093
1 56880 120391
1 43630 23744
1 199623 181836
1 36687 30987
1 93367 77729
1 124453 136967
1 157561 185338
1 40496 89593
1 104698 35025
1 69403 55007
1 95843 67032
1 104429 108922
1 146339 29093
1 32051 119388
1 58175 26201
1 26221 4532
1 69213 66770
1 23544 104855
1 163597 85521
1 182908 26129
1 88538 176814
1 62487 156844
1 48527 136571
1 119753 173376
1 5389 39285
1 193696 50428
1 32139 103410
1 64999 195508
1 36462 196359
1 103051 139819
1 191308 131513
1 57293 113122
1 21051 61223
1 112495 121505
1 144607 28341
1 189784 69637
1 71667 53564
1 39690 9802
1 162520 22896
1 60934 176219
1 41948 59793
1 70590 94104
1 57676 44694
1 122811 14119
1 62012 126103
1 76816 26942
1 195414 152761
1 136959 23599
1 16033 132895
1 191913 142197
1 82388 167823
1 176187 86014
1 196572 142307
1 113623 95929
1 10601 46449
1 81025 43105
1 79231 183548
1 7563 197194
1 19708 13340
1 109187 189484
1 121957 173483
1 149979 87470
1 158901 7282
1 80217 62836
1 119464 69651
1 152640 102060
1 89221 26359
1 63870 54805
1 58346 63995
1 87767 76944
1 194205 122262
1 189329 176683
1 123663 157134
1 142497 10219
1 151347 28892
1 68374 27866
1 5184 2909
1 15813 5842
1 146370 49082
1 78772 123529
1 1000 49113
1 71498 163357
1 49865 131398
1 143351 42593
1 100664 113628
1 182880 151272
1 59721 113784
1 71630 83665
1 125348 45535
1 76567 160979
1 30090 65582
1 89868 71115
1 73509 25667
1 2980 89539
1 14293 56490
1 143081 63109
1 42872 46731
1 187233 23137
1 28409 93778
1 93439 27515
1 91164 122462
1 122700 18968
1 149576 15021
1 5328 72810
1 18069 4551
1 33989 12057
1 162649 153515
1 78845 112340
1 144174 150903
1 30546 121561
1 192133 37915
1 36622 9665
1 1776 138368
1 83740 120463
1 86828 172404
1 27503 78650
1 155054 84441
1 75633 151033
1 183856 157583
1 64559 125774
1 28795 136223
1 86530 168150
1 25847 9193
1 105025 174031
1 42416 106064
1 83493 143787
1 4203 84323
1 30333 1300
1 87146 39503
1 39571 45312
1 38971 41348
1 96926 114679
1 115975 26213
1 160681 17186
1 166809 4212
1 141315 129942
1 42798 11197
1 110376 55777
1 55420 82305
1 2352 133204
1 9798 138469
1 92599 96593
1 185310 174172
1 107788 69143
1 55483 722
1 11998 19852
1 44798 114139
1 80867 124426
1 28159 43099
1 91210 47532
1 167005 135606
1 32612 173018
1 41349 78778
1 145742 131219
1 155330 152395
1 168994 162106
1 119878 192272
1 129695 37733
1 194999 100317
1 35797 130402
1 27070 74272
1 43605 180298
1 72972 173711
1 151192 52490
1 29805 13393
1 185966 96174
1 167889 37228
1 39466 184241
1 88024 44143
1 27788 2051
1 151198 6432
1 105327 196890
1 85576 143272
1 141876 99196
1 132750 149373
1 146031 73036
1 127880 70545
1 79888 185362
1 17661 21561
1 144660 31631
1 28970 136864
1 167660 78977
1 70288 13741
1 78957 150580
1 15553 26610
1 5370 91658
1 114155 93910
1 1968 18060
1 171365 79429
1 166352 57137
1 195258 131030
1 158961 142381
1 95796 144573
1 125223 176894
1 126250 18930
1 108782 104051
1 56845 16033
1 11996 103997
1 35247 126931
1 163910 79802
1 19669 12124
1 179249 71616
1 29183 147335
1 29435 37287
1 168309 27327
1 24266 13850
1 35795 184959
1 40437 195742
1 145112 107836
1 36466 177507
1 148139 179729
1 109568 55435
1 40623 93418
1 44886 71545
1 126281 164789
1 187531 118428
1 193070 183942
1 48775 75196
1 21426 96458
1 91369 135555
1 77071 142702
1 189882 166031
1 197234 67536
1 38546 55543
1 34124 71014
1 191497 143260
1 147991 108781
1 24097 102706
1 87655 101141
1 47474 48590
1 68468 27307
1 98134 168562
1 127204 85127
1 164245 191446
1 1629 98422
1 181971 151353
1 40395 180714
1 148600 115497
1 68911 29793
1 48544 102479
1 55785 69523
1 136133 150463
1 85447 99744
1 80425 26110
1 189582 27321
1 139912 163987
1 137992 193165
1 159741 275
1 65679 185014
1 132659 29031
1 59928 91685
1 2639 193697
1 139331 31243
1 129372 122688
1 19361 51146
1 98039 29951
1 8263 124699
1 100540 138084
1 3091 59841
1 180976 60295
1 83068 138349
1 100528 63713
1 60446 143155
1 166682 132759
1 178694 144941
1 8250 4295
1 31866 143918
1 5559 5202
1 160205 95786
1 165054 177899
1 27425 105571
1 108911 44958
1 195901 135063
1 26183 29156
1 11154 151720
1 157966 163238
1 89928 141579
1 193858 143439
1 62158 31477
1 104515 184791
1 152353 44995
1 110656 188941
1 156444 117097
1 98914 56613
1 77441 103197
1 3191 92034
1 150087 155972
1 53665 169605
1 16868 169181
1 106623 76695
1 158556 63853
1 99484 157683
1 62795 149994
1 135959 152438
1 85935 91243
1 176530 11947
1 58361 45648
1 181535 102098
1 175957 196846
1 101735 156786
1 106488 1341
1 131101 82399
1 88106 94789
1 147299 129484
1 168979 197126
1 89211 15508
1 40970 175528
1 155184 45957
1 187484 42146
1 69829 192814
1 136986 74606
1 59550 104363
1 193830 26412
1 182125 21166
1 160574 53781
1 102560 114383
1 53129 123107
1 71817 189911
1 94626 170239
1 155662 168202
1 75235 22187
1 103634 179187
1 167540 45489
1 171683 116213
1 123988 78283
1 156069 2894
1 34918 131668
1 69119 93229
1 5247 159215
1 159044 8952
1 158639 76598
1 62180 57879
1 128014 101221
1 44436 94597
1 57928 116488
1 68346 58648
1 141164 134946
1 164766 143694
1 199857 158688
1 196750 128026
1 8906 66045
1 56464 159215
1 107372 41206
1 88845 61516
1 78941 62577
1 192251 6600
1 59007 95401
1 168843 131872
1 67740 190621
1 100756 158143
1 73332 54329
1 72128 111629
1 44165 40197
1 10934 105403
1 144474 89677
1 49287 52621
1 89495 112208
1 194332 149800
1 82307 115693
1 22496 76958
1 27991 114314
1 7529 180407
1 115846 34694
1 122797 175747
1 147085 994
1 165347 100061
1 92413 147947
1 123702 45698
1 145222 3755
1 44401 122002
1 193478 10704
1 174055 107749
1 182098 141340
1 125475 151698
1 3396 137743
1 118224 187195
1 174406 127314
1 33640 99933
1 139677 147621
1 60770 98647
1 123321 114187
1 54103 73720
1 134716 21236
1 154422 123406
1 102729 134315
1 17129 21484
1 177550 191873
1 48135 56635
1 135573 32890
1 141435 137028
1 64903 190710
1 182453 64764
1 171393 12513
1 59919 118673
1 21404 182943
1 174466 1269
1 84664 57970
1 67146 9064
1 174344 178606
1 58391 175370
1 32483 119391
1 162613 192352
1 175818 3449
1 174974 160935
1 63861 185472
1 182014 37975
1 40483 103288
1 153191 159545
1 59041 40336
1 140278 23468
1 80986 16650
1 185253 160308
1 70944 1454
1 176851 35140
1 18362 187760
1 151344 129677
1 3695 88414
1 178861 328
1 56337 178702
1 180131 31232
1 97740 57031
1 50627 116642
1 44401 33263
1 118654 41417
1 151678 51893
1 123893 152518
1 125296 41984
1 19875 181485
1 111244 29015
1 42378 186533
1 27690 193297
1 166555 84528
1 126466 97536
1 34345 57337
1 7163 49754
1 58448 109406
1 173234 36776
1 150818 148863
1 44296 169842
1 173714 132549
1 116207 157866
1 116068 141621
1 147638 107479
1 13973 156983
1 32402 128709
1 29190 149922
1 134767 79211
1 96367 36875
1 66615 131421
1 12481 177677
1 10978 113139
1 175068 76378
1 158846 8825
1 90867 24771
1 15233 106649
1 88956 46532
1 56077 99269
1 116059 136724
1 138115 121129
1 166929 13611
1 43530 97552
1 178465 47252
1 122081 59349
1 146820 105909
1 186404 10829
1 47502 135644
1 102491 45363
1 109855 127948
1 111497 118548
1 107022 135752
1 83699 118011
1 137426 108639
1 48623 182816
1 113587 118329
1 65199 93196
1 120560 53793
1 159950 52560
1 185522 118035
1 73177 151783
1 118898 967
1 178337 5672
1 19238 198589
1 158081 28080
1 138161 114636
1 15147 193743
1 12363 66790
1 176951 94962
1 153837 24366
1 89134 153041
1 136642 154365
1 185491 12378
1 102539 98864
1 104307 177245
1 100881 9142
1 129775 150713
1 70801 54104
1 65927 180742
1 46882 129289
1 19242 54468
1 150506 160177
1 148155 168900
1 61442 148340
1 181221 162389
1 175270 130376
1 45601 115058
1 10529 75639
1 148167 127338
1 46776 78321
1 169428 655
1 24086 143125
1 26106 128931
1 58617 145473
1 40622 87103
1 89882 16152
1 190830 163206
1 148322 102803
1 122513 36874
1 51275 194763
1 108500 143996
1 17556 168966
1 44769 8730
1 78761 70784
1 197346 74132
1 63249 93691
1 177414 60670
1 166682 16905
1 100179 46333
1 92994 101785
1 93677 1516
1 162151 113153
1 82918 49294
1 31473 89483
1 17222 72441
1 90366 105027
1 190300 154751
1 174926 28159
1 157126 89504
1 70576 37167
1 147965 53935
1 152621 53991
1 164388 52227
1 199411 113578
1 153042 145567
1 120324 73337
1 99485 38947
1 65311 46940
1 154665 64820
1 28847 176497
1 13810 83112
1 113843 155507
1 189462 63607
1 72366 107531
1 97511 195422
1 69392 32413
1 171695 62549
1 113827 174220
1 161476 17012
1 163706 111311
1 173390 133793
1 53015 41721
1 157205 58429
1 195228 197571
1 136977 160720
1 89652 34012
1 113132 106289
1 180099 19891
1 35546 166522
1 163531 172740
1 172508 118891
1 169887 110241
1 143121 84957
1 149325 10435
1 199550 112107
1 133511 117457
1 81247 131804
1 147923 38384
1 39790 74003
1 150709 98187
1 193651 140922
1 139545 84580
1 46925 129899
1 144132 182300
1 47616 72865
1 168124 38080
1 144383 173535
1 27895 130836
1 114106 147487
1 47298 113507
1 153323 115518
1 76211 104135
1 132894 195622
1 99985 158198
1 173504 69947
1 44801 13455
1 2537 18186
1 41908 46051
1 161964 164654
1 92367 127622
1 192734 131205
1 190235 14103
1 126693 120978
1 140463 184846
1 54083 93108
1 177370 171397
1 122979 143367
1 26644 84874
1 164259 175192
1 145703 10917
1 144930 17871
1 197466 198564
1 68555 127704
1 40735 22319
1 168162 38290
1 196733 116552
1 110671 49788
1 21439 197602
1 169961 95772
1 107998 38566
1 92676 138674
1 143981 48193
1 33405 77724
1 144516 174386
1 110917 58251
1 45679 153426
1 190957 146726
1 79063 8613
1 50097 63356
1 133104 480
1 16327 187760
1 40932 103803
1 31593 182496
1 45888 48249
1 72225 102870
1 176862 35700
1 77908 16370
1 180371 109230
1 145682 194519
1 78297 7574
1 132509 143317
1 166975 85592
1 31608 120087
1 4560 89896
1 171378 103886
1 92609 181007
1 195890 56158
1 43358 67510
1 199300 131015
1 179126 42355
1 121445 14422
1 39622 125586
1 42252 186572
1 51748 31781
1 176313 51663
1 1005 15759
1 76738 46096
1 40049 30925
1 109659 166780
1 163677 129157
1 82022 106727
1 116136 60819
1 82619 23925
1 79938 191250
1 184761 25547
1 22266 135976
1 72782 125877
1 52462 118677
1 103171 9113
1 40696 183549
1 61963 91420
1 64919 57972
1 51725 93395
1 123932 35593
1 62704 123884
1 177302 24213
1 190246 162973
1 4031 97286
1 77628 85838
1 87784 105639
1 195424 12290
1 197026 77170
1 181364 136716
1 7982 115224
1 107602 1327
1 127015 192719
1 165984 75350
1 141039 29150
1 3734 11125
1 26199 177253
1 30349 18495
1 158483 67376
1 50122 171082
1 187037 79101
1 53258 102463
1 102183 167820
1 120528 123782
1 129543 110566
1 750 88817
1 99614 87857
1 155920 148456
1 14666 63347
1 106255 67221
1 120013 42084
1 88372 185488
1 134204 132473
1 84426 66061
1 24300 127021
1 180521 102916
1 170201 31058
1 98368 159265
1 166681 177817
1 127202 164142
1 192577 176095
1 138772 20158
1 55062 192504
1 93654 4762
1 7351 66240
1 26160 48241
1 66056 12191
1 162751 4987
1 151906 172508
1 80704 140718
1 48377 170085
1 90780 18149
1 187789 46877
1 193204 191117
1 28501 171175
1 85230 33362
1 30313 7987
1 137856 88457
1 80431 21574
1 76284 91679
1 115527 186126
1 45020 32450
1 190586 76326
1 121488 177294
1 149153 55654
1 67078 36666
1 61842 36591
1 65146 125316
1 13008 38134
1 92734 192858
1 176947 11022
1 81291 116362
1 161941 50938
1 35015 126060
1 26879 126835
1 83993 164686
1 170131 41718
1 181611 8032
1 45498 124818
1 161791 21345
1 196305 82929
1 62070 42057
1 69007 186724
1 22748 94584
1 80442 159859
1 98743 135775
1 37707 156261
1 83473 25454
1 140511 74893
1 35780 162237
1 58911 92118
1 142597 157758
1 13041 49680
1 72436 87075
1 59489 139963
1 133731 155404
1 172938 15186
1 104293 56243
1 173897 118364
1 109465 53147
1 73635 76591
1 48503 46646
1 58485 139909
1 164825 38614
1 137373 3204
1 175117 41430
1 184104 99912
1 130906 151945
1 18299 37939
1 154320 93923
1 105925 33720
1 54997 127655
1 124452 167524
1 160557 47121
1 32854 35886
1 67466 24900
1 39267 4544
1 140437 114998
1 63626 135686
1 61435 96986
1 153897 151478
1 66042 148238
1 20976 122656
1 33197 193926
1 102344 127096
1 127511 141177
1 128255 97378
1 113837 83274
1 59511 165501
1 166182 5177
1 112080 28914
1 119367 118539
1 154323 3135
1 190313 122743
1 54304 28543
1 53134 127122
1 170778 9340
1 26724 98237
1 95185 182775
1 194201 16013
1 28143 70390
1 91680 110651
1 39 145296
1 131586 172045
1 33371 28213
1 131112 46148
1 33101 54657
1 99495 89672
1 155785 49411
1 110477 140881
1 46864 22920
1 86059 189206
1 33991 13741
1 57443 195515
1 173153 81060
1 49844 51446
1 43722 97542
1 96707 195330
1 26838 182363
1 63660 30920
1 84329 8229
1 2825 48139
1 125479 26099
1 94658 133523
1 155102 58980
1 78934 121948
1 3635 18298
1 86633 189311
1 22218 185826
1 176974 22944
1 125690 147712
1 76886 21721
1 123248 3520
1 110041 30759
1 150178 13530
1 132868 72852
1 59831 6757
1 139108 198628
1 12341 93919
1 165810 117060
1 111531 152828
1 137183 56368
1 63903 199789
1 68705 104035
1 168506 95986
1 126014 44164
1 175922 103651
1 103064 123726
1 82233 63483
1 20730 141889
1 9060 48678
1 125858 173639
1 58846 108876
1 58959 162729
1 127438 106462
1 69452 73715
1 95622 10337
1 199230 124325
1 163182 23992
1 59050 176731
1 176239 16118
1 95818 43967
1 169891 121060
1 97554 100013
1 113277 46160
1 66493 174631
1 130805 130326
1 22749 16123
1 31031 53491
1 144739 68657
1 196940 106376
1 46315 129720
1 72585 60395
1 129611 163859
1 48310 73396
1 81693 6080
1 9985 180998
1 163211 105705
1 10020 150172
1 106587 165839
1 185108 48278
1 13307 115827
1 137836 29828
1 34894 197574
1 193240 20913
1 190391 178579
1 146118 36660
1 71141 127084
1 186954 71795
1 96927 130770
1 161937 176184
1 96658 191144
1 15176 94457
1 142297 50970
1 46093 24482
1 8012 83978
1 66902 156581
1 10443 74300
1 36512 41413
1 90636 38850
1 135963 28127
1 169827 96873
1 17684 123258
1 139026 17893
1 1763 31440
1 122770 144506
1 42837 65821
1 18912 197293
1 178140 156264
1 190923 188075
1 110966 5711
1 167100 159415
1 65627 181335
1 182086 99481
1 58795 33203
1 74672 15941
1 44631 25621
1 15489 146570
1 161486 140275
1 1675 59196
1 52394 169436
1 92603 177380
1 155996 35195
1 162656 76710
1 114198 23018
1 90745 108082
1 143031 159610
1 79940 12079
1 180539 62978
1 181956 197220
1 19044 15398
1 115090 63977
1 119140 71082
1 55655 135758
1 136652 90423
1 24680 193802
1 9401 17772
1 177715 77286
1 67197 75305
1 31913 12843
1 13260 161368
1 79996 7049
1 100136 185468
1 180091 62664
1 40463 80894
1 37084 63860
1 1507 133429
1 58377 90757
1 16601 89910
1 44525 113165
1 127974 5917
1 40512 25573
1 59623 141594
1 16465 148890
1 75344 91327
1 73364 156243
1 158743 78345
1 182700 5702
1 69729 199533
1 6906 4380
1 47405 112100
1 93670 57441
1 81856 154489
1 30317 65201
1 197968 155730
1 51052 97439
1 10100 133630
1 144428 100903
1 167116 132414
1 124398 133078
1 70637 58070
1 135032 109880
1 46864 123478
1 102496 99651
1 52474 135268
1 133720 86146
1 117934 179916
1 120571 90883
1 103059 41994
1 181463 155589
1 170080 60694
1 171900 128476
1 113295 35185
1 104067 53479
1 88320 164464
1 21089 92020
1 1836 10566
1 119150 76209
1 146509 195734
1 26545 57558
1 7500 130233
1 125551 58449
1 161323 139149
1 118259 92403
1 182068 127359
1 30175 2841
1 57505 194265
1 147060 103644
1 123213 104015
1 115742 7932
1 95003 120710
1 11011 148427
1 146533 73190
1 81678 183894
1 67879 71970
1 37302 100121
1 32365 126789
1 162580 98659
1 97594 121791
1 124901 16263
1 42299 85232
1 36956 60613
1 29547 147764
1 171756 186871
1 151431 58415
1 81044 188800
1 142389 81307
1 8556 70450
1 93360 37711
1 102063 113023
1 10231 88850
1 81096 171363
1 169334 19872
1 97 19663
1 174517 169276
1 125290 196888
1 170496 11318
1 123239 67361
1 106518 67007
1 173054 14534
1 34710 64811
1 186238 179850
1 95334 30085
1 191923 111427
1 88421 180569
1 142505 125252
1 45396 189117
1 12991 75147
1 99648 128289
1 107438 35245
1 149491 138714
1 180314 188542
1 127963 11625
1 98776 69765
1 58298 157969
1 146239 125663
1 170576 7704
1 2612 15346
1 32390 87709
1 21745 186901
1 189724 118363
1 119637 17981
1 128661 46332
1 30194 118507
1 72225 27041
1 16594 8405
1 131595 198129
1 158731 5970
1 128676 153632
1 17414 124233
1 109360 77826
1 138506 35611
1 165967 177552
1 167629 114128
1 64813 59322
1 27197 67712
1 53294 173037
1 72715 101827
1 98132 37478
1 126202 105434
1 175987 131512
1 125414 185183
1 150167 26
1 6488 195434
1 196340 128884
1 121993 34629
1 149454 81387
1 137653 114963
1 179305 178667
1 33762 2748
1 4148 8308
1 6704 118172
1 189297 129000
1 27746 70124
1 156840 74580
1 43502 39792
1 141645 146877
1 85314 26147
1 168238 116908
1 153495 66464
1 39777 147645
1 180602 7250
1 154797 138788
1 77016 33245
1 6776 183040
1 8138 38094
1 94705 31077
1 124129 170881
1 78783 153060
1 137587 58321
1 75113 114845
1 135655 82629
1 144966 154248
1 76285 89913
1 82408 49856
1 82145 175498
1 174341 10770
1 99825 104902
1 101286 179652
1 130700 179539
1 52819 17576
1 163806 119454
1 187774 79139
1 18601 23367
1 33774 101880
1 2582 192715
1 136751 65114
1 141180 175730
1 124600 93554
1 150191 28345
1 74973 21358
1 168269 197506
1 174326 103243
1 134853 125883
1 123343 7908
1 71913 99340
1 64274 154938
1 101237 18820
1 46129 57478
1 6431 3142
1 65048 186109
1 167970 40432
1 166290 167523
1 94790 146765
1 193018 161491
1 70962 139067
1 118053 79181
1 161140 52511
1 101838 113857
1 62799 105607
1 65602 146907
1 110662 46047
1 176332 56719
1 12008 10969
1 42276 21991
1 129949 118870
1 83795 172618
1 139119 59546
1 45482 18383
1 48540 185967
1 83236 106754
1 69019 103576
1 162136 27446
1 43885 192888
1 125667 37644
1 106150 98948
1 146709 12418
1 155772 92070
1 110235 142271
1 51918 137139
1 141997 85917
1 76088 159312
1 136889 174456
1 90454 29791
1 160975 191543
1 91799 23536
1 45134 58072
1 85445 48614
1 170382 3648
1 18897 52903
1 138703 8067
1 138339 137224
1 30562 121840
1 181794 178744
1 39126 66465
1 79232 148076
1 174630 131009
1 123402 76490
1 180385 107999
1 175983 99737
1 173657 165490
1 130767 199145
1 125392 45037
1 43205 20031
1 97247 130948
1 19063 118595
1 55337 62399
1 72542 82285
1 20608 97790
1 19857 114669
1 34965 74318
1 86 65306
1 31590 68907
1 198699 114973
1 121763 44822
1 75921 100511
1 36641 35609
1 134747 23280
1 167170 60951
1 126646 59641
1 45796 83162
1 43832 127204
1 93449 33623
1 199342 169290
1 37383 14532
1 53792 142173
1 113777 7965
1 34023 81751
1 62725 185906
1 145458 154466
1 98903 121717
1 99669 192073
1 159485 186947
1 72788 110495
1 151228 110193
1 133038 131054
1 41523 61977
1 53164 129250
1 48455 106020
1 92651 159799
1 13454 132953
1 74792 43936
1 45568 27623
1 110156 16505
1 19290 81583
1 952 944
1 123476 132886
1 46803 133487
1 76614 60233
1 175057 95756
1 193686 108561
1 152645 63476
1 173669 47065
1 109802 92693
1 160443 10301
1 110446 6028
1 77807 67734
1 151361 172494
1 31771 98691
1 161500 128730
1 190975 94585
1 142421 184734
1 94324 20238
1 143009 2985
1 100757 28675
1 126763 63761
1 94825 136528
1 109268 58597
1 118931 42355
1 160523 34517
1 185661 10363
1 116303 51745
1 56001 168850
1 152514 28415
1 52634 47050
1 129904 52689
1 31691 168233
1 80480 29190
1 148367 158328
1 180698 100047
1 130432 182216
1 33529 82308
1 15051 167621
1 11955 117016
1 100819 11199
1 91238 167611
1 143909 185014
1 6949 145422
1 182364 152038
1 137091 58763
1 11606 3987
1 181280 161653
1 191318 43159
1 41457 95743
1 59451 196713
1 165908 134457
1 49505 61872
1 44052 176063
1 114773 61065
1 179257 76133
1 191551 121556
1 75284 143453
1 88971 45765
1 60937 117995
1 30105 138857
1 3742 129675
1 175205 119479
1 143107 28896
1 109753 94874
1 112865 97248
1 177169 118716
1 121896 20543
1 174158 24788
1 155347 57881
1 51680 142387
1 36671 169251
1 161710 124683
1 136620 42260
1 8455 199617
1 117907 102608
1 61966 100596
1 113384 36885
1 154721 4814
1 71537 40105
1 43210 138250
1 191368 100739
1 7145 190151
1 139309 76281
1 34081 143692
1 118992 183658
1 12610 72092
1 149980 130412
1 146679 161019
1 19463 154617
1 67314 63297
1 105690 143701
1 55444 170527
1 45564 135682
1 90336 100463
1 151171 51432
1 86242 167873
1 168189 137855
1 159515 194338
1 173564 168959
1 185009 138543
1 197408 45130
1 16085 169819
1 141545 12631
1 41076 9981
1 8125 36386
1 74466 94110
1 49142 19154
1 141635 73409
1 153520 44331
1 165564 21683
1 51473 134325
1 191833 79636
1 82649 99308
1 181184 93990
1 149100 58217
1 194006 4630
1 99421 148753
1 136176 147145
1 46526 199164
1 64700 15721
1 89061 195625
1 193904 106991
1 158272 36256
1 193652 195378
1 20444 52838
1 97483 104625
1 166514 10216
1 52040 22942
1 149171 101922
1 9774 555
1 114070 189584
1 156200 154329
1 132575 194327
1 51498 103998
1 64498 75060
1 50279 71382
1 139096 73188
1 58869 143565
1 86736 3541
1 139069 10636
1 184985 158221
1 172583 67202
1 190719 71449
1 181445 55732
1 9380 85049
1 198143 191560
1 53521 95946
1 48063 128975
1 199741 51828
1 130269 132433
1 49501 83221
1 142989 186652
1 52461 33197
1 178503 189968
1 70333 166986
1 13047 185316
1 101183 131575
1 2983 89533
1 85199 37985
1 135786 191665
1 119300 168393
1 160009 141334
1 82486 116273
1 24051 169104
1 43152 72576
1 160352 134618
1 100760 2936
1 14598 109461
1 69437 137178
1 77056 136271
1 166944 151320
1 71803 39509
1 31973 99451
1 28515 71419
1 158075 85782
1 58765 104811
1 133418 67435
1 29414 50540
1 44445 189403
1 55708 183477
1 33264 32979
1 136715 7219
1 11707 176821
1 56298 113814
1 47967 174405
1 168503 146850
1 121040 188054
1 184736 81013
1 147556 77363
1 82611 92116
1 187419 150673
1 94856 43130
1 46958 25397
1 103725 157347
1 8221 117410
1 104274 24854
1 125620 174854
1 84982 49585
1 42909 133221
1 19793 39482
1 196780 144325
1 110211 61795
1 8294 50139
1 123005 22300
1 27155 174326
1 97647 186463
1 128710 61739
1 164081 5687
1 12714 40256
1 58293 126035
1 114703 172829
1 92653 1674
1 183028 88495
1 150201 160495
1 92631 158878
1 91539 3095
1 55099 133938
1 114878 78055
1 152761 145537
1 59308 147555
1 82827 171676
1 114927 172340
1 114388 158714
1 25890 43770
1 49715 36517
1 195096 135379
1 41994 16355
1 94405 131946
1 184969 178536
1 6316 144515
1 141568 158586
1 1609 29189
1 81701 5668
1 57983 53513
1 170083 113055
1 75204 113186
1 151267 129981
1 81163 99117
1 142110 106328
1 182706 66586
1 35556 4346
1 62317 47547
1 135527 93326
1 139379 154637
1 100427 10375
1 32615 183813
1 39665 193615
1 12425 39581
1 1666 62451
1 101342 23646
1 1081 157645
1 152861 54128
1 192628 81969
1 90651 131039
1 6716 58715
1 37177 197168
1 119059 171993
1 54412 28133
1 133373 130101
1 105293 149068
1 87505 13862
1 132226 35534
1 182402 15479
1 79724 152119
1 1641 42935
1 66803 64065
1 166421 134306
1 7759 55462
1 127382 35024
1 50039 38373
1 99525 46621
1 46799 24659
1 175064 116632
1 14477 76582
1 171237 182192
1 28269 157119
1 198004 103643
1 165974 109494
1 33866 122697
1 199051 80874
1 199987 65928
1 180886 54984
1 85007 37176
1 109042 15003
1 88544 90674
1 135672 35541
1 148690 46965
1 192908 30300
1 110156 27793
1 139400 192473
1 146550 164503
1 189289 59069
1 88204 175680
1 191801 120468
1 122146 27996
1 105021 109390
1 98359 184382
1 96031 187787
1 84542 23654
1 106078 159144
1 157738 185391
1 56116 169415
1 4411 73403
1 99208 133987
1 38471 180635
1 187541 107731
1 199305 51906
1 151515 32158
1 127600 118380
1 47364 111105
1 58401 9610
1 120025 179389
1 47822 19762
1 13926 198372
1 172987 96837
1 141483 157796
1 78158 172960
1 84804 117716
1 16023 29702
1 65627 177087
1 158560 97550
1 195597 47535
1 195638 166409
1 107993 182076
1 44664 124791
1 172560 81172
1 21088 169386
1 152633 28492
1 179215 133050
1 134851 26792
1 61342 23147
1 126705 75560
1 140641 106971
1 120321 190292
1 115582 123824
1 114269 94088
1 63855 99777
1 145030 20675
1 2836 178884
1 197373 37164
1 151869 82232
1 103027 176742
1 108854 118868
1 20915 106390
1 185875 157935
1 179791 175026
1 106301 175409
1 104840 160203
1 59518 25402
1 36098 142238
1 185609 50896
1 12710 22936
1 174606 187214
1 11673 99815
1 37820 98956
1 173918 199241
1 125079 10569
1 193991 194510
1 80508 73696
1 110113 199729
1 22386 26986
1 46432 198743
1 5939 173295
1 28360 51623
1 15867 51539
1 103710 147339
1 191696 158782
1 133199 114052
1 28690 39436
1 28190 107829
1 133253 38391
1 14484 84392
1 70173 196289
1 106466 19429
1 127945 40998
1 54682 145461
1 81219 82689
1 143695 151666
1 167446 118397
1 28234 24401
1 74480 149184
1 157359 124018
1 7402 165394
1 134574 150631
1 80214 5203
1 130798 137282
1 81160 145630
1 66934 151204
1 176168 9272
1 65502 170307
1 186038 131006
1 78134 112507
1 47966 86222
1 57077 65817
1 93311 167348
1 187940 56675
1 183926 96855
1 87884 194732
1 39024 29413
1 181597 17878
1 73520 195452
1 186783 159912
1 135005 16666
1 196446 81683
1 118159 158215
1 43282 157503
1 165083 184128
1 22221 71067
1 41629 163239
1 92904 105700
1 82245 65514
1 114736 144117
1 160549 193586
1 104844 86928
1 144505 193805
1 114034 48236
1 161848 70749
1 39691 167231
1 120219 173505
1 175459 117709
1 73387 187396
1 166102 26162
1 121935 53445
1 145719 166188
1 18773 21862
1 97474 38380
1 7745 131577
1 97668 124382
1 119252 71591
1 145161 19447
1 92510 17507
1 9479 133823
1 23431 180303
1 15689 197855
1 17242 87533
1 61341 35051
1 34003 59528
1 61506 185203
1 169003 60515
1 181516 156679
1 55969 106594
1 151066 88585
1 64906 123511
1 168122 175735
1 43612 157776
1 114586 39161
1 119031 15039
1 158514 122983
1 62389 191274
1 191408 14110
1 188147 163700
1 193125 51141
1 155680 131947
1 165934 11291
1 174086 110771
1 14116 11011
1 14359 37427
1 94215 9554
1 73273 52990
1 59817 197080
1 2772 516
1 137047 75757
1 145499 30074
1 73869 5885
1 7321 34247
1 55514 166551
1 161982 179056
1 35281 122994
1 42218 86918
1 44082 50305
1 101305 115086
1 59735 41913
1 16015 3633
1 141475 164448
1 188453 38629
1 116072 32856
1 197269 127451
1 167640 108779
1 145507 105194
1 62191 47641
1 143628 142460
1 1886 72736
1 189394 61304
1 51770 105931
1 155208 35631
1 7782 113022
1 101659 52810
1 33342 80384
1 73506 78836
1 105285 44618
1 164647 126596
1 138001 65295
1 85686 80557
1 26485 171725
1 161126 126825
1 1456 18066
1 152421 169955
1 164116 193170
1 74888 183716
1 106872 108072
1 85779 180672
1 37218 125034
1 37125 168001
1 183663 195185
1 20840 97556
1 155397 22313
1 187159 160434
1 91451 4759
1 108624 186706
1 198919 45864
1 30716 99597
1 126759 89601
1 151037 20242
1 139156 191300
1 44151 91723
1 148452 82975
1 81506 19471
1 155710 190172
1 161935 180106
1 77188 179172
1 161144 120553
1 167611 183509
1 22028 74377
1 173566 156229
1 52539 109282
1 125732 78103
1 52799 79664
1 70702 163773
1 86059 112355
1 16886 5582
1 137016 129479
1 32596 52491
1 133262 84854
1 124434 190380
1 3344 197564
1 162003 10800
1 92075 146123
1 7679 141669
1 70943 137440
1 63154 96051
1 4430 67445
1 16805 3312
1 43269 67305
1 4188 170015
1 6600 194476
1 163858 11274
1 85603 180271
1 103650 109250
1 83438 178764
1 32439 166771
1 96608 163441
1 48886 99822
1 102808 144402
1 112617 19185
1 180391 6031
1 77231 99833
1 128418 117539
1 109474 152331
1 148070 56208
1 42441 33279
1 120108 136711
1 32256 100750
1 185551 9755
1 64164 140573
1 5211 179560
1 44995 42249
1 44185 90432
1 104387 110837
1 86744 196246
1 38801 165842
1 54909 107502
1 178381 8559
1 155726 70789
1 75188 9025
1 20923 61885
1 31758 126068
1 189742 192779
1 88280 46706
1 177813 34787
1 23732 142963
1 38957 137764
1 176016 9413
1 183184 62401
1 47124 32094
1 89858 96880
1 81936 93984
1 19832 190422
1 46500 46124
1 110891 151921
1 121969 63978
1 180700 67847
1 127553 168150
1 140135 173008
1 124466 86159
1 6668 96160
1 199913 148316
1 194043 79959
1 153140 150400
1 48544 70540
1 190911 118528
1 168943 88310
1 181372 85618
1 126385 199581
1 76940 131720
1 100688 193153
1 81651 94621
1 128736 62024
1 122171 66239
1 119278 192878
1 3943 190012
1 5325 183272
1 155866 27570
1 169693 115737
1 184841 658
1 162014 2809
1 72734 166260
1 79414 12482
1 28462 164833
1 130048 138140
1 163294 169180
1 51606 40971
1 20497 67058
1 167135 35223
1 137108 139332
1 1116 183677
1 109837 150739
1 52847 82324
1 109409 127563
1 103341 41602
1 143205 114002
1 158629 139232
1 167432 107666
1 144497 193962
1 183999 180932
1 72892 97195
1 127920 187520
1 191892 46249
1 142946 167555
1 105395 166605
1 173925 93888
1 145608 62485
1 79486 42409
1 70731 78333
1 57173 188735
1 117952 89130
1 131554 55768
1 138443 138713
1 140181 75889
1 41269 128392
1 61701 85172
1 151102 163043
1 158876 136139
1 18403 154481
1 76352 63526
1 20017 173248
1 121604 57608
1 3275 173326
1 56080 45144
1 126200 126457
1 171918 155623
1 199281 181673
1 114071 97405
1 66153 88188
1 140701 171561
1 17436 131698
1 145946 34121
1 57373 36314
1 36344 55958
1 179355 181885
1 8258 13811
1 156276 77385
1 168523 107831
1 101948 896
1 73757 156664
1 47311 31906
1 183204 1819
1 105429 134295
1 9628 36313
1 88022 44641
1 98360 77460
1 155454 34370
1 34708 57562
1 73522 181354
1 156958 41144
1 107411 73956
1 8768 105219
1 186194 52864
1 131024 54435
1 39093 35587
1 195259 98529
1 10984 132110
1 194863 173426
1 146375 165325
1 49353 141571
1 130346 112993
1 39550 199559
1 154995 192847
1 146765 38592
1 64596 81577
1 197348 50314
1 67748 90941
1 188114 74285
1 35939 148606
1 103213 73444
1 44427 148528
1 106436 169898
1 5978 160599
1 197447 108612
1 75933 123553
1 34486 28052
1 118847 59538
1 63111 20637
1 44497 185457
1 123164 74322
1 159132 193137
1 53284 143844
1 142117 87522
1 90704 118667
1 164480 193177
1 23353 179091
1 117848 110749
1 144655 199467
1 188221 74195
1 98309 46571
1 7599 130220
1 94459 79908
1 195434 138829
1 93868 48364
1 186867 25855
1 149272 143912
1 152673 100633
1 5749 50653
1 197615 141482
1 141778 13362
1 120705 194346
1 6091 139784
1 157684 164131
1 155124 164925
1 179755 157212
1 191487 130300
1 74583 15111
1 124464 124745
1 135494 52459
1 115651 195404
1 23471 29651
1 78043 192348
1 36348 120248
1 27054 199629
1 96729 7213
1 198384 168188
1 144317 8394
1 191293 182426
1 165814 116059
1 178442 89400
1 29754 94793
1 68494 180690
1 84394 149320
1 197549 80030
1 104553 60611
1 7205 31318
1 175645 150852
1 126652 161412
1 117509 108520
1 118249 186189
1 48444 137539
1 174338 129409
1 154189 182096
1 13926 182242
1 79927 603
1 9963 153651
1 148482 24818
1 130123 57795
1 67 167177
1 41482 27321
1 36971 65644
1 130283 71586
1 120983 146219
1 18003 146808
1 183251 155584
1 143677 188213
1 42224 199876
1 89184 197080
1 41800 138003
1 73310 133943
1 145999 95165
1 169582 84295
1 155100 164399
1 96844 42727
1 93623 73312
1 12191 176307
1 55909 59136
1 17323 87367
1 84018 48350
1 65912 88145
1 52351 48536
1 47810 92508
1 114700 4040
1 189026 170714
1 19015 129389
1 195837 178930
1 116565 182680
1 5099 196171
1 174047 164824
1 3755 82583
1 75105 146471
1 119365 123427
1 80175 39318
1 51135 13469
1 183753 58166
1 131459 28327
1 97120 153672
1 63824 177435
1 141801 189416
1 181345 191903
1 37473 193653
1 86491 136683
1 129889 193091
1 30459 165336
1 84772 147397
1 173694 1899
1 84247 162101
1 1362 127074
1 64224 192517
1 40189 72702
1 194993 36683
1 175756 146065
1 75279 181864
1 80383 162249
1 46942 126202
1 170995 184446
1 92271 83907
1 39952 176505
1 62348 122136
1 119860 46981
1 103939 72206
1 134111 160122
1 33521 51170
1 44704 97479
1 162641 34983
1 127935 77247
1 76165 25077
1 12396 199975
1 60963 91728
1 196392 109759
1 97796 102359
1 90738 94671
1 71625 102639
1 112372 163444
1 95918 16558
1 67695 175915
1 72467 197259
1 179940 134813
1 18696 129221
1 168005 117931
1 74649 119827
1 106012 86139
1 129691 166477
1 41977 161859
1 13429 39833
1 82593 178453
1 140466 36824
1 164852 61420
1 164038 150609
1 137056 95542
1 35486 68381
1 131652 4642
1 164781 62420
1 22375 88427
1 55092 34232
1 133083 44325
1 16337 47841
1 19691 29896
1 52235 187817
1 170636 113723
1 157725 3289
1 101955 51810
1 161409 166227
1 59027 71786
1 16190 143361
1 63530 77268
1 179381 183741
1 146508 116033
1 46952 48194
1 187455 8125
1 76620 143378
1 103160 131726
1 178193 143273
1 129798 61246
1 121710 164899
1 40126 150247
1 39858 39145
1 156774 156415
1 180296 198306
1 128486 149604
1 140363 103511
1 22955 122921
1 70794 57382
1 187997 189280
1 10013 193195
1 116612 132778
1 38761 150059
1 153142 11134
1 153456 114884
1 101060 176950
1 160348 197777
1 7845 172640
1 28621 159906
1 124835 91203
1 194272 60315
1 109124 6447
1 127427 86443
1 199740 30154
1 178934 15088
1 92881 985
1 160420 15144
1 138382 117387
1 66210 171996
1 105644 162188
1 3014 120968
1 154877 89352
1 197804 72205
1 60571 185789
1 31365 48026
1 123600 13447
1 151649 116120
1 67975 133798
1 114814 3285
1 54643 126034
1 147665 182195
1 109374 114241
1 96340 115154
1 75893 34104
1 13520 21243
1 142578 85840
1 45548 54414
1 24905 102667
1 58807 104366
1 6518 111575
1 191603 112107
1 192711 9954
1 153506 67248
1 112902 194143
1 78805 165805
1 191658 136727
1 48754 16648
1 44606 108403
1 110981 100095
1 101009 31240
1 154890 123489
1 63199 120612
1 76666 125102
1 115968 153752
1 15444 157324
1 147728 11782
1 163118 11755
1 59614 110253
1 53628 111674
1 137433 31794
1 54367 65612
1 30839 138225
1 74225 68293
1 123752 138757
1 132816 86921
1 171450 146836
1 141801 19110
1 134029 148573
1 100999 2049
1 149946 95430
1 55644 138238
1 148224 23521
1 155727 178740
1 86191 118655
1 183238 164496
1 161304 108344
1 118645 113096
1 172596 9913
1 167528 137155
1 42579 69967
1 24589 142663
1 99272 129395
1 57477 129123
1 35923 128854
1 2732 183325
1 69776 89838
1 41127 22942
1 14238 115777
1 143149 81309
1 188689 151025
1 99225 29641
1 95195 28041
1 131311 198011
1 196600 73479
1 96876 62683
1 93145 362
1 30739 56080
1 198164 6718
1 59765 141742
1 180618 40165
1 57473 32732
1 68632 154343
1 96268 49923
1 70209 145469
1 27233 23549
1 165916 100507
1 109580 188157
1 35770 67708
1 70628 21115
1 122139 147378
1 43928 109283
1 27473 61230
1 7483 147838
1 27892 102156
1 194770 69281
1 35848 2466
1 77981 106964
1 125995 3146
1 91491 59397
1 30787 156526
1 80195 104942
1 120744 90708
1 133816 104836
1 18317 73898
1 104173 101922
1 187572 166227
1 187202 42421
1 157139 41010
1 37148 13672
1 134977 38710
1 159411 112402
1 83238 21606
1 116760 9503
1 121634 152943
1 165765 78396
1 193723 7404
1 93034 61063
1 33548 172981
1 58165 10358
1 166125 61034
1 195681 112518
1 192157 143873
1 57154 7207
1 112823 156367
1 72079 127590
1 160980 34963
1 172721 28763
1 135420 176457
1 65867 194900
1 80659 61165
1 85386 185536
1 193089 48078
1 122287 179040
1 187170 129493
1 90 77419
1 37488 80725
1 34969 26241
1 38317 152469
1 12657 63379
1 191125 16156
1 64364 142928
1 176707 168380
1 73379 72531
1 152675 20898
1 196878 66122
1 160792 62877
1 41481 174506
1 82989 108780
1 145001 109457
1 11521 27597
1 44864 110524
1 126511 193027
1 150956 117354
1 85372 28583
1 75175 173584
1 125829 97522
1 42058 198270
1 64424 29193
1 31650 197457
1 70961 140362
1 156152 69979
1 27207 27542
1 160155 130896
1 83096 60575
1 167217 179890
1 197442 118900
1 144574 160255
1 16067 178443
1 24819 66329
1 158947 25742
1 37755 43701
1 158559 30568
1 89217 185992
1 12506 147857
1 162822 130607
1 168959 133080
1 76450 63070
1 144058 193905
1 146072 190027
1 33176 65151
1 66590 35291
1 153275 183011
1 127981 51917
1 197698 110277
1 41094 154534
1 81848 39010
1 122373 7452
1 143100 37335
1 103467 160518
1 115376 49197
1 186406 197572
1 130662 40997
1 6179 47275
1 23560 120709
1 196759 142452
1 95238 71715
1 89865 103269
1 88005 24754
1 75620 72703
1 15174 10826
1 143804 158441
1 164564 171260
1 189535 113436
1 105458 70423
1 136733 49617
1 83844 151604
1 92122 26856
1 87229 97032
1 183764 25114
1 54472 84011
1 188656 186273
1 138362 168100
1 188426 166182
1 1720 190264
1 48636 152427
1 171045 57906
1 58350 109050
1 25039 76212
1 120414 3597
1 192986 13887
1 93106 70655
1 193197 118591
1 12156 197235
1 667 56218
1 181260 74755
1 15956 104123
1 36540 25644
1 156109 730
1 55032 169655
1 70317 197645
1 108236 105067
1 4025 31188
1 36787 12465
1 149698 108577
1 10845 81991
1 75853 131623
1 108352 84649
1 83139 4197
1 80353 124733
1 133082 82739
1 90404 134654
1 64771 150668
1 38355 28907
1 161621 188123
1 181228 36401
1 139834 179723
1 121966 90901
1 4505 160073
1 72164 105254
1 137411 42844
1 26098 167394
1 62881 159657
1 6047 43368
1 56862 125055
1 157028 68062
1 58833 81130
1 184372 90659
1 153389 79798
1 163148 71864
1 188844 169218
1 102525 35370
1 53561 67591
1 126327 182723
1 75357 155433
1 43352 192881
1 165100 14461
1 153717 15671
1 81072 157658
1 138344 192210
1 19926 152933
1 85531 127726
1 80791 29080
1 94163 87883
1 29802 150610
1 105088 37290
1 168297 62629
1 117380 117052
1 170240 171932
1 185921 118284
1 137628 177483
1 192616 619
1 57235 198299
1 100671 60316
1 167441 182613
1 29107 163841
1 164355 72494
1 102302 9478
1 137350 77332
1 36890 85452
1 26642 110776
1 181958 7128
1 78435 41437
1 111128 108669
1 26409 157279
1 51236 108743
1 195568 179015
1 23403 35498
1 21970 170190
1 188264 13162
1 130395 32688
1 49303 83787
1 48893 117427
1 89094 75260
1 8629 25655
1 65312 116031
1 74301 161600
1 12791 95836
1 134004 161857
1 87186 47559
1 48458 124075
1 160247 8462
1 47088 107446
1 185595 87623
1 149952 99119
1 119239 186489
1 184872 22531
1 135980 80906
1 162844 79691
1 51883 23145
1 144956 37144
1 64702 47933
1 5508 6784
1 81515 10573
1 1587 144234
1 196617 60401
1 131837 78934
1 152851 155128
1 11956 107376
1 116653 170651
1 189236 93974
1 56117 83554
1 145423 153127
1 63884 134229
1 32184 180111
1 133348 39782
1 69811 145616
1 76875 142556
1 94845 172371
1 39865 145219
1 16760 162607
1 173206 16978
1 793 119161
1 116176 2589
1 184853 147916
1 172123 60412
1 168136 78810
1 180809 92027
1 144936 40116
1 57676 75204
1 179626 12694
1 167817 158409
1 149491 23479
1 89824 45622
1 147329 187279
1 42489 77782
1 115994 76201
1 119313 182340
1 24374 8875
1 165509 71701
1 51305 197411
1 161373 83908
1 153107 64532
1 89244 187294
1 120907 128385
1 98183 148527
1 50888 117945
1 89396 154668
1 59666 171620
1 105429 158753
1 132969 71500
1 52996 101598
1 190579 71535
1 96849 36638
1 129132 8068
1 40586 133368
1 29449 160204
1 165898 86730
1 82797 72091
1 188869 168290
1 88016 18407
1 50707 136174
1 11820 50128
1 18491 151653
1 190569 91823
1 197121 112951
1 54859 100836
1 6066 29363
1 48667 81050
1 12271 108728
1 190227 87134
1 84280 88222
1 146125 19744
1 111803 65829
1 131054 11272
1 2397 191838
1 156367 29117
1 99656 113944
1 140780 62578
1 77878 89486
1 84752 36849
1 48060 145487
1 76097 176748
1 98906 116141
1 4456 27330
1 157634 42474
1 43651 110158
1 172135 104992
1 38414 73207
1 84040 3183
1 14894 152627
1 57020 128044
1 6304 123996
1 172159 144328
1 114018 142135
1 46910 91838
1 160736 188034
1 2208 27009
1 5921 188670
1 161621 63397
1 122163 188990
1 155811 136140
1 15956 87215
1 161646 128084
1 56802 142824
1 102920 6399
1 175877 180659
1 34553 174307
1 120091 64795
1 119056 97939
1 123748 63736
1 98602 183885
1 30895 30329
1 12290 74021
1 11269 159538
1 9723 136497
1 150868 73255
1 160809 33398
1 149406 154455
1 3174 127763
1 171491 130507
1 112531 194669
1 60491 147744
1 14765 110939
1 180888 129555
1 8658 78738
1 180876 71053
1 55315 130707
1 43735 155503
1 110525 152147
1 62020 32864
1 124642 16490
1 43235 39508
1 156461 7680
1 130041 167006
1 90470 36982
1 41959 197561
1 34114 107665
1 28953 58067
1 182639 110699
1 77040 103516
1 114782 86173
1 52529 162701
1 172561 155239
1 74158 167100
1 7975 147363
1 43573 170847
1 79909 120297
1 189689 168862
1 197895 158979
1 176830 147869
1 88519 189587
1 7624 18890
1 140141 109571
1 159237 90276
1 99032 65965
1 44921 40141
1 137163 50444
1 23339 70545
1 81659 74083
1 98574 164791
1 186264 156461
1 14706 34695
1 30554 137668
1 54828 6044
1 12750 165077
1 160515 55084
1 127073 110724
1 143260 196501
1 3627 106779
1 153832 5162
1 27775 99449
1 205 86527
1 129074 123064
1 117458 18737
1 108522 198431
1 148238 106296
1 163625 155401
1 46162 174257
1 36186 113173
1 133398 168679
1 82331 17615
1 2849 107554
1 132171 196191
1 131197 144115
1 1237 146673
1 112411 40126
1 118525 71589
1 17794 31881
1 101291 182839
1 70781 152004
1 145205 50801
1 61638 126936
1 189618 30799
1 139501 73205
1 66620 186931
1 2893 61015
1 113285 50762
1 41073 122520
1 175773 13566
1 199746 142971
1 151490 187613
1 193588 9400
1 71914 87178
1 78578 76484
1 119309 84323
1 88838 189666
1 139445 96242
1 16589 3119
1 38794 65495
1 135899 1258
1 74265 68405
1 68075 4931
1 45093 13724
1 108873 76325
1 121136 32696
1 182595 60614
1 141387 6520
1 165133 38319
1 6941 162176
1 175795 175751
1 171248 25298
1 172677 79716
1 141058 15802
1 138941 113556
1 162250 142586
1 141940 78313
1 61512 119861
1 38982 94723
1 39506 103711
1 114179 151522
1 62172 116900
1 89048 126700
1 114440 194264
1 140988 109435
1 52654 130015
1 183199 93803
1 181165 160286
1 111888 159714
1 35891 6369
1 176941 84448
1 42377 99278
1 31568 101385
1 143266 68682
1 123960 17520
1 91365 39914
1 61174 88359
1 28856 184988
1 148313 28676
1 51600 178262
1 1627 196341
1 172662 72960
1 20557 164999
1 193052 93214
1 8384 171251
1 178272 102528
1 7221 28075
1 113952 116140
1 132232 90403
1 104446 68300
1 169176 10338
1 131381 38740
1 14393 113547
1 48413 28471
1 123294 80167
1 65787 159371
1 641 112949
1 8333 130937
1 66773 20788
1 112148 44457
1 23085 148528
1 98850 186093
1 22381 191819
1 39078 10093
1 185394 69070
1 138485 98771
1 143806 77489
1 62427 32759
1 188262 3046
1 33827 92557
1 168319 152172
1 99939 55949
1 135622 53650
1 62858 86244
1 83278 70602
1 42862 113305
1 86064 138352
1 192273 104194
1 20846 90203
1 89524 85480
1 48679 143779
1 87391 120695
1 162818 131379
1 155247 106730
1 128852 120849
1 34529 103158
1 89300 168620
1 47325 199030
1 20162 121573
1 68166 67735
1 25618 48864
1 187393 45829
1 64351 108684
1 131076 108117
1 22158 26545
1 41313 191476
1 38336 174650
1 52243 34896
1 26876 144899
1 52936 175301
1 126747 36964
1 29551 2250
1 16245 177982
1 162308 116381
1 184588 15173
1 81881 67372
1 55288 106191
1 177062 49157
1 66963 76060
1 190612 189760
1 159078 137510
1 61575 49963
1 67795 163754
1 102762 167158
1 67716 179191
1 137279 129952
1 9043 19638
1 169446 127521
1 90491 184891
1 195885 78617
1 82814 138635
1 42010 42745
1 50584 199406
1 163381 153713
1 28005 193975
1 164825 92890
1 147854 88593
1 62651 28580
1 82490 88204
1 179259 119937
1 191154 29799
1 48299 112083
1 118100 34848
1 162718 127252
1 71292 81082
1 113331 71812
1 132784 165391
1 43553 116696
1 164747 75478
1 194245 109409
1 20907 120693
1 173417 149050
1 198559 38347
1 70999 125686
1 136715 116919
1 28831 187849
1 59230 67117
1 70565 197750
1 139318 47930
1 141294 189049
1 139729 4180
1 74604 134261
1 171704 91880
1 37063 10336
1 46055 6430
1 115438 169837
1 86143 85744
1 17183 80314
1 99503 161899
1 159347 62139
1 171872 178180
1 161901 116391
1 37280 136798
1 178756 117921
1 165393 62555
1 7535 84137
1 132371 57825
1 170992 129924
1 28655 162094
1 132196 173161
1 7685 98719
1 196170 179437
1 190776 83901
1 91921 75697
1 141336 178762
1 189286 90250
1 115152 42762
1 103294 192049
1 10000 166549
1 24865 161132
1 154430 96475
1 156344 30205
1 41433 191800
1 135256 13449
1 24109 153978
1 33359 196299
1 138941 198577
1 191662 184761
1 107950 17207
1 151000 182007
1 67376 26687
1 53065 73467
1 109874 14754
1 199978 35393
1 130695 149735
1 133588 34928
1 5395 79059
1 95458 15051
1 44154 92978
1 158524 95772
1 149706 188388
1 186593 171230
1 73576 34539
1 37365 14506
1 131448 165171
1 76555 114468
1 13905 8995
1 101236 16102
1 195424 105508
1 197256 32941
1 112475 157679
1 106484 182979
1 105513 108699
1 199365 151405
1 9616 141798
1 135667 147797
1 189535 168003
1 110001 115962
1 112732 184166
1 19125 60566
1 126576 110668
1 167555 148752
1 191826 104590
1 56254 172131
1 19697 63399
1 196145 5839
1 81574 109443
1 11098 122686
1 40793 21770
1 187576 56441
1 15474 47405
1 32342 70604
1 172162 25712
1 106648 72759
1 55475 19705
1 188614 36759
1 60013 16216
1 69463 193619
1 37322 94935
1 27071 122955
1 181373 71043
1 32380 149437
1 138558 189243
1 58333 79994
1 175417 196153
1 113043 129609
1 164663 83294
1 7229 6426
1 26125 78979
1 31534 161581
1 66691 180541
1 84353 146115
1 126663 82287
1 146208 128901
1 149587 40086
1 165073 14132
1 112028 101009
1 151746 48081
1 136509 96048
1 121238 87629
1 96547 67263
1 55471 137908
1 170425 126930
1 179710 152789
1 184918 139411
1 81866 103988
1 165670 59273
1 162686 45876
1 167766 152619
1 17781 181759
1 96452 193445
1 31561 193079
1 139686 195881
1 64794 147554
1 151417 148666
1 36508 13265
1 46509 6773
1 38948 187409
1 183055 53217
1 119284 95126
1 130423 65336
1 23429 117861
1 70003 58934
1 81236 43200
1 28722 90337
1 151343 57111
1 108021 154202
1 123073 135597
1 155955 11298
1 797 101768
1 71756 14768
1 90120 101533
1 124593 13682
1 23817 181434
1 190097 147234
1 157941 47670
1 102791 117643
1 67126 69526
1 12097 109787
1 149915 172097
1 26292 29483
1 56102 8614
1 24190 109581
1 21073 46892
1 80220 86037
1 13282 146331
1 171277 82155
1 49201 102152
1 184710 113231
1 99319 175366
1 2327 134318
1 92122 523
1 88157 178660
1 167989 29792
1 16938 88465
1 128045 45518
1 86578 13409
1 84785 34181
1 182967 184663
1 66769 100750
1 28983 131802
1 140738 30259
1 183892 109506
1 59888 81644
1 165955 77476
1 174022 90701
1 148857 69148
1 125626 43823
1 121363 166874
1 3676 94940
1 49605 101808
1 77663 9087
1 55877 117083
1 154281 160906
1 159992 27791
1 167896 105769
1 16861 71176
1 130261 144552
1 79033 80846
1 136989 153312
1 106434 149512
1 118093 153319
1 119504 65028
1 45741 131704
1 154752 65222
1 84097 18656
1 50282 21199
1 140812 34603
1 91142 73455
1 190757 170703
1 171162 22094
1 133438 7703
1 71399 198519
1 73266 164626
1 180308 15462
1 44367 75452
1 131738 172500
1 150244 18092
1 91698 196736
1 158285 160256
1 189500 156543
1 130364 76358
1 9009 9799
1 142986 189740
1 158155 119672
1 104958 33450
1 62387 101356
1 9116 63214
1 169131 90752
1 94514 1737
1 193469 51107
1 59807 35736
1 197539 46623
1 153828 187380
1 138296 47526
1 81968 199454
1 130783 87518
1 191270 61285
1 498 142447
1 184625 128345
1 49966 163404
1 101771 137909
1 157340 76736
1 72970 166216
1 147331 156923
1 33516 158821
1 38028 99293
1 131300 162636
1 84213 112898
1 120421 62040
1 43578 8718
1 99374 15593
1 137473 39611
1 136471 193108
1 197061 36192
1 17562 142218
1 159301 94724
1 28325 18887
1 150958 75555
1 149663 19388
1 46213 4415
1 60729 197758
1 187801 16427
1 184567 98736
1 36840 49236
1 5694 25646
1 125841 90769
1 137632 146619
1 161466 155501
1 116134 37741
1 49730 97905
1 132189 64151
1 176746 117559
1 182436 39928
1 194175 185644
1 53300 128162
1 51979 116517
1 101104 24685
1 79548 15974
1 101039 143708
1 176533 140654
1 167624 141519
1 116947 48519
1 112094 23723
1 109282 29452
1 63403 138887
1 11394 21627
1 149073 170009
1 164660 139518
1 60127 143968
1 7977 176628
1 97184 61650
1 80940 98629
1 144746 105800
1 197070 131301
1 102629 175592
1 186066 87016
1 75226 102676
1 163610 159303
1 49023 149009
1 3538 120049
1 176256 189306
1 37019 72406
1 463 10342
1 183098 169008
1 26478 62102
1 108354 36370
1 134908 165348
1 42495 105974
1 157759 175144
1 118885 139969
1 100337 17133
1 107256 3673
1 188429 144851
1 122109 25898
1 175323 120197
1 68576 115764
1 185978 11230
1 80678 47065
1 134062 19927
1 145366 144486
1 17578 25717
1 31268 83807
1 151392 184432
1 117918 154448
1 104390 4070
1 111514 81553
1 95594 122817
1 90591 141849
1 192249 171238
1 39763 167047
1 57164 48287
1 51685 178604
1 111668 70411
1 178556 185373
1 144839 191173
1 100447 57527
1 173611 164690
1 55846 105459
1 1315 136398
1 48928 58988
1 128151 2008
1 70982 56622
1 18409 59133
1 195680 67714
1 19509 99235
1 166710 53815
1 115495 77815
1 139386 159346
1 1348 129753
1 135603 169081
1 162737 126022
1 187373 106364
1 81609 129542
1 79967 1573
1 13725 132822
1 151389 67298
1 22732 108952
1 32831 117360
1 158917 173050
1 116369 113193
1 154265 199140
1 47421 115217
1 109383 66022
1 1333 188574
1 128130 24672
1 125541 187462
1 125573 172211
1 19160 101645
1 50522 47721
1 69673 12302
1 125927 36129
1 148269 196745
1 85434 20029
1 38111 111918
1 174423 55758
1 197516 100777
1 107391 27584
1 108736 154862
1 148546 62018
1 166192 131719
1 7367 162745
1 151785 93531
1 65819 11301
1 39224 56321
1 109753 177491
1 33371 195269
1 166361 76421
1 112872 17274
1 125500 63007
1 56509 195264
1 65334 162899
1 174376 74264
1 90428 175758
1 193175 76582
1 36528 38948
1 115265 82885
1 158827 37690
1 130070 3537
1 140810 139187
1 28325 10416
1 76476 92060
1 109581 69219
1 1674 71963
1 22374 38604
1 192552 26261
1 47728 130816
1 124859 78816
1 28924 59278
1 36075 101672
1 137562 173072
1 47402 106533
1 103362 100529
1 51333 63292
1 124998 54975
1 51307 112244
1 94647 160500
1 57787 186973
1 35991 114111
1 92755 123132
1 173952 22488
1 10198 50233
1 141010 75971
1 16381 183628
1 189218 172452
1 196129 118565
1 196769 75076
1 146504 81883
1 39434 9571
1 149870 120728
1 1808 130174
1 57941 115202
1 188615 153506
1 22736 97324
1 122577 51314
1 86027 178238
1 187724 28149
1 188383 546
1 46906 84516
1 160533 138417
1 26865 51698
1 95929 148061
1 14020 129052
1 37921 142752
1 90417 159090
1 172733 50404
1 190540 60006
1 96801 50036
1 104875 149013
1 60240 195555
1 141587 73620
1 68875 199163
1 184675 58620
1 120091 76264
1 185856 79289
1 40091 94182
1 24065 36815
1 58121 123624
1 74395 107565
1 138446 7370
1 87247 122487
1 114507 136954
1 11538 37902
1 93606 71970
1 105788 106147
1 129045 49880
1 184950 157820
1 100843 157001
1 56414 36613
1 34657 32483
1 185660 151578
1 123878 81155
1 76842 95764
1 117289 50654
1 35454 109010
1 35878 31795
1 181820 106185
1 165295 170352
1 34298 157135
1 147965 181796
1 17107 16804
1 49271 13413
1 46800 16130
1 51266 137218
1 188563 152615
1 100682 165356
1 25862 65376
1 75535 19232
1 152708 168408
1 40242 138391
1 12933 196897
1 36994 7986
1 25424 187329
1 191362 154784
1 96540 23232
1 1470 176658
1 94022 104561
1 27598 156513
1 61946 29631
1 172969 58749
1 111388 124155
1 20141 81881
1 115638 42403
1 118189 49173
1 136295 169332
1 76476 84524
1 98569 81202
1 80569 195871
1 180003 88375
1 96028 95137
1 160976 73978
1 86976 164164
1 88239 124898
1 14449 82787
1 12557 182347
1 139127 126546
1 89999 84184
1 78883 91715
1 190628 13242
1 8025 21626
1 26027 33663
1 124702 144051
1 33696 81438
1 198436 46993
1 71053 13250
1 24020 39051
1 89198 180949
1 73883 136850
1 1893 66254
1 66040 42373
1 22687 66366
1 155525 96665
1 199494 99159
1 90051 154818
1 50280 32445
1 34986 22631
1 184168 42514
1 71473 42181
1 112228 155965
1 19163 107938
1 143334 53242
1 192323 66485
1 167822 5735
1 4585 103508
1 161791 165646
1 92476 139422
1 177226 99758
1 34090 168106
1 89560 199439
1 82150 13295
1 84827 76934
1 139001 8308
1 96694 53700
1 136652 150139
1 112683 127782
1 49781 159785
1 16454 178104
1 197824 79289
1 85577 196107
1 188543 117602
1 61207 137401
1 123413 56582
1 61540 168950
1 138175 79453
1 83164 171865
1 10852 135264
1 109523 77162
1 222 144505
1 170861 58735
1 80584 104363
1 24847 180721
1 176715 122750
1 130565 144340
1 46884 117486
1 2357 195799
1 68088 34325
1 196292 152552
1 39898 62485
1 197959 141420
1 158171 140234
1 194604 16652
1 180692 145519
1 25706 71684
1 126832 98511
1 80038 39400
1 155133 179247
1 17383 169144
1 110900 110265
1 4796 24613
1 63046 172716
1 81515 20964
1 101161 73091
1 22366 8882
1 82020 68771
1 193097 149352
1 186839 126985
1 82719 16194
1 2574 60658
1 111094 14506
1 39943 36492
1 190967 178441
1 199810 118941
1 27658 175505
1 713 58483
1 175617 6532
1 153151 56779
1 64004 173641
1 17517 18693
1 10365 64240
1 94922 80136
1 46340 18627
1 69963 23858
1 36557 54544
1 12203 177027
1 62225 161780
1 126909 32202
1 100026 172266
1 133935 33039
1 10322 136660
1 17057 134530
1 58670 88905
1 58919 3812
1 164375 183519
1 25690 156020
1 172857 37114
1 199781 180828
1 51727 25109
1 165390 50653
1 123790 174352
1 102595 99001
1 1105 138171
1 183463 185503
1 177349 177506
1 22238 139484
1 102038 142234
1 100757 51327
1 56153 194251
1 123925 54733
1 2171 124541
1 26504 145958
1 65258 28135
1 131532 4792
1 184258 26933
1 184953 14179
1 89530 121498
1 116974 163179
1 160080 163799
1 77920 23461
1 128306 189706
1 154084 10843
1 74990 118906
1 121660 103938
1 184860 135138
1 32545 735
1 100426 159804
1 34641 124213
1 167016 8784
1 112280 111218
1 134453 59388
1 58275 143258
1 144553 143493
1 48706 82355
1 35813 109471
1 39358 127346
1 47320 111418
1 118044 45286
1 65010 190542
1 164271 77092
1 97358 107175
1 25380 196339
1 133083 156724
1 45834 143608
1 72971 89484
1 179233 139555
1 29760 10370
1 186917 135963
1 190516 51882
1 190682 106344
2 198011
3
