200000
2 76805
1 129708 87529
1 21002 128076
1 109321 183938
1 15161 28699
2 191110
1 63140 174324
1 186130 123904
1 95137 14846
1 55005 44166
1 151751 77020
1 98254 164173
1 6034 39668
1 157218 140592
1 123702 156070
1 61958 190124
1 115933 55915
1 171121 43676
1 195300 43181
1 84035 27569
1 123732 80934
1 70300 177397
1 85278 159740
1 46526 69057
1 111833 196828
1 179366 172476
1 74495 140565
1 32616 180694
1 130278 15287
1 155466 83524
1 192059 155692
2 92962
1 196607 49092
1 186936 190963
1 84168 44567
1 84616 160324
1 1985 136918
1 156052 84866
1 194588 18925
1 165293 155800
1 47033 49741
1 193726 25677
1 71693 86442
1 27785 100702
1 80948 13491
1 124958 164381
2 160211
1 127800 47901
1 106537 100082
1 125895 159981
1 173937 172185
1 31612 49852
1 199291 197289
1 134887 57017
1 133891 3901
1 32129 526
1 23895 62529
1 169930 89699
1 84049 60882
1 197926 146576
1 78486 189784
1 100025 15073
1 196432 37344
1 165056 46928
1 126440 85309
1 59187 173119
2 94983
1 105729 47257
2 14632
1 195510 151987
1 78168 185885
1 126595 77161
1 155570 97976
1 148028 163721
1 153440 76755
1 152042 49657
1 50646 102656
1 22780 144860
1 84956 21220
1 108461 168977
1 61634 143636
1 168727 112809
1 70117 174254
1 11926 50023
1 21543 17530
1 40097 150334
1 26091 185729
1 164069 109959
1 86543 84653
1 173731 61952
1 146158 163426
1 20492 131596
1 198805 23324
1 101722 94887
2 14084
1 25963 36658
1 51818 124521
1 199166 76152
1 38944 101464
1 195167 111218
1 196821 153167
1 130148 105760
1 7698 138472
1 133462 184859
1 118642 88606
1 152306 58797
1 6641 74756
1 55137 12272
2 136466
1 82419 98420
1 138316 94134
1 127865 77090
2 52019
1 7870 113705
1 159256 87981
1 79505 39092
1 35116 39090
1 173026 76663
1 80109 49830
1 174472 113423
1 171805 109208
2 40343
1 48884 193554
1 189193 56924
1 88578 175118
1 90591 32665
2 155441
1 86979 50247
1 76141 89237
1 2406 78056
1 192011 24255
1 164651 11871
1 67669 90751
1 104069 167709
1 96018 195422
1 177587 123587
1 40297 75226
1 141436 98619
1 134850 64420
1 65518 184794
1 100062 157144
1 137943 75828
1 51384 168572
2 30340
1 130824 152220
1 70083 33849
1 19217 120071
1 52151 49
1 128751 199616
2 17820
2 184058
1 38518 162476
1 55045 26466
1 34587 189096
1 131900 81966
1 179392 182459
1 97508 183963
1 48114 103389
1 94790 80136
1 181972 174092
1 72326 176085
1 85886 40975
1 169509 11260
1 176213 76331
1 93559 124335
1 101164 30822
1 173536 48115
1 125530 1275
1 44310 155900
1 44636 183070
1 36562 54282
2 80941
1 50901 168407
1 17367 106979
1 46711 5799
1 120442 75277
1 68404 19010
1 26999 61195
1 77312 158690
1 182652 69742
1 86195 96180
1 91457 165201
1 106660 12824
1 61188 51958
1 140998 29596
1 80324 137572
1 32771 53364
1 43068 156736
1 140567 153213
1 164002 148842
1 169455 146099
1 160032 164507
1 36802 9008
2 179600
1 7575 163055
1 47397 36478
1 110211 124440
1 15888 38297
2 37780
1 63159 163926
1 196930 110843
1 171344 82047
1 146731 24352
1 75931 176991
1 137137 66458
1 17935 54639
1 76798 193261
1 194018 110895
1 160884 40072
1 126728 129980
1 177480 59389
1 42862 163309
1 140830 18883
1 122166 152243
1 25383 75433
1 140788 96432
1 138167 42461
1 104553 132248
1 189354 70749
1 2175 179911
1 186809 136380
1 109829 103522
1 67159 119065
1 97516 159408
1 75090 61658
1 82690 185915
2 101800
1 108038 52141
1 53107 114918
1 80584 18603
1 180096 183623
1 157173 58633
1 130834 194956
1 38941 193953
1 70551 97560
1 99368 149208
1 64536 163982
1 189938 125463
2 50551
1 179018 26852
2 143689
1 84780 51210
1 176277 158832
1 121810 72997
1 55262 168190
1 89880 103171
1 89144 176118
1 179010 146666
1 107244 24719
1 165497 162746
1 115822 9233
1 34157 47527
1 63837 143147
1 117355 192821
1 146941 44567
1 57594 143609
1 180592 139121
1 127163 48783
1 3131 6868
1 188096 38166
1 105143 169846
1 30509 80884
1 190100 6214
1 105485 131590
1 149910 101764
1 178679 72678
1 78281 63712
1 181474 38051
1 132744 27223
1 18757 90108
1 104558 43210
1 60403 72479
1 193371 94816
1 167286 174752
2 31722
1 8167 77610
1 173695 122288
1 122119 65371
1 85847 125817
1 50218 11234
1 156502 43710
2 165931
1 14171 110251
1 191794 88803
1 85647 76285
1 182836 5547
1 138282 176067
2 157997
2 171218
1 146085 1344
1 143971 178517
1 141849 194459
1 28434 41222
1 15224 160771
1 75332 63132
1 134495 87517
2 8391
1 86218 187022
1 63439 103696
1 65552 107195
1 148735 180658
1 27683 60023
2 44347
1 154837 124214
2 155668
1 190372 49294
1 182965 58328
1 107295 174800
1 105992 132933
1 92099 72270
1 122177 136934
1 111374 115368
1 115720 6329
1 126985 33544
1 104900 60524
1 171009 5762
2 196344
1 119294 22404
1 126167 34909
1 173731 61150
2 181402
1 104249 10789
1 80735 64321
1 80539 133961
1 35552 163601
1 133666 83409
1 33785 106963
1 67474 110045
1 94965 161745
1 115716 77505
1 22857 142357
1 165345 37351
1 168369 81950
1 352 187495
1 114574 103267
1 75841 45540
1 134462 121804
1 50634 111658
1 191997 150637
1 16896 178757
1 180284 142149
1 129640 9381
1 2944 93559
1 101055 91568
1 85565 114952
1 29048 157286
1 40819 79449
1 43765 164220
1 102984 188838
1 45513 117298
1 129191 31486
1 68972 8759
1 97368 157253
2 75582
1 167802 84833
1 169379 86656
1 139938 109789
1 1453 23632
1 53296 126362
1 135342 145893
1 197169 82487
1 36332 162507
2 154972
1 56615 99532
1 40268 136202
1 60687 166446
1 96792 129530
1 71970 4490
1 183891 72197
1 38140 39627
1 137691 80926
1 179367 46828
2 92372
1 156217 180373
1 188050 158334
1 154623 6556
1 50620 60245
1 61468 165301
1 159094 32110
1 158051 124407
1 112154 111120
1 75280 78992
1 139499 183696
1 287 11525
1 193175 150768
1 110960 30059
1 190515 36921
1 3865 49829
1 85874 21206
1 9354 34464
1 52902 83252
2 149288
1 121163 153851
1 149883 114147
1 98318 33649
1 159395 198681
1 162336 66906
1 146638 161328
1 148855 110292
1 195759 62319
1 135453 174984
1 44819 52637
1 189651 88546
1 83680 173660
1 43429 143314
2 102675
1 16759 93390
1 114577 86395
1 165232 74510
1 16433 11633
1 146222 76362
1 26472 195545
1 123132 9316
1 153617 1566
1 16062 33244
1 190871 61226
1 131947 68582
1 117902 90724
1 109388 90571
1 93268 196910
1 25850 77893
1 129897 148446
1 66068 160982
1 2635 52028
1 27391 87594
2 50006
2 56183
1 5549 134199
1 109309 176921
1 160238 193231
1 16450 119745
1 41077 160049
1 85487 65611
1 48802 43640
1 56583 178514
1 76423 94406
1 72037 179276
1 182919 68604
2 9721
1 94957 173616
1 149404 99140
1 99251 162325
1 16641 40085
1 53554 100528
1 182738 26181
1 86121 161015
1 26623 66609
1 69423 49533
2 146759
1 193736 43631
1 98919 80018
1 135817 7017
1 162665 24465
1 57383 132839
1 130550 90393
1 128762 45116
1 127495 12796
2 24971
1 118729 30769
1 18548 151989
1 129546 11548
1 55594 94015
1 73590 83712
1 18852 143476
1 40105 22373
1 74747 23620
1 162456 32347
1 89251 193504
1 166505 161272
1 38189 176464
1 188115 79186
1 15165 72536
1 164663 187580
1 65608 90956
1 194558 18501
1 198481 104112
1 141555 80110
1 59748 4115
1 28259 10666
1 140563 179694
1 194483 147292
1 124081 199288
1 54466 141708
1 25100 170508
1 42367 125163
1 122031 119423
2 166220
1 95462 139799
2 184855
1 177939 40453
1 170784 77460
1 154065 165073
1 167068 153073
1 74271 64642
1 78409 141497
1 149868 131686
2 137672
1 113682 165680
1 195281 27931
1 99391 103666
1 38823 70023
1 154808 52858
1 44537 29226
1 186760 22098
1 80673 64026
1 152035 110403
1 192071 17024
1 180743 165070
1 189092 139828
1 74004 105449
2 56951
1 42808 192936
1 134180 179845
1 6298 178559
1 106723 40213
1 171671 150921
2 13385
1 114376 152980
1 192092 145390
1 43979 154501
1 134567 131152
1 153774 30949
1 178566 24808
1 14755 159925
1 71988 149007
1 20461 179833
1 19971 19600
1 91257 92336
2 180627
1 103031 12669
1 34673 79635
1 17395 109647
2 39576
1 74954 18897
1 137864 91381
2 180582
1 196953 47303
1 76478 198708
1 194030 65411
1 113490 60567
1 67777 6744
1 154875 90225
1 84289 134657
1 193444 23097
1 11811 33562
1 52456 119002
1 148808 5909
1 119825 143567
1 64976 168634
1 127248 66236
1 55422 158883
1 105021 31567
1 99597 98935
1 6800 142999
1 94674 49894
1 148832 81765
1 150355 7014
1 79579 45857
1 94247 40108
1 103365 196335
1 149390 76462
1 147317 140994
1 109779 6423
1 141325 157568
1 115360 107915
1 135225 189144
1 169762 1692
1 156459 56416
1 174430 6093
1 136533 109554
1 117586 71814
2 72807
1 54200 98640
1 114686 126539
2 162512
1 129778 23213
1 185769 123765
1 113123 73278
2 106494
1 187991 199378
1 158718 135588
1 148856 107004
1 148399 82709
1 141676 83565
1 131469 90897
1 49732 55424
1 59525 117436
1 3623 167259
1 47009 163258
1 40752 153381
2 154500
1 73021 41801
1 79649 13543
1 120993 102025
1 102480 22866
1 20743 21643
1 82125 42206
1 10777 100623
1 26845 127146
1 147804 93525
1 134710 64667
1 117039 37368
1 177694 28375
1 37447 32904
1 74824 181252
1 7849 121004
1 36204 161534
1 58025 93558
1 137893 154135
1 134049 157768
1 166991 99795
1 139125 190503
1 180129 178659
1 116869 102749
1 186505 175585
1 144179 40340
2 120902
1 149556 112983
1 122977 5386
1 54142 95616
1 191171 113936
1 96809 51628
1 130740 76219
1 35270 181834
1 185365 96624
2 174944
1 19624 9535
2 156075
1 192662 32291
1 73419 96518
1 43293 187483
2 201
1 25539 199548
2 180118
1 86105 33174
1 131431 123966
1 76677 100518
1 28047 65990
1 177256 56598
1 122517 160742
1 36053 1025
1 671 120950
1 58256 129435
1 4642 148908
1 1170 76236
1 194936 68440
2 139647
1 198039 156544
1 30677 175846
1 160431 41205
1 127049 138618
1 48313 5650
1 192609 16720
1 72312 124453
1 25580 110361
1 26398 30450
1 124322 124321
1 114894 19595
1 134396 62792
1 155024 121901
1 44692 64639
1 33684 61213
1 59326 138438
1 45868 188292
1 52134 116196
1 144132 26951
2 126379
1 187283 151076
1 154217 72827
1 45660 131560
1 79107 71536
1 76914 184830
1 150579 12266
1 28294 141280
1 134216 94509
1 158367 145236
1 194603 52925
1 6392 61665
1 11487 60024
1 72283 123219
1 80893 55476
1 136510 188082
1 77933 19673
1 59678 158975
1 8104 111360
1 151642 181295
1 84652 138381
2 98066
1 50263 104512
2 46484
1 20809 82090
1 65350 123335
1 158404 193623
2 139116
1 52122 36354
1 131336 45799
1 159295 24390
1 73196 75701
1 164548 40178
1 171901 22026
1 4177 198723
1 111692 125736
1 10959 37639
1 29907 151676
1 172040 90401
1 42161 7611
1 50112 132671
2 133606
1 14847 171283
1 78758 49042
1 170656 24208
1 87263 82346
1 86877 66645
1 15356 55420
1 94571 71340
1 15011 107428
1 36709 146660
1 180405 45070
1 36488 162676
1 70632 40302
1 182703 140940
1 150825 176765
1 111371 1021
1 69810 196470
1 1638 198348
1 100647 146576
1 56857 2513
1 19445 41661
1 46219 113366
1 147309 60003
1 61164 44204
1 73438 65434
1 116529 86480
2 31155
1 198909 134481
1 37125 164044
1 170989 136576
1 154431 170463
1 50989 170859
1 168693 58129
1 30378 32565
1 172243 119696
1 181648 174704
1 108490 185076
1 60899 134430
2 113294
1 45082 171940
1 82558 139662
1 121430 100385
1 35981 106035
2 133516
1 120757 126315
2 6004
1 57311 44020
1 49944 63337
1 146847 188869
1 51428 47459
1 183568 79204
2 3046
2 123065
1 77983 40726
1 174483 105173
1 1744 107702
1 150062 110873
1 151772 34010
1 28688 27153
1 161005 66385
1 134711 191415
2 190444
1 166883 62424
1 94403 38593
1 198232 5501
2 195201
2 44309
1 101087 191876
1 109162 93520
1 177151 4117
1 185308 107465
1 132042 35402
1 36247 61637
1 134766 28887
1 131068 2551
1 151094 107907
1 141900 21526
1 134701 98080
1 181037 28479
1 92849 9611
1 145697 101709
1 143637 43172
1 102594 25207
1 171453 187726
1 57345 87082
1 144629 50346
2 164704
1 55461 65810
1 189664 71533
2 24600
1 91918 99593
1 175053 140906
1 136868 141046
1 10515 72179
1 194816 63332
1 29720 98464
1 168694 133567
1 95649 120237
1 67651 117238
2 28271
1 188854 95556
1 20959 89304
1 4020 131313
1 76770 141993
1 19810 19934
1 66376 27643
1 13570 2228
1 117089 193620
1 102133 108076
2 119719
1 52277 121944
1 186460 17393
1 41990 86047
1 2503 147253
1 197170 50287
1 36857 16322
1 10205 135361
1 183376 90301
1 154070 128948
1 98185 103708
1 30224 184754
2 1118
1 135953 11551
1 195010 10973
1 31813 130422
1 178642 160905
1 27798 47391
1 183935 197366
1 21120 140796
1 79059 177696
1 50076 126845
1 82813 87500
1 163710 155810
1 63503 161058
1 161554 173618
1 85556 133449
1 141814 59706
1 168694 194052
1 32154 49163
1 130160 120397
1 160087 40367
1 82960 198448
1 47564 48235
1 3664 119658
1 121407 77178
1 9973 182722
1 86259 40327
1 164744 5351
1 186117 23532
1 59220 2955
1 47245 46762
1 156001 63999
1 145842 30761
1 175791 169424
1 197069 62129
2 147446
1 153058 118082
1 35580 177820
1 80763 176859
1 96642 165942
1 101951 163046
1 124772 170436
1 36592 66128
1 7975 75943
1 179917 146562
1 51904 125733
1 2887 66940
1 125549 29727
1 60545 53617
1 124309 129553
1 61006 103843
1 92131 145931
2 132774
1 151773 56544
1 126224 41258
1 168196 112976
1 32321 198297
1 83949 68942
1 100483 109075
1 189688 111403
1 42519 23245
1 153266 121220
1 7428 53716
1 48402 22818
1 71919 88326
1 197810 116823
1 29752 138958
1 43919 32854
1 57368 23263
1 150275 4690
1 147256 55732
1 184193 115803
1 156052 178054
2 102418
1 4295 198289
2 138557
1 52090 150079
1 10365 47612
1 26418 185926
1 76985 84504
1 79793 44337
2 38426
2 119164
1 3503 95236
1 144084 184822
2 148549
1 104645 10315
1 42571 121353
1 106450 39496
1 83163 72284
2 79486
1 3039 82448
1 145481 180508
1 109508 38989
1 77448 98647
1 71792 3011
1 51962 194542
1 41357 172049
1 40728 32820
2 98026
1 156700 192918
1 89184 136056
2 155802
1 10704 30220
1 17858 146944
1 158012 72167
1 38217 94858
1 143481 154984
1 77016 13150
1 105268 140324
1 68635 23943
1 32913 182571
1 108142 178739
2 102763
1 182686 69434
1 183590 164365
1 195316 80461
1 143204 196081
2 28365
1 33375 197842
1 166654 60816
1 186206 10999
1 15927 42207
1 121637 169868
1 170011 79953
1 149972 134868
1 75113 73452
1 100113 51259
1 28539 869
1 137409 123054
1 21795 180699
1 61002 113850
1 168326 55825
1 194119 192296
1 69496 102700
1 88012 103000
1 148761 181421
1 90203 171485
1 199599 4848
1 125415 50904
1 185733 77413
2 130632
1 143009 26884
1 189128 28222
1 173960 101840
1 12276 156971
1 74716 103140
1 77833 136203
2 18204
1 42043 20395
1 121177 101045
1 58639 65984
1 164043 139838
1 189717 134861
1 165502 58993
1 182754 109074
2 134207
1 169887 174465
1 186544 151717
2 77677
1 136216 190792
1 174773 132706
1 181246 144487
1 63424 105250
1 157790 192294
1 131906 175911
1 179719 156758
1 68992 33305
1 166119 123196
1 9356 47403
1 154221 196050
1 113786 136825
1 1509 29051
1 146017 165536
1 32912 26693
1 131860 8797
1 56963 78629
1 118818 179433
1 165570 47470
1 26316 57492
1 136669 125587
1 155014 93088
1 73866 12574
2 142577
1 173244 94084
1 82518 159831
2 129312
1 69883 38162
1 142266 86472
1 192829 174843
1 142464 18929
1 29823 103162
1 165323 10316
2 48526
1 123464 121374
1 19513 12216
1 3384 13746
2 178301
1 94186 150625
1 176622 88559
1 153965 75072
1 127414 54417
1 6045 144918
1 87669 99817
1 73270 134511
2 82988
1 6598 83393
2 78711
1 29286 102998
1 33936 168239
1 103883 99130
1 139232 52152
1 4058 137276
1 51196 82293
1 40118 130242
1 69964 176253
2 146667
1 131268 199012
1 183572 120262
1 145137 130371
1 164275 89524
1 191924 196236
1 54097 104158
1 134208 64068
1 133921 155524
1 135701 107212
1 47429 93976
1 55962 162656
1 145167 146141
1 62903 9359
1 14266 185217
1 91128 150076
1 184931 162872
1 54111 75542
1 107020 41881
1 82634 53140
1 3155 169085
1 130310 118900
1 21487 36822
1 126387 121013
1 52972 41358
1 189593 103634
1 31784 17056
1 105033 115328
1 133582 99003
1 177016 154027
1 5905 162901
1 152216 37868
1 37931 123533
1 45944 156238
1 61591 155524
1 175455 165251
1 197197 1789
1 109347 40545
1 68798 25396
1 164303 36193
1 32399 51516
1 135030 160154
1 17498 104412
1 80209 167866
1 196321 45995
1 127264 66054
1 2645 130602
1 6975 128275
1 123079 40290
1 84743 36740
1 35373 146559
1 135080 129925
1 139161 62699
1 22532 84553
1 82741 177391
1 169550 158208
1 12290 152774
1 62820 107420
1 66066 121155
1 121577 1604
1 103555 116709
1 103591 40409
1 94270 100473
1 105508 17064
1 102127 67888
1 132227 113008
1 97990 2560
1 141597 9109
1 32047 72576
1 160800 42660
1 171789 199679
1 84391 55434
1 82493 40805
1 101531 42127
1 166857 4621
1 187722 73303
1 117739 42914
1 72901 38043
1 138435 51704
1 146943 42468
1 151195 28205
1 7908 29001
1 187162 27521
1 21559 102698
1 9862 168947
1 128431 44268
1 174911 19612
1 163027 145654
1 51704 114064
1 51540 180332
1 18295 178611
1 45419 86763
1 107536 193177
1 154547 109446
1 135902 96994
1 170057 107007
1 146690 197396
1 124706 168584
1 147936 96057
1 20461 115643
1 72215 175228
1 157993 189592
1 113024 154943
1 171081 133822
1 52778 6143
1 110726 125100
1 97044 20652
1 195716 196920
1 56299 24834
1 110376 185232
1 73605 98732
1 122105 163953
1 160030 185050
1 154422 69669
1 136018 193313
1 43383 27586
1 32858 94931
1 37703 185759
1 52811 148511
1 67777 3224
1 19724 176875
1 67561 66501
1 95768 114864
1 55245 87606
1 47732 108182
1 197533 65458
1 188145 143440
1 187719 153010
1 158949 4601
1 153111 177304
1 79846 6064
1 74573 52789
1 122951 151217
1 51968 159418
1 177943 192949
1 107443 29757
1 28502 129611
1 182 168367
1 87418 40503
1 45951 78940
1 30435 127755
1 158280 71780
1 71962 147973
1 139500 38393
1 140240 170984
1 170941 102681
1 26004 129694
1 166120 160588
1 126550 165069
1 101836 93665
1 21211 6903
1 110552 89317
1 79104 31064
1 151204 142628
1 145651 48570
1 195601 83812
1 63791 35804
1 185507 199134
1 77880 12675
1 19295 99583
1 146455 62816
1 46689 23071
1 20118 199971
1 125440 178817
1 155134 90015
1 8996 59980
1 8784 32095
1 33447 155911
1 111554 142024
1 74091 161946
1 172860 161392
1 14011 71684
1 114002 89470
1 140134 132312
1 63810 7747
1 113112 57340
1 101361 154776
1 39674 154340
1 109155 185464
1 124171 193995
1 101113 68448
1 69951 27058
1 26862 197029
1 194904 51357
1 54291 111189
1 181188 107211
1 187722 54994
1 144758 2293
1 123714 170603
1 141383 41481
1 98226 152188
1 36239 132136
1 167896 53448
1 193216 169502
1 118450 12308
1 180995 156641
1 129149 52999
1 18902 104524
1 174509 102080
1 676 102493
1 7277 187318
1 83877 164525
1 61976 43095
1 136953 196142
1 66168 137242
1 130688 14954
1 1086 153510
1 16317 122811
1 78594 63080
1 180139 52294
1 189308 688
1 163167 78460
1 37827 54796
1 159711 101907
1 183876 41768
1 22594 197248
1 69510 60004
1 30857 151928
1 30493 109687
1 79676 115561
1 163564 161603
1 71433 13684
1 39839 119802
1 19801 32684
1 87912 54257
1 176564 176660
1 1721 150850
1 192792 188628
1 151554 132584
1 90900 144252
1 80685 89621
1 87146 158078
1 6807 69206
1 128677 175526
1 141520 60970
1 166712 26204
1 27669 41439
1 75992 56540
1 110605 124271
1 21468 145204
1 29954 28058
1 165970 169343
1 176737 167300
1 2468 177313
1 115124 18961
1 169452 142722
1 60702 42687
1 191829 102287
1 135064 54340
1 190835 32430
1 13482 66537
1 27876 195200
1 85485 67301
1 179559 48285
1 111487 111485
1 175356 100812
1 141191 92827
1 148862 174913
1 32043 172014
1 15293 197338
1 183759 53762
1 111712 93212
1 138000 161567
1 126010 180074
1 40704 191847
1 153834 84103
1 30051 94763
1 12408 59341
1 9002 93454
1 117869 169774
1 45487 196381
1 139571 116073
1 143921 132397
1 126191 117904
1 182737 184438
1 13019 198009
1 58124 54640
1 67687 175745
1 135291 18093
1 49809 73928
1 153736 35574
1 22339 124906
1 79603 424
1 126253 113147
1 179909 41744
1 67939 40070
1 57875 187910
1 23097 81734
1 74358 30023
1 125981 154725
1 166409 41494
1 82997 78772
1 163619 168853
1 81209 111594
1 27222 166495
1 22354 116578
1 102185 40617
1 175092 16143
1 62418 189657
1 194234 194690
1 1334 37349
1 132032 76190
1 20196 98160
1 98181 158682
1 121935 33761
1 129792 15096
1 18380 187206
1 51011 137220
1 53260 80936
1 64335 179727
1 51739 188975
1 108214 77293
1 192281 87992
1 89911 137774
1 36983 84405
1 70039 194137
1 36341 161797
1 131516 34606
1 134362 72083
1 181647 109084
1 116212 140020
1 142609 40832
1 41298 22972
1 168701 12896
1 157695 60450
1 107871 11240
1 26816 170580
1 141556 175972
1 75536 125148
1 139204 82622
1 125531 142324
1 172988 17593
1 54777 157862
1 62479 166766
1 43693 127272
1 68687 33797
1 147357 141495
1 123975 4151
1 153490 157490
1 78364 195970
1 147059 65913
1 99363 155949
1 80254 151175
1 54853 68094
1 190344 168396
1 111826 61944
1 58294 48910
1 4386 169626
1 49019 167042
1 142322 199317
1 67412 23270
1 197438 184269
1 89985 141666
1 107930 80211
1 50758 75167
1 115159 76704
1 22241 136103
1 16147 170069
1 56077 43198
1 4640 168562
1 30903 67584
1 123993 58453
1 134656 29756
1 181184 1652
1 135156 11024
1 184284 6045
1 131144 23494
1 189843 19244
1 79066 93166
1 147715 67021
1 22884 73212
1 19558 82100
1 3009 30372
1 1254 192154
1 22501 61812
1 154493 113337
1 100119 5745
1 79505 180299
1 120753 20086
1 107855 57343
1 187354 89417
1 194886 23996
1 170049 176703
1 58822 57561
1 17950 111698
1 118457 80797
1 4069 10752
1 147329 63732
1 183371 36071
1 165076 128754
1 83517 102174
1 11860 166795
1 34270 185174
1 30643 148882
1 49792 72370
1 4677 147954
1 46565 61028
1 149415 11179
1 143223 147401
1 105935 99150
1 111046 105798
1 13428 92602
1 24897 164451
1 122465 93721
1 192311 164712
1 186901 101846
1 10575 81654
1 53022 156640
1 153029 114600
1 16502 13156
1 85670 165674
1 93532 173766
1 164623 184281
1 163447 68706
1 166306 75420
1 151847 105089
1 86857 143042
1 115693 151390
1 198064 140766
1 61950 135002
1 42172 115231
1 161250 157629
1 30993 15539
1 9618 168176
1 52163 44253
1 23570 189623
1 100827 27541
1 181708 181363
1 14542 118880
1 167406 67480
1 64250 26033
1 125765 90859
1 44321 133439
1 107931 89407
1 195241 165223
1 69710 48625
1 79572 156420
1 143410 106657
1 162940 8909
1 171432 53042
1 138386 116207
1 31103 25221
1 96599 169515
1 161227 122417
1 54043 94962
1 163909 95431
1 128502 171135
1 125666 77700
1 5188 105396
1 134966 188438
1 126885 116984
1 15115 45652
1 197493 4816
1 65213 165752
1 160263 158205
1 184089 39327
1 3880 33301
1 190070 149252
1 1554 10469
1 11859 184952
1 23278 185414
1 167347 150501
1 101135 153406
1 104949 12740
1 154412 112090
1 114295 77915
1 32092 41545
1 48876 30396
1 53912 23099
1 45500 178555
1 139820 51386
1 120604 61807
1 118782 89288
1 134575 55213
1 97348 103290
1 64476 79232
1 78591 160661
1 89776 162539
1 135805 89639
1 67702 44770
1 120527 38759
1 125589 51398
1 195206 105169
1 169066 112033
1 168564 195195
1 130982 195298
1 129761 28220
1 66601 147226
1 168396 140799
1 166880 193335
1 108388 116003
1 174492 20160
1 113606 145429
1 166324 19345
1 127416 48945
1 22941 92823
1 12133 88022
1 145032 100879
1 121243 176392
1 121787 199611
1 29315 149322
1 157619 134437
1 91104 139004
1 110905 152408
1 187466 121074
1 14083 166236
1 80875 109206
1 127117 150513
1 2554 126464
1 181752 118926
1 178744 162004
1 85603 176795
1 145832 84060
1 176520 175533
1 177235 152102
1 84185 195137
1 34491 152287
1 24668 84604
1 185951 137329
1 24899 158753
1 167087 99290
1 2191 146
1 273 15949
1 154023 64779
1 62293 65614
1 199028 56412
1 171316 121033
1 145407 73958
1 140175 150899
1 151182 120473
1 75685 147172
1 24508 49645
1 90389 38259
1 186967 31518
1 188566 198867
1 121343 68332
1 198389 24366
1 127228 179666
1 96270 134784
1 191456 145542
1 127501 174966
1 73054 83825
1 136357 70215
1 148842 68720
1 65233 99858
1 191057 90059
1 2826 147577
1 32603 40757
1 95561 124861
1 139871 127108
1 72191 50395
1 27622 197362
1 164498 124774
1 12547 39444
1 32345 60005
1 49202 24281
1 24154 80815
1 9520 51014
1 98627 65798
1 24410 59249
1 108839 68081
1 46922 134203
1 185594 163165
1 36142 77522
1 22671 57525
1 18793 159014
1 74641 190399
1 51951 110827
1 84735 172410
1 198299 44112
1 69356 71414
1 34772 100798
1 177142 50548
1 71777 28179
1 18054 104766
1 195721 13536
1 169289 133321
1 33775 50721
1 79533 133896
1 30381 123516
1 92959 115475
1 148143 154172
1 169347 153978
1 175122 162191
1 5428 18147
1 102781 74877
1 84797 21931
1 78463 39467
1 91416 199290
1 133482 92304
1 127334 116392
1 65583 69622
1 134703 22160
1 41018 179700
1 127963 24947
1 143377 64234
1 13296 83152
1 18664 105086
1 176590 148737
1 198151 18325
1 133096 127000
1 176223 33685
1 41349 58810
1 156329 183065
1 15671 109435
1 2113 74228
1 134234 73339
1 132354 90155
1 103568 193345
1 187171 98285
1 41915 113494
1 124177 28310
1 59195 190691
1 155917 121123
1 157290 718
1 34951 82359
1 25237 100497
1 89019 39054
1 148924 7965
1 108749 51776
1 79948 185263
1 2592 106489
1 59740 28464
1 109884 156471
1 173989 120593
1 189728 117444
1 105158 121255
1 42853 181366
1 155704 165381
1 104724 116836
1 90510 24664
1 176969 94315
1 97201 198407
1 48329 110817
1 126426 134987
1 193952 157079
1 103631 165260
1 142975 196437
1 125218 159422
1 84181 89489
1 130855 67002
1 21931 186865
1 77684 164576
1 188357 137923
1 93151 36652
1 21943 82042
1 35572 142295
1 57862 185322
1 30517 52273
1 104127 70469
1 95382 49021
1 89692 174360
1 83832 104140
1 90517 25089
1 56357 114781
1 94467 12659
1 126987 181939
1 185788 198060
1 100733 134264
1 132266 58485
1 102952 2962
1 169902 68122
1 189202 112644
1 67828 113708
1 73497 190024
1 80407 163380
1 29097 122665
1 9080 198713
1 51326 70950
1 169690 77493
1 91676 78341
1 176512 19027
1 154124 38133
1 170121 15853
1 79385 121640
1 30092 127235
1 80714 63855
1 32111 195583
1 144737 72790
1 178381 192872
1 27989 118658
1 40649 188644
1 94347 27146
1 9004 75059
1 173403 139027
1 91526 149096
1 48641 109423
1 185731 110378
1 170273 155191
1 106892 13355
1 97344 76646
1 188065 36583
1 54911 47417
1 103412 13024
1 112857 123142
1 15049 158360
1 65632 537
1 143627 108239
1 49140 81621
1 35569 27006
1 66245 15433
1 159058 151316
1 82826 97042
1 709 117488
1 193409 134129
1 92541 112223
1 2921 5933
1 148579 181719
1 124349 170218
1 188597 104180
1 68402 102538
1 152094 32114
1 131571 56132
1 58455 52331
1 1820 90884
1 39422 103890
1 85045 23171
1 51829 81775
1 83888 147878
1 42557 178973
1 24549 187803
1 136914 93953
1 140749 16946
1 190281 75020
1 175421 124537
1 177512 5172
1 187812 159516
1 157766 170799
1 110790 187964
1 58468 191025
1 192827 73806
1 34955 128230
1 159907 75190
1 157991 125490
1 140011 139364
1 106147 89192
1 77637 106222
1 94149 198089
1 80228 41967
1 105612 186302
1 107318 48607
1 194055 64920
1 67878 134516
1 88441 160071
1 161489 175992
1 171819 131352
1 520 118699
1 83217 2420
1 167942 168860
1 192865 136405
1 166963 82371
1 86703 48010
1 121561 30369
1 167181 198638
1 121318 193307
1 28130 69349
1 101474 121299
1 178378 105368
1 143793 87816
1 38573 192113
1 170572 169456
1 172771 182042
1 9532 154004
1 52743 80434
1 94424 13868
1 158233 14736
1 14848 130491
1 28890 171899
1 19929 183212
1 161635 144554
1 45578 6830
1 166213 90425
1 55479 179853
1 139751 167595
1 10813 7058
1 48604 147943
1 125743 117469
1 51460 135405
1 90191 187520
1 35301 121881
1 83791 195998
1 59978 173722
1 159177 93253
1 183707 187187
1 102268 19464
1 50557 197875
1 60106 165409
1 122477 108849
1 130414 2566
1 181976 109899
1 142210 81993
1 120125 30879
1 183089 7158
1 87622 144202
1 139129 188135
1 155236 130528
1 6436 102955
1 5353 191788
1 47879 186071
1 176554 99626
1 5180 182252
1 96726 19330
1 9948 104619
1 152657 164678
1 22783 179124
1 101332 7278
1 20472 41254
1 109193 54034
1 20619 199987
1 63714 36649
1 60977 24194
1 94010 32065
1 4303 34058
1 72816 38271
1 198194 45612
1 140224 49880
1 153807 119120
1 62691 101455
1 57337 195012
1 15273 2544
1 165538 121170
1 45716 50893
1 92758 118368
1 75895 30840
1 100661 169164
1 137935 164162
1 67441 185992
1 173602 27826
1 93320 196723
1 69590 47432
1 157314 140665
1 186388 170804
1 190574 72493
1 195998 177553
1 175897 51749
1 4077 21735
1 128015 178069
1 87951 54048
1 91605 108719
1 126015 92553
1 154407 23482
1 149254 11276
1 131247 104369
1 20497 163565
1 185862 150175
1 50836 11842
1 95087 42360
1 84446 15415
1 80720 177274
1 170750 114114
1 127731 41476
1 148054 131938
1 94461 96311
1 126781 46239
1 118830 156299
1 114649 133693
1 99673 158964
1 89725 45313
1 30052 23414
1 13441 36200
1 117891 164869
1 152096 13476
1 193968 75168
1 92631 19289
1 95919 151599
1 19259 188120
1 150785 146588
1 128539 139803
1 45093 190575
1 150806 148353
1 174806 31789
1 107134 50507
1 144450 77234
1 135854 19863
1 72648 189838
1 192553 135643
1 43701 111709
1 143221 14757
1 125247 7786
1 44470 151058
1 165633 76613
1 138638 49868
1 118649 58466
1 53748 59528
1 174911 177077
1 161171 122943
1 15816 130444
1 166565 30764
1 180123 62125
1 54417 131271
1 115667 152241
1 63554 41600
1 3989 49823
1 171784 136894
1 132370 199244
1 107763 109081
1 108031 175987
1 156974 61462
1 71188 16080
1 174617 25250
1 36739 44162
1 88299 180113
1 108923 31201
1 21319 115224
1 137692 88092
1 138396 42953
1 35964 100311
1 3394 171533
1 119066 36164
1 187155 151271
1 124578 131264
1 83783 70440
1 190689 107185
1 148371 46894
1 160074 199389
1 139267 73505
1 150057 148493
1 51158 60911
1 33446 62563
1 15899 62599
1 128765 157304
1 183753 28820
1 169852 194041
1 42851 159420
1 136382 92291
1 100557 15576
1 169830 84094
1 81833 99573
1 147743 96823
1 97398 7563
1 78610 86082
1 27434 152765
1 76776 27854
1 25165 142545
1 180354 36362
1 174809 141041
1 153206 112055
1 122768 28066
1 32203 110030
1 56221 100547
1 193591 142869
1 146734 124169
1 21144 21821
1 9425 31161
1 71665 69886
1 131470 198950
1 49190 177142
1 190788 61997
1 20026 4414
1 16263 40174
1 48519 136270
1 42809 147469
1 56702 52051
1 146599 180649
1 20769 191759
1 49318 120731
1 65087 65393
1 183343 113
1 58286 132917
1 72823 147372
1 63950 88061
1 153491 23544
1 93692 66993
1 28555 73834
1 167637 87956
1 134588 57536
1 20397 84584
1 180916 98260
1 28751 82179
1 132424 54690
1 1078 125682
1 116600 85883
1 176396 17167
1 118599 44553
1 192354 70814
1 158612 78405
1 27311 96813
1 41853 73974
1 115021 26923
1 57206 178797
1 133682 45000
1 159589 155517
1 74027 88911
1 149889 36990
1 2335 54976
1 32042 35653
1 10817 44721
1 185803 152541
1 6934 111079
1 100270 72585
1 80041 88625
1 54687 174846
1 55564 77636
1 146757 131739
1 102801 99037
1 37502 491
1 116488 25171
1 86201 164126
1 180539 96827
1 117400 9347
1 92135 69825
1 127238 179465
1 115260 87812
1 116949 104375
1 141783 149170
1 184157 142185
1 187390 16997
1 71441 34509
1 98269 155389
1 29475 155038
1 177792 15230
1 159129 35103
1 69521 96172
1 101552 137307
1 134419 197349
1 112177 72923
1 21982 86334
1 128403 165800
1 73501 150370
1 17808 196418
1 76997 60007
1 65419 66785
1 94040 73010
1 87393 50283
1 91162 165965
1 70733 157750
1 15698 54278
1 69697 52800
1 181891 58699
1 44867 115051
1 108140 70787
1 193157 100797
1 86654 55728
1 48905 57048
1 103005 119747
1 90868 138678
1 24218 183294
1 181104 9000
1 31598 30864
1 64199 80080
1 162426 10798
1 168701 115356
1 87166 82734
1 87150 95045
1 83863 128360
1 166697 1736
1 5054 126096
1 102668 154211
1 181565 137422
1 92768 197586
1 131508 43359
1 49079 106635
1 137676 164656
1 20292 49912
1 33274 93048
1 146235 27444
1 112886 124119
1 153770 124552
1 27453 139437
1 141271 148583
1 45125 156540
1 39578 115816
1 42048 121025
1 180540 197251
1 42773 159952
1 95249 142670
1 187865 138543
1 19859 60473
1 184084 41012
1 108672 68551
1 158450 120610
1 127670 190926
1 190791 70848
1 46988 4722
1 75463 14971
1 103732 51806
1 107909 197246
1 85198 42500
1 124268 180880
1 142799 168726
1 30524 169902
1 117779 152068
1 175942 159273
1 193663 193463
1 153129 76162
1 151003 158414
1 150030 29316
1 115055 66840
1 192674 29666
1 131676 45202
1 156180 61329
1 14653 39650
1 47311 136935
1 15806 69140
1 14840 109556
1 148860 111508
1 147690 105889
1 27870 90219
1 58673 153160
1 195572 140158
1 172869 51795
1 166926 129605
1 50888 89368
1 127006 162760
1 86018 14835
1 68369 78495
1 124188 68134
1 165995 62955
1 98138 198126
1 158241 18703
1 26845 132262
1 196668 102388
1 174105 19168
1 168235 80573
1 79059 31489
1 114536 190022
1 104798 115742
1 1680 29475
1 56087 70741
1 78588 108631
1 199582 21422
1 182052 62803
1 112598 138674
1 134389 64560
1 149855 16715
1 121904 128303
1 85395 68893
1 35013 33199
1 112767 58787
1 45041 132976
1 50148 178318
1 180374 46599
1 85997 147419
1 106137 99169
1 162418 150707
1 164416 196029
1 99437 192392
1 182155 45732
1 106363 92781
1 179859 65962
1 88598 147382
1 146914 119978
1 131410 12625
1 122002 190846
1 113174 13603
1 12969 181565
1 38427 119270
1 155315 120249
1 129834 53891
1 83617 108408
1 56146 164715
1 108194 151665
1 134184 179259
1 80768 28170
1 52419 44368
1 44285 37329
1 149751 3368
1 98415 141113
1 197009 1338
1 115992 11159
1 152468 31831
1 142921 94620
1 76722 25986
1 124921 114579
1 150797 147980
1 129121 135070
1 169327 161204
1 21275 9197
1 131271 110654
1 31098 145535
1 117222 152146
1 89644 134813
1 15546 164760
1 9935 69844
1 14090 70289
1 15121 12594
1 185202 59896
1 133003 75204
1 159327 26073
1 77471 197582
1 171534 114033
1 81040 26955
1 118209 96775
1 109537 165223
1 150594 98250
1 11250 20410
1 35036 70316
1 138840 187590
1 89430 87358
1 145083 174259
1 104371 54669
1 39156 179849
1 147687 106236
1 90278 34735
1 33627 46179
1 24477 96802
1 67108 99239
1 104998 184569
1 41023 22618
1 77231 58648
1 77456 159126
1 991 47282
1 85084 156181
1 45367 140995
1 82501 138835
1 37610 89165
1 70853 79654
1 16825 25298
1 75245 7389
1 69971 183251
1 190878 39448
1 620 19719
1 168520 161256
1 163164 134558
1 80995 40231
1 25402 55288
1 153195 155866
1 38841 152864
1 122720 133701
1 183683 163406
1 141565 118990
1 88340 105180
1 128759 95829
1 176153 76551
1 49210 9426
1 158025 191657
1 198880 166513
1 130883 134645
1 19762 78571
1 24169 163124
1 137891 144422
1 23868 137854
1 35465 158542
1 36985 152572
1 70366 31540
1 8115 58013
1 90231 153255
1 158834 60502
1 61379 143633
1 162571 108318
1 9415 171284
1 143808 124905
1 23640 185765
1 188058 152804
1 68762 75624
1 17861 10225
1 196984 29709
1 87788 49188
1 178467 126699
1 34902 147838
1 63183 120539
1 166144 198377
1 109546 28375
1 168251 29876
1 192671 55314
1 85575 9872
1 196108 16538
1 67377 21834
1 89856 38060
1 28266 162251
1 85624 18584
1 25385 26574
1 194777 35478
1 113603 189088
1 94449 2280
1 182856 125405
1 141802 194097
1 135776 12457
1 63760 166484
1 136039 114349
1 16709 121041
1 143430 46932
1 22273 132060
1 123794 90566
1 526 121407
1 53866 14755
1 120579 17586
1 132044 13186
1 116352 135993
1 104823 33579
1 78955 108925
1 5703 193683
1 163561 8494
1 157389 196567
1 44511 111129
1 172270 159035
1 95339 103237
1 195327 18084
1 57501 15827
1 81886 55827
1 94267 117525
1 128850 157348
1 186804 85039
1 180518 85895
1 155811 136236
1 124098 38205
1 137608 45027
1 31308 46614
1 185922 162891
1 51455 15465
1 40273 161755
1 128777 19092
1 101321 24614
1 151466 79926
1 126746 102262
1 194314 66666
1 195967 141479
1 72155 155206
1 112259 161093
1 171183 166867
1 62396 150825
1 8348 133326
1 26369 196945
1 135758 130399
1 70063 168191
1 128300 60760
1 84123 99092
1 129839 94002
1 182425 20269
1 98303 60547
1 42926 43901
1 184592 40195
1 53137 53995
1 109819 72448
1 186280 62702
1 156704 143391
1 147969 188199
1 44668 143317
1 181582 38975
1 160070 129382
1 147814 66370
1 64271 126556
1 187128 86459
1 158169 91915
1 99346 15632
1 141559 2947
1 120210 106528
1 188775 99350
1 53931 97947
1 139117 22668
1 130843 133410
1 113840 185827
1 33515 153183
1 177242 81164
1 139687 198310
1 30186 90722
1 65823 38285
1 160477 62573
1 151711 139081
1 161342 1240
1 178923 138634
1 141449 147054
1 69694 93208
1 62023 192474
1 35907 109422
1 140966 76128
1 5651 133591
1 131992 8471
1 157169 121032
1 10734 18153
1 43908 195005
1 153205 98893
1 142804 120727
1 64720 148291
1 22791 12596
1 178134 72592
1 127389 114448
1 117678 54396
1 40297 4252
1 55849 156809
1 148882 28445
1 42464 144949
1 19786 63431
1 78543 52082
1 55309 180506
1 192497 83429
1 93852 129532
1 139996 98333
1 176955 62232
1 52190 167957
1 78890 199862
1 62617 192941
1 132832 25820
1 175581 14052
1 65229 72484
1 190724 125017
1 96464 143007
1 132818 136323
1 113654 23977
1 2957 90094
1 21237 93581
1 143833 83640
1 163817 184348
1 6873 127627
1 65550 95944
1 199618 177180
1 134526 41095
1 1536 188389
1 159595 122469
1 2190 172767
1 121184 99945
1 4816 11011
1 69428 124460
1 89909 130049
1 58064 179254
1 159178 91457
1 9122 64474
1 25633 16665
1 172129 68628
1 85859 15247
1 138179 83296
1 175793 49936
1 108411 108829
1 191042 58865
1 7160 2404
1 196921 172965
1 173275 54434
1 18886 178687
1 177080 180541
1 92735 99113
1 23439 146213
1 71359 85604
1 96460 76344
1 75198 43906
1 10429 130908
1 114226 91297
1 95571 17304
1 197797 93545
1 75611 101490
1 114840 108617
1 187837 32207
1 172887 78830
1 100534 150856
1 185117 172932
1 90706 9928
1 153386 20401
1 147245 162094
1 92771 103887
1 93675 80032
1 127338 4777
1 69621 20588
1 165502 23480
1 29749 160038
1 24021 183775
1 69973 4990
1 166968 159717
1 29363 16224
1 171871 150961
1 1704 135697
1 50125 169484
1 83835 176007
1 87854 69650
1 7648 104457
1 89262 55289
1 75766 148744
1 110812 7367
1 80384 62333
1 50688 119502
1 112483 21892
1 126842 42921
1 102816 175799
1 184476 145788
1 196178 92047
1 11017 135336
1 119915 30199
1 68111 109901
1 17131 8562
1 50177 2372
1 116194 196655
1 191961 90908
1 194343 189738
1 50957 43540
1 194712 156614
1 26736 143833
1 152083 144617
1 116107 146945
1 154613 105431
1 129084 102151
1 103826 52178
1 36302 184201
1 9333 69489
1 112346 185664
1 7258 69504
1 160285 89535
1 85353 163607
1 150491 51246
1 135348 61822
1 62644 10247
1 46387 112256
1 147972 138194
1 52286 40333
1 24704 95965
1 97484 157462
1 129806 71871
1 162603 188643
1 114981 60877
1 25599 97976
1 132774 80349
1 198911 54121
1 180986 84218
1 53613 86586
1 190956 176040
1 122966 43386
1 179977 117146
1 10250 1953
1 91382 20464
1 146524 10665
1 103889 182070
1 94237 85418
1 38220 92378
1 6612 7802
1 109446 146220
1 124737 181827
1 180203 50523
1 112404 4325
1 120398 165487
1 128552 12622
1 189189 48514
1 119109 182872
1 175236 123011
1 36629 76580
1 121597 99053
1 27237 3892
1 74871 180612
1 8607 172685
1 493 63568
1 69638 92301
1 140330 35614
1 104051 157514
1 67938 109876
1 53519 65389
1 162195 151444
1 70673 132749
1 36317 76788
1 136376 141904
1 66718 159675
1 47755 66942
1 197586 195711
1 174224 47334
1 84073 189246
1 189195 81654
1 182890 50395
1 84793 170838
1 180040 195866
1 141261 196678
1 89602 11486
1 189289 24824
1 197633 159650
1 76063 86255
1 191212 102389
1 143209 8728
1 93518 111226
1 138022 143209
1 62956 102175
1 153303 138168
1 98976 104477
1 140186 199198
1 34810 60273
1 11685 186892
1 14488 74394
1 78854 84590
1 111428 182418
1 19162 42174
1 45518 164304
1 103051 86186
1 81771 1470
1 66830 67690
1 65037 159672
1 109596 159516
1 185283 21061
1 83888 175585
1 94802 410
1 184898 16124
1 102101 5835
1 69634 137064
1 157011 52500
1 12503 176314
1 76703 25096
1 47769 152056
1 44660 86040
1 191309 154936
1 170064 160967
1 19360 65085
1 171345 25452
1 181222 84751
1 14031 198185
1 31188 166745
1 124090 96939
1 31419 17544
1 60724 164257
1 166791 86625
1 52080 28225
1 51960 162146
1 81291 86520
1 71456 132253
1 172074 170928
1 74588 61457
1 167574 35720
1 34391 193610
1 94612 63056
1 137340 48635
1 127625 157187
1 52731 58009
1 12877 72136
1 162431 192250
1 44877 169579
1 78830 123311
1 153255 25880
1 115105 167327
1 73984 142809
1 20069 13477
1 108137 158994
1 161010 152491
1 32114 125369
1 163626 129160
1 32206 122714
1 176086 20630
1 33064 96970
1 37212 30104
1 164293 6635
1 88580 160011
1 21979 33697
1 46765 199691
1 42544 175827
1 4874 91368
1 194999 116837
1 176417 191753
1 158311 159348
1 124549 142080
1 8222 64530
1 34963 74863
1 15733 162883
1 182635 148187
1 126948 153080
1 112945 23694
1 143064 18314
1 102404 124338
1 108819 143290
1 86524 34155
1 49796 35496
1 71338 106869
1 104167 57682
1 70860 142847
1 19935 7822
1 53838 120712
1 108561 199242
1 92616 9079
1 126083 185923
1 175029 188351
1 146102 6595
1 30512 33780
1 897 16287
1 85941 88488
1 2351 67824
1 62101 163081
1 28122 159632
1 158330 130815
1 103048 161689
1 32349 22850
1 176646 31770
1 97669 64249
1 94595 192474
1 129666 159001
1 2735 54353
1 17258 108860
1 38933 172644
1 5970 11072
1 64181 98144
1 10639 184483
1 153062 165433
1 82351 17565
1 5418 144707
1 97074 157245
1 150675 32242
1 191758 169991
1 94614 30862
1 146210 126989
1 197485 122
1 66553 32972
1 189682 119591
1 19587 193801
1 69881 192786
1 100175 120877
1 142574 60678
1 181644 127389
1 63152 84174
1 57985 189534
1 163949 127289
1 168842 103080
1 14847 31124
1 113301 134088
1 154694 186404
1 193245 189883
1 194438 123362
1 161317 4360
1 47619 86267
1 134327 114975
1 105691 121351
1 73887 133680
1 190115 134152
1 7075 196942
1 110278 187238
1 93700 68548
1 51162 153514
1 180410 33974
1 964 182137
1 118891 187516
1 116238 197202
1 9389 198012
1 124102 171594
1 115262 91398
1 159322 99590
1 121984 42165
1 176690 27385
1 178745 149059
1 73357 164256
1 175051 130092
1 20127 56379
1 31856 138503
1 82346 132045
1 49913 119265
1 26971 151959
1 71560 123932
1 156391 174225
1 12555 163782
1 105638 37993
1 196283 59581
1 193136 85696
1 25172 198019
1 99318 189217
1 137815 42781
1 73507 196484
1 142077 135793
1 132019 90115
1 156029 71648
1 137619 73052
1 121985 149920
1 157563 74215
1 54500 140254
1 138760 69208
1 106287 62611
1 47901 76600
1 112917 35814
1 59452 188960
1 53933 115329
1 26784 102199
1 239 148406
1 160285 196461
1 57137 121236
1 30203 129335
1 73122 21830
1 53775 24845
1 8392 36396
1 12636 162273
1 132406 178748
1 151273 70881
1 36945 165019
1 149219 121711
1 100228 110647
1 192054 167200
1 142657 90856
1 59622 88499
1 169914 179975
1 65907 114067
1 194719 178958
1 23342 192655
1 143321 28145
1 167574 117337
1 157191 116796
1 66358 127676
1 109560 69614
1 176707 72418
1 172969 166869
1 152689 86278
1 72896 130538
1 96150 31094
1 127561 98543
1 164931 90380
1 174639 195655
1 51038 170094
1 188158 53782
1 78724 43267
1 3096 196378
1 116062 164791
1 100341 191816
1 56258 126386
1 160032 106410
1 103245 163796
1 108270 77241
1 88510 14901
1 136384 187894
1 54741 165147
1 106876 187278
1 74796 63484
1 62792 2863
1 172757 116981
1 90119 139044
1 96182 73099
1 24536 190520
1 89313 158369
1 106572 11913
1 187831 16953
1 150055 40362
1 25727 183791
1 164697 6079
1 63106 167283
1 177854 151700
1 147626 123847
1 24020 113150
1 140059 83449
1 193979 190325
1 119505 75746
1 68147 28145
1 152635 32350
1 20305 48579
1 191382 151053
1 71106 83382
1 124174 66698
1 47108 152870
1 54674 40619
1 54882 158112
1 30006 135098
1 81648 83515
1 80525 135282
1 43975 112758
1 18119 75004
1 64001 93907
1 98184 7659
1 120888 106483
1 160011 127477
1 140474 111475
1 100982 137268
1 76048 34375
1 110142 109661
1 106033 99796
1 136892 196160
1 48321 125203
1 154769 92288
1 197903 80483
1 60471 70099
1 153678 194542
1 128360 164093
1 74450 76096
1 59701 27529
1 139086 187941
1 12894 187080
1 97805 92673
1 26744 196750
1 192750 139316
1 172799 65514
1 2532 58926
1 183160 193829
1 193518 61712
1 76427 191870
1 96403 18373
1 11039 74276
1 102177 179359
1 62199 83827
1 118502 16053
1 116685 51572
1 23727 48700
1 181357 52047
1 60864 77540
1 176916 39315
1 187540 2550
1 141641 65384
1 119127 157164
1 89339 112467
1 11360 65488
1 14748 69547
1 192628 197271
1 72381 154779
1 185208 67520
1 93675 36888
1 151221 40489
1 145994 68131
1 11281 119346
1 105583 93634
1 28556 28693
1 140930 111610
1 64314 190916
1 61589 164497
1 69824 98628
1 172479 96962
1 81681 197642
1 10877 190337
1 113897 12692
1 162442 11377
1 102410 29769
1 3069 29410
1 100790 51540
1 139746 30544
1 38382 45054
1 70045 134296
1 55465 101515
1 93819 118397
1 85335 18710
1 24026 177883
1 110488 48432
1 54075 24490
1 15543 56886
1 100965 12662
1 172843 141169
1 199037 51293
1 17040 39859
1 180259 5514
1 89251 18351
1 5200 138801
1 191292 149208
1 96557 147530
1 2255 127934
1 107062 183506
1 162021 142885
1 80976 152383
1 151446 167335
1 49960 32387
1 155147 91724
1 144140 71812
1 85171 125224
1 83022 80985
1 92803 150133
1 40151 39304
1 70514 69169
1 150025 62271
1 77939 38649
1 130841 65873
1 199861 49126
1 129196 18866
1 24474 166184
1 164656 177973
1 43508 9954
1 77500 153092
1 76101 19205
1 102763 55329
1 14198 101936
1 77558 14555
1 165721 173959
1 10129 58004
1 41947 5650
1 107143 59186
1 22413 52440
1 163801 179682
1 163477 29244
1 23251 163861
1 151918 150680
1 29873 32756
1 26728 181656
1 25201 174630
1 110684 93976
1 40697 100613
1 65519 25345
1 176044 146141
1 155722 180513
1 27847 117989
1 137944 149962
1 65601 73025
1 135297 198381
1 157732 145016
1 50981 185463
1 196518 70194
1 67739 16619
1 119371 20022
1 176939 196033
1 80447 72801
1 72522 81470
1 41967 27946
1 185045 66196
1 101288 104661
1 121360 163708
1 121843 191157
1 32352 193298
1 65200 115366
1 59974 140593
1 86770 58634
1 60766 189583
1 142682 41155
1 13912 174299
1 186231 106801
1 32053 135829
1 106012 178349
1 23621 26926
1 53635 138438
1 131359 36640
1 66722 111292
1 75041 121423
1 175052 250
1 155050 108961
1 37195 9687
1 166229 176347
1 11963 43855
1 4024 3837
1 106153 42558
1 165852 66783
1 156075 100830
1 136766 16973
1 80386 35138
1 163462 116256
1 73263 198227
1 167686 170909
1 117779 64713
1 90358 58771
1 82507 39533
1 74671 4272
1 1802 42061
1 49318 190691
1 30711 73024
1 177514 74552
1 185802 150044
1 188128 120176
1 195426 187253
1 122365 34848
1 117353 198616
1 48069 99340
1 37355 71367
1 58818 189060
1 112306 143414
1 171079 188414
1 71527 71301
1 179943 91893
1 69797 82112
1 20913 141442
1 198431 4309
1 187373 154488
1 166005 62613
1 146972 180101
1 137105 112942
1 184364 11014
1 129863 20134
1 174329 35883
1 130733 131803
1 170251 50060
1 19448 55225
1 56076 166666
1 92440 132092
1 182026 185578
1 11861 66536
1 66989 79663
1 23083 176070
1 104378 193206
1 113186 45345
1 19848 123798
1 91570 71616
1 122113 184952
1 140438 108837
1 129436 184884
1 133231 19846
1 77401 5933
1 76700 161611
1 9149 138543
1 17750 183752
1 188047 125959
1 35089 64124
1 5716 57250
1 147985 138954
1 183111 146729
1 44810 164983
1 161819 146780
1 187452 36580
1 49525 174509
1 90958 28365
1 81700 67487
1 104104 6274
1 50147 106720
1 54486 32164
1 107985 136164
1 181018 86115
1 154416 59266
1 34578 37366
1 166876 175827
1 142667 146203
1 136589 161225
1 121573 50000
1 100495 5710
1 85416 70226
1 15999 82077
1 175653 100950
1 158474 193061
1 38737 171845
1 177570 61084
1 36126 84796
1 195650 61921
1 53659 111299
1 30243 193173
1 182990 136524
1 196286 82875
1 89552 68207
1 101443 132175
1 111081 79589
1 84058 4708
1 172076 114242
1 68441 45121
1 146453 127287
1 139910 1853
1 14689 123912
1 18446 1817
1 95533 117770
1 30086 169438
1 97234 46752
1 182049 3896
1 193152 198135
1 22961 48657
1 63385 25791
1 180323 194994
1 144080 118187
1 11317 181398
1 172355 196716
1 147833 11088
1 196629 130986
1 81040 8223
1 16272 195203
1 38815 9808
1 160058 54856
1 85206 131347
1 138294 140084
1 150178 141921
1 81181 64751
1 67503 195342
1 9117 121667
1 191843 112106
1 158097 87773
1 92376 146141
1 62178 195656
1 139737 69506
1 46558 21989
1 195807 51780
1 2902 177006
1 124493 83575
1 48765 177580
1 87977 191609
1 93567 107893
1 65693 124938
1 24735 18027
1 45934 91945
1 120468 173747
1 119292 64687
1 105253 43890
1 180922 129904
1 166339 129101
1 72431 179152
1 161702 159073
1 44652 55715
1 86956 23424
1 179855 22280
1 162351 130351
1 27897 51784
1 107941 70301
1 16012 137514
1 111996 127781
1 191912 106586
1 134774 51590
1 46310 48186
1 140482 3105
1 178901 161927
1 134173 182196
1 198067 12529
1 186344 71574
1 112431 122356
1 5769 107763
1 159263 41211
1 74823 77128
1 71804 38774
1 95265 118690
1 56421 2682
1 69167 123987
1 148307 156889
1 169084 186357
1 199833 176130
1 28771 47715
1 105631 151067
1 53352 177077
1 189535 24349
1 89817 80187
1 133152 36080
1 28582 111997
1 145971 31239
1 72637 10161
1 89707 38269
1 65706 8573
1 62241 21105
1 40237 9902
1 34600 181599
1 143069 101048
1 135180 144768
1 180221 128368
1 173521 185955
1 61341 65544
1 28074 65676
1 124019 179850
1 98423 70733
1 63289 26455
1 27204 75108
1 120906 12960
1 21630 119508
1 100920 173541
1 8184 164039
1 167088 32558
1 173790 100323
1 182353 71559
1 44856 102058
1 80522 34880
1 44131 69912
1 112563 97636
1 62539 66295
1 83565 17337
1 55660 65734
1 191228 123321
1 64009 47178
1 14564 109135
1 111981 171700
1 195524 63252
1 58402 64116
1 105967 46155
1 110895 104669
1 79505 147738
1 121814 32506
1 116929 154955
1 156556 74032
1 48098 190147
1 76283 55957
1 56959 75713
1 58806 16592
1 173159 159898
1 181436 180466
1 32326 183988
1 58160 70676
1 148677 33280
1 161686 190513
1 19683 190652
1 98833 101254
1 163796 176872
1 155483 119848
1 88282 56264
1 105990 7845
1 117154 135259
1 152882 157791
1 115810 185498
1 40334 195429
1 189872 82164
1 128147 75859
1 144805 176135
1 88446 24108
1 26675 28770
1 42061 109493
1 146307 121914
1 54141 170581
1 153618 39915
1 128194 7082
1 131918 177072
1 155975 97198
1 158764 137893
1 62696 171660
1 34765 62140
1 49068 71740
1 32913 140989
1 182663 169957
1 68603 197442
1 160208 41140
1 23110 130354
1 154176 90233
1 167943 18813
1 55595 51714
1 141636 93209
1 86146 176506
1 109460 138492
1 108808 45508
1 164472 111129
1 62484 23060
1 1976 97950
1 38536 172749
1 16834 101166
1 37008 153441
1 170303 92316
1 20254 137061
1 36919 175336
1 43236 90675
1 58279 65533
1 50771 58885
1 4961 101355
1 92242 2896
1 10852 28641
1 159745 95390
1 136636 22255
1 178415 151855
1 25372 192314
1 180314 20625
1 191033 49855
1 128230 155006
1 121002 72460
1 27104 166582
1 72189 192380
1 35700 116637
1 168028 174194
1 34604 158103
1 102689 163673
1 136299 12130
1 63927 93850
1 57898 147956
1 101106 107294
1 47666 106646
1 47984 22342
1 44761 6591
1 22960 170024
1 80833 68084
1 76402 48971
1 9166 171359
1 70993 106725
1 145447 15087
1 130141 55956
1 155440 84208
1 87677 142618
1 197957 155498
1 67716 63390
1 24315 61375
1 44561 30879
1 123411 33600
1 102892 38011
1 5182 53648
1 49438 171552
1 43416 95164
1 68433 17
1 60959 151385
1 101226 187676
1 85044 27743
1 102755 66330
1 24981 178054
1 80364 57576
1 142616 102688
1 57795 34212
1 195243 2294
1 148242 15146
1 93962 48613
1 131913 117200
1 34754 67962
1 21500 41760
1 80420 199501
1 109823 110742
1 32524 154395
1 191104 162201
1 116820 37479
1 36068 19773
1 97108 30483
1 45094 82169
1 71580 174266
1 112684 60453
1 4467 186769
1 134763 61815
1 86097 131902
1 32317 153343
1 77530 30327
1 73857 1056
1 62429 100511
1 18867 116177
1 152398 173085
1 166667 1300
1 9279 60863
1 123226 195445
1 167844 100494
1 24163 27142
1 43592 145010
1 35640 59673
1 142219 104712
1 187350 115326
1 130910 176066
1 158083 142526
1 13889 29950
1 77861 42072
1 25595 43306
1 156197 155963
1 87578 39384
1 144836 192901
1 149165 797
1 85373 99450
1 72895 55088
1 74908 91207
1 34902 93567
1 29278 96440
1 811 191444
1 2187 92663
1 39403 79273
1 170128 191623
1 104622 180232
1 69216 109696
1 196534 111911
1 145677 168717
1 140843 55043
1 50274 35107
1 6678 16379
1 95555 32772
1 28060 60143
1 456 76339
1 155196 197210
1 69207 91321
1 149578 44780
1 33985 199641
1 133422 128555
1 156766 181264
1 21336 32908
1 191659 73808
1 42437 80525
1 141476 82109
1 148024 21590
1 194205 80295
1 22961 28112
1 149414 48394
1 24370 1797
1 78944 150404
1 1907 191289
1 153498 70422
1 141154 162056
1 129264 30109
1 197983 113345
1 18660 129297
1 31480 110274
1 19005 64255
1 90530 83093
1 46560 158147
1 42488 125258
1 151726 109001
1 109431 106453
1 157534 46085
1 159226 193450
1 92315 77616
1 165810 43351
1 195359 58053
1 18345 184993
1 151376 132539
1 118520 97506
1 66715 76676
1 71174 109603
1 54799 16774
1 68867 137398
1 60220 197273
1 74596 37206
1 190668 188865
1 5536 83265
1 156449 79405
1 2412 19732
1 147505 103728
1 82419 73193
1 97950 79295
1 79704 47726
1 152410 150635
1 191664 24455
1 51769 93536
1 180858 41254
1 855 116573
1 68897 72168
1 54829 175349
1 49972 191410
1 69103 190791
1 159332 122252
1 41641 151418
1 62655 37885
1 100762 194876
1 82092 176489
1 8656 178748
1 42151 149864
1 4292 84836
1 175166 154535
1 66552 124188
1 48523 72387
1 59919 196604
1 48820 33059
1 37613 92049
1 33312 118422
1 114256 37202
1 169083 177070
1 34541 113188
1 106541 97437
1 167823 94284
1 145430 182606
1 169836 38131
1 65678 157829
1 11209 17824
1 104603 33338
1 135632 97201
1 137907 8306
1 51119 191515
1 36403 114336
1 182707 189155
1 134751 119611
1 76838 136284
1 104093 69344
1 179238 22050
1 87276 13098
1 87239 177047
1 105321 59088
1 182762 44126
1 178884 47167
1 180830 159189
1 152959 144312
1 43191 79767
1 149800 181932
1 71405 83697
1 161815 163222
1 97144 71203
1 1259 83480
1 25257 82907
1 49601 84377
1 175115 194157
1 144181 45022
1 10234 122007
1 72541 192104
1 78915 147891
1 138626 79501
1 104829 96508
1 69474 112154
1 152039 185413
1 197795 50792
1 87939 176503
1 11097 71165
1 110259 84299
1 49530 80998
1 134482 106376
1 24544 120658
1 104020 147070
1 190976 96881
1 100065 114626
1 114217 44365
1 188462 30763
1 125249 9512
1 24285 18061
1 141755 112407
1 53016 161141
1 64028 171743
1 186857 139301
1 38575 34382
1 69980 64402
1 144645 9627
1 173016 130651
1 47410 149249
1 14329 177419
1 137605 186009
1 153331 37265
1 31367 72631
1 46115 78270
1 26999 100487
1 58295 84736
1 92675 178728
1 116288 137757
1 165578 89415
1 123349 95219
1 191569 166336
1 157675 131119
1 164356 193521
1 8947 154507
1 174703 130209
1 88051 150540
1 125051 26256
1 120616 147899
1 35693 110303
1 90011 146531
1 82268 56482
1 110978 32524
1 147059 190659
1 144281 145462
1 17895 57242
1 1409 14937
1 197113 138123
1 140825 196891
1 144367 24992
1 76059 148754
1 191694 30631
1 107513 59067
1 20316 121421
1 162488 96186
1 187156 184700
1 32781 169684
1 47722 197810
1 141558 59754
1 126913 170210
1 116634 69368
1 190505 66704
1 140708 149774
1 132189 66216
1 195485 33038
1 21693 179423
1 112905 37606
1 80521 88269
1 26628 63374
1 183582 56905
1 16732 50052
1 31924 199430
1 158513 15623
1 178711 59374
1 107723 14482
1 132133 60093
1 70140 23003
1 171337 183455
1 193079 143948
1 150327 58766
1 18992 144192
1 147111 17702
1 73140 138560
1 193110 6346
1 5322 124478
1 146746 44411
1 89420 197843
1 124485 17013
1 31232 166709
1 98460 79054
1 3386 61116
1 85145 156874
1 135478 89559
1 70143 16257
1 92145 38537
1 129917 188085
1 67592 163880
1 12709 53037
1 129941 139160
1 199726 47062
1 1413 38403
1 47528 122011
1 69118 184797
1 49278 13442
1 157232 104598
1 190961 107594
1 93242 33632
1 105363 128643
1 162432 183011
1 37379 80110
1 36170 39102
1 125544 117333
1 79455 65279
1 162479 49580
1 104226 48485
1 174345 180073
1 197293 27861
1 149791 2529
1 118060 68571
1 171800 147493
1 198268 177442
1 189582 123675
1 85380 88758
1 53516 106079
1 68499 115128
1 20300 83676
1 42427 193506
1 43887 191207
1 111405 32446
1 141885 103324
1 174933 194273
1 126878 67900
1 52536 71340
1 81625 87430
1 146573 117764
1 97739 174804
1 155993 69905
1 126251 115640
1 108942 57333
1 59453 17239
1 186149 120974
1 118995 99397
1 140218 153263
1 71628 101026
1 115880 115738
1 137798 46133
1 62566 114946
1 115495 138375
1 111328 91135
1 129228 97537
1 164057 20434
1 177103 188041
1 138241 56730
1 197567 2457
1 78482 4694
1 92379 61538
1 95089 22045
1 145425 139936
1 189569 156443
1 153397 136191
1 81354 39374
1 173892 61357
1 20875 5633
1 177882 147200
1 26909 145799
1 34353 38986
1 53513 64763
1 66268 30907
1 144939 67382
1 120707 192247
1 158088 182225
1 166433 117752
1 150188 174685
1 168764 60582
1 134152 129631
1 173731 12788
1 106890 38161
1 190317 71934
1 190334 127318
1 87536 185569
1 41637 44796
1 35264 175194
1 178964 110328
1 5929 167394
1 92431 86813
1 171759 45769
1 4774 36702
1 184837 136850
1 31056 164357
1 2380 159694
1 31878 140915
1 68110 68412
1 123553 92314
1 99642 101279
1 150263 31224
1 35617 114913
1 69874 82710
1 123952 32040
1 35315 4033
1 65264 30327
1 32230 115527
1 151035 85831
1 129638 75125
1 128129 159142
1 187668 42382
1 56059 160272
1 172851 88015
1 8302 163980
1 176582 69154
1 194787 28809
1 112108 124577
1 62628 94777
1 185979 136717
1 139451 166893
1 476 118542
1 69671 76209
1 102183 166316
1 65951 10154
1 51904 122637
1 162443 181679
1 189680 198769
1 14975 189029
1 91463 186603
1 75002 51934
1 37617 172321
1 117279 36787
1 193495 173191
1 37363 101279
1 83449 136472
1 51159 863
1 161673 81878
1 187399 56777
1 151819 27075
1 154386 28969
1 1130 3615
1 82588 151138
1 115293 20771
1 191633 18051
1 96251 75006
1 51692 45609
1 100187 36431
1 159784 50453
1 183855 16675
1 68868 19853
1 133411 154417
1 143293 196792
1 2098 127634
1 117256 123509
1 167944 154309
1 98318 9852
1 49374 59747
1 161771 31865
1 185170 120799
1 179817 185060
1 92166 159234
1 177018 45669
1 111674 183140
1 87348 139047
1 75309 149933
1 184592 16827
1 25457 103630
1 113125 163823
1 180813 40123
1 130145 106927
1 2264 18282
1 147529 162012
1 163923 124305
1 193010 164651
1 182791 109468
1 172991 139776
1 157728 81133
1 127133 23371
1 128585 69527
1 148860 103522
1 164552 56285
1 63631 43680
1 49435 25832
1 9927 103677
1 194516 196743
1 121548 59950
1 32883 25194
1 130364 39424
1 90370 16609
1 83687 67568
1 61877 163601
1 61067 162254
1 121921 49975
1 159565 65362
1 94909 47394
1 2360 158781
1 197304 157483
1 26361 87284
1 156506 149366
1 43802 184857
1 169279 143022
1 190719 16171
1 2831 129789
1 90463 73312
1 44130 162826
1 34627 98625
1 114067 170679
1 51204 141382
1 6370 43674
1 22721 63026
1 84432 35899
1 87199 5040
1 92278 160334
1 171782 89071
1 96933 62066
1 108184 14907
1 39812 15402
1 111603 84061
1 133734 148378
1 78953 119541
1 74859 46021
1 2174 157077
1 71193 87302
1 26468 34400
1 96571 112333
1 142323 16163
1 127929 58395
1 56235 119668
1 57976 82879
1 25133 62026
1 87029 175442
1 152375 51548
1 64157 14257
1 32352 61116
1 24815 122427
1 114003 117237
1 185237 157963
1 22096 184164
1 1472 60214
1 89441 161045
1 57602 145223
1 36569 195870
1 171056 2617
1 26514 142464
1 6584 50614
1 123943 30268
1 142976 131599
1 66096 128882
1 167489 161148
1 192253 145025
1 5859 135510
1 55062 75867
1 114713 194193
1 817 181927
1 199358 67902
1 5299 51548
1 78897 769
1 108780 98587
1 47534 73807
1 13389 104268
1 166766 34667
1 25516 174205
1 105664 171745
1 124795 3576
1 143913 97411
1 79556 183523
1 26745 26532
1 35496 11612
1 25838 132114
1 87384 83221
1 152014 12376
1 132308 15213
1 115647 112243
1 9060 199760
1 6506 174995
1 56340 94801
1 118289 151766
1 60980 187142
1 66605 95808
1 189903 419
1 44555 111806
1 129003 99674
1 183337 170909
1 81793 199666
1 187853 169349
1 13310 53606
1 107941 35706
1 62715 53249
1 71973 194453
1 194616 137783
1 135516 44286
1 170527 77766
1 116889 153902
1 7159 92621
1 4477 176740
1 20134 35309
1 34850 126693
1 179179 20702
1 169963 53112
1 59611 165268
1 168556 77665
1 114651 74131
1 20477 144413
1 13087 160015
1 197337 23710
1 174946 170183
1 58045 34568
1 91557 179235
1 195582 189484
1 91820 165517
1 30570 64324
1 68150 22733
1 10147 70703
1 151996 27240
1 15288 57774
1 172140 74042
1 170309 165727
1 105575 110227
1 198605 134585
1 143417 132047
1 31510 97032
1 15256 42681
1 142980 175465
1 53792 16673
1 89849 71752
1 64524 162619
1 153900 12314
1 100408 61755
1 156872 58966
1 4822 168303
1 134599 177528
1 191918 105821
1 131216 90487
1 11610 130910
1 59085 23365
1 67585 28857
1 132753 197705
1 173523 125379
1 156265 186137
1 88646 77047
1 33601 8442
1 137167 152017
1 89977 138588
1 57124 132208
1 27016 29712
1 54640 170988
1 165265 71948
1 61271 195700
1 129219 116193
1 79147 16684
1 43510 64123
1 141359 104774
1 3332 125146
1 135819 19103
1 198245 187727
1 76688 174109
1 159950 58810
1 133229 67334
1 69643 94978
1 178225 104611
1 12059 151958
1 170371 24021
1 13708 31266
1 129760 147959
1 37592 36373
1 75668 99254
1 107839 72337
1 68090 167277
1 44902 189171
1 51320 145349
1 86959 63684
1 142581 11915
1 4121 93824
1 170782 165651
1 7769 5126
1 17177 149644
1 3386 56159
1 16008 28453
1 159090 124660
1 178368 115295
1 71046 130186
1 35403 52339
1 5153 100416
1 29148 67047
1 11055 134923
1 123729 125996
1 97983 82992
1 51503 25210
1 51993 137219
1 172569 31086
1 53916 15391
1 196818 151908
1 87644 154213
1 64756 102481
1 159035 97208
1 54705 68195
1 40134 192569
1 184137 21468
1 153170 71616
1 39435 119787
1 61784 41436
1 103568 1484
1 28941 169227
1 89780 59297
1 158854 162684
1 175960 101522
1 119627 68228
1 135125 126306
1 43577 126878
1 67778 103955
1 157854 6760
1 186729 131835
1 101391 92506
1 26309 148135
1 65356 26953
1 121600 27057
1 157400 76764
1 64299 45917
1 93458 123085
1 172286 64633
1 139096 77347
1 61137 145716
1 77534 142702
1 163418 1982
1 173578 196611
1 90153 55778
1 107539 48058
1 128865 187808
1 197401 116197
1 103161 29006
1 183751 402
1 88691 35889
1 27751 98244
1 176411 134424
1 177605 97325
1 115075 122360
1 27848 166896
1 163645 40718
1 205 164885
1 59161 80369
1 144646 844
1 79136 173622
1 128914 160999
1 30929 114057
1 75037 42002
1 91547 34889
1 168825 137365
1 114139 95140
1 134398 69196
1 126488 147955
1 41311 119141
1 180796 114456
1 165325 78234
1 99667 26455
1 36753 110385
1 4233 9010
1 2469 48049
1 101536 149895
1 27475 72486
1 38641 135214
1 32402 51096
1 125284 108943
1 65308 128008
1 115634 94273
1 121876 37227
1 138713 169577
1 151063 42091
1 53088 47505
1 87712 170395
1 24653 15303
1 129057 105273
1 53860 47225
1 39904 123050
1 76897 130958
1 98959 26737
1 53048 4744
1 8944 182576
1 35020 97496
1 11239 54884
1 146414 64128
1 190433 115355
1 175576 186671
1 192165 131256
1 114025 13658
1 163448 24873
1 107681 66711
1 129782 144294
1 193568 6334
1 96942 134062
1 43867 66819
1 94334 165822
1 178272 89677
1 126575 103891
1 71691 96732
1 53651 20512
1 37640 149722
1 189085 22674
1 5707 56127
1 105665 4611
1 32717 2667
1 172941 187197
1 28233 104894
1 172870 7473
1 46134 184250
1 175239 2742
1 87622 31388
1 175766 118918
1 170335 56760
1 183432 21686
1 193113 128979
1 187223 193014
1 37240 105862
1 103489 45961
1 138219 71952
1 66468 116358
1 57221 151612
1 164247 111823
1 28155 34292
1 42443 58832
1 14942 113316
1 103971 169338
1 88729 100883
1 143057 63681
1 181614 175358
1 68210 33748
1 55917 37878
1 150635 174044
1 154678 96956
1 50500 63672
1 59888 56795
1 6917 144631
1 65737 40197
1 37839 41942
1 31279 135922
1 121597 61115
1 11919 118197
1 82427 4914
1 153486 50591
1 107942 181607
1 21765 1369
1 167013 134372
1 162496 94077
1 29576 18956
1 164921 135541
1 71903 16407
1 124882 76695
1 93852 113039
1 68241 77503
1 53676 91916
1 49759 177327
1 148818 103980
1 185411 165347
1 73926 111254
1 58907 91065
1 18766 163376
1 133339 154816
1 97562 168221
1 20618 127518
1 184420 33020
1 180347 96808
1 170185 140318
1 61512 131516
1 39010 26822
1 77972 39714
1 38054 35559
1 145601 42595
1 164548 83545
1 134896 59881
1 164029 182685
1 47993 149528
1 32703 107859
1 125226 111915
1 186824 22648
1 20867 105107
1 119738 123812
1 1714 69389
1 127418 97092
1 88203 144962
1 195278 107476
1 137675 16740
1 85878 81824
1 86479 71238
1 22667 94652
1 121487 64124
1 147542 57473
1 119391 123252
1 95412 33993
1 165096 102739
1 151015 31469
1 5539 96339
1 171583 183870
1 26263 57565
1 185258 126786
1 101715 177954
1 131608 127793
1 107439 6975
1 29459 173039
1 191103 132433
1 156317 77707
1 99864 119510
1 146380 133176
1 1223 191877
1 172962 45898
1 56846 22575
1 10672 44468
1 121185 56727
1 81709 169473
1 30561 176078
1 15058 21264
1 50392 122835
1 55801 53332
1 134070 90282
1 2037 71116
1 90314 99451
1 172980 144575
1 190018 12078
1 3284 88058
1 37031 86084
1 113731 42062
1 103124 29623
1 70746 80837
1 153143 86742
1 17851 50660
1 37898 136475
1 50985 111014
1 186450 189966
1 20519 189046
1 64344 98142
1 36373 97262
1 94503 97981
1 68743 78927
1 176135 16956
1 63848 141313
1 161016 78888
1 30734 131596
1 141362 61860
1 126621 46551
1 85467 41032
1 134433 137376
1 23688 123129
1 48807 29883
1 144889 50569
1 62749 95439
1 73039 135314
1 105898 198286
1 67856 194766
1 116559 133365
1 111069 13241
1 87743 120836
1 31346 151401
1 155771 183294
1 93407 85997
1 35954 116771
1 116230 87845
1 83928 127661
1 45397 54818
1 140933 92937
1 177796 193854
1 106320 138263
1 160529 38206
1 195116 104549
1 42427 934
1 145027 80423
1 25021 101340
1 150289 95354
1 127757 159168
1 155779 145562
1 137044 170506
1 75216 47329
1 149999 131174
1 81623 198722
1 122919 113677
1 55482 170054
1 79212 144037
1 3706 108294
1 44055 47898
1 37140 175016
1 19553 179325
1 77147 120094
1 104927 152349
1 62679 138844
1 82881 172324
1 106013 2265
1 29898 185076
1 190575 57161
1 130384 150658
1 140758 151257
1 94454 134322
1 132414 88171
1 25641 85556
1 163730 165971
1 115482 74079
1 165657 175186
1 23162 148236
1 143503 7186
1 15995 143412
1 198791 12258
1 33989 3725
1 181633 22835
1 121014 6370
1 175496 38099
1 113823 198833
1 159886 194920
1 147516 46026
1 129930 149424
1 54963 144805
1 32977 101688
1 53391 194116
1 92915 123354
1 30270 20106
1 73624 142203
1 40072 189018
1 111708 189828
1 54226 137140
1 123688 142048
1 90003 71372
1 132433 30710
1 50197 160044
1 170422 73256
1 113839 191116
1 97109 159437
1 96385 128048
1 172333 136747
1 142193 120129
1 120794 48631
1 93220 2607
1 188589 2640
1 15744 7623
1 98443 37049
1 84960 158544
1 152969 93271
1 96792 197931
1 25541 170220
1 91050 106410
1 11846 153809
1 30921 64689
1 107351 6329
1 196941 22859
1 85728 93733
1 46262 79
1 21959 104226
1 188070 184628
1 57991 157899
1 132825 39601
1 193870 69563
1 78439 1113
1 38812 94226
1 53820 41141
1 193433 111467
1 111638 183459
1 115639 112859
1 123648 193263
1 16840 143406
1 4941 57648
1 142114 127581
1 63512 54309
1 167729 177747
1 175354 4816
1 104092 172194
1 87628 102418
1 125916 165440
1 159519 73608
1 190617 160519
1 192376 5605
1 162439 195116
1 74385 91728
1 199359 111806
1 88397 182976
1 7073 42594
1 45242 43222
1 192361 19405
1 99021 112315
1 166609 12546
1 149721 157051
1 184550 137038
1 93329 117537
1 12974 136001
1 98111 34067
1 184313 23471
1 162948 144560
1 155270 88486
1 104274 7464
1 138585 158577
1 161383 35483
1 23065 128142
1 87564 157302
1 93424 81323
1 171982 65098
1 106909 133415
1 75323 5486
1 136093 153735
1 166623 71702
1 92155 118518
1 95168 192437
1 17907 28673
1 177880 178576
1 130766 164243
1 10770 187171
1 21946 124909
1 57480 157753
1 23465 142697
1 167291 174983
1 22444 163760
1 80146 98825
1 104271 20217
1 69399 61664
1 56503 80196
1 120560 49578
1 73531 5527
1 3034 184035
1 47936 189111
1 40044 51644
1 39704 49769
1 91017 174074
1 151964 60778
1 148134 188497
1 57160 120685
1 121086 148225
1 45014 178068
1 157075 110832
1 23263 70578
1 55399 90121
1 99182 55039
1 81402 198164
1 65254 8795
1 20805 147927
1 42391 41863
1 34615 153452
1 169115 156321
1 131183 57188
1 1718 65248
1 3130 45211
1 7470 31632
1 146062 11740
1 122407 61903
1 182791 60600
1 129795 101192
1 161441 61473
1 123578 186542
1 34998 85005
1 199349 47547
1 28537 181256
1 65520 86250
1 13106 170969
1 74319 131827
1 115964 172761
1 102720 101383
1 48764 100304
1 99987 155787
1 162020 189201
1 14487 22873
1 100647 18584
1 11317 16307
1 17406 125729
1 114001 42314
1 179228 83467
1 101535 140271
1 118061 140078
1 139395 32728
1 29141 81850
1 176045 129943
1 88935 52881
1 152947 42966
1 100260 50407
1 199344 214
1 20726 135319
1 29532 19433
1 21227 148680
1 2925 34285
1 73014 70272
1 28525 166603
1 112867 71112
1 96157 75951
1 123483 183234
1 32713 159305
1 147416 18119
1 79084 2757
1 95146 156869
1 16582 192711
1 38569 193432
1 182780 47337
1 46012 195175
1 119088 150712
1 101259 180992
1 31521 138221
1 188993 108471
1 45829 137256
1 58757 132988
1 32421 11827
1 99897 60667
1 62201 71541
1 105523 20473
1 189124 90996
1 33979 130924
1 193010 79184
1 53701 136219
1 6895 30716
1 87088 67895
1 112010 91134
1 5631 73465
1 83467 98282
1 49238 26173
1 15250 69787
1 145528 142877
1 172017 186099
1 154752 86930
1 152075 140755
1 79197 137159
1 127470 180125
1 27667 144191
1 133869 80745
1 159214 178985
1 7874 65414
1 112136 186497
1 143395 81971
1 108478 192106
1 25827 152861
1 42287 180490
1 89099 44058
1 74613 149861
1 39481 194918
1 45544 39293
1 61752 6493
1 94608 31593
1 99745 48184
1 182889 181749
1 89329 68492
1 145117 124985
1 64620 180480
1 112061 136573
1 125170 184719
1 77377 41548
1 86239 102654
1 74178 59542
1 199016 37662
1 105396 76236
1 167731 163205
1 12200 53878
1 183799 158537
1 19650 190360
1 132373 158013
1 157623 22918
1 6518 110256
1 67338 178564
1 72357 176290
1 46471 159073
1 116527 164361
1 17408 100245
1 145017 97989
1 77256 166682
1 186593 123679
1 163629 97352
1 180697 5832
1 41594 199349
1 60672 77904
1 20780 95499
1 167618 31204
1 29747 11498
1 20914 142924
1 67629 108864
1 182694 121828
1 97310 21415
1 168082 199323
1 196595 10111
1 115752 164777
1 176696 66061
1 185455 123669
1 32280 36051
1 127586 21159
1 105108 140272
1 187212 163369
1 113285 65018
1 128673 114980
1 187606 186330
1 8031 53273
1 100029 48231
1 89126 84414
1 110650 170951
1 181652 150779
1 130898 63618
1 69093 131428
1 186380 169703
1 99145 112824
1 80556 66340
1 102087 15065
1 164847 76001
1 168722 590
1 99015 106718
1 81065 171319
1 186712 53517
1 179828 160207
1 42931 120753
1 149149 162472
1 47314 60215
1 131756 188514
1 30100 158421
1 35430 89900
1 113146 116897
1 107048 186751
1 186146 49332
1 98879 93016
1 56259 17983
1 175050 184053
1 57960 111085
1 73811 147795
1 197425 50171
1 35562 14566
1 39431 159700
1 122500 95193
1 48479 167153
1 151379 70471
1 124275 74736
1 195750 137466
1 23355 141810
1 82754 57315
1 24946 78586
1 49154 82074
1 184007 30083
1 28909 135831
1 171042 10594
1 34710 110001
1 45657 61725
1 191992 100757
1 66801 99018
1 177041 24970
1 194393 173740
1 155263 151268
1 60773 73355
1 3162 138822
1 91655 125074
1 143697 95068
1 144724 117038
1 137737 77848
1 168437 27812
1 152753 148652
1 161387 5362
1 145002 52296
1 93639 58346
1 160598 109206
1 34793 61259
1 77055 151219
1 116856 82273
1 14762 85615
1 49634 146526
1 65020 86471
1 73366 122490
1 172557 70626
1 35007 102920
1 117898 80010
1 107459 78298
1 131537 181548
1 170555 144023
1 54535 44050
1 153268 64346
1 2109 191007
1 92646 61325
1 15619 124364
1 157940 25991
1 43596 44385
1 94884 152738
1 102211 5111
1 145440 7329
1 4140 80620
1 59181 171841
1 10047 11303
1 25770 156765
1 27266 191886
1 48012 197960
1 30438 73285
1 136856 151589
1 187619 172457
1 19554 93066
1 166423 79052
1 112324 30230
1 33435 72562
1 77410 123279
1 27815 28364
1 112796 150655
1 104296 74740
1 93204 199248
1 158240 118889
1 68962 110566
1 171582 184844
1 4052 156029
1 106878 86874
1 77867 2756
1 183427 163436
1 69203 169849
1 131058 84589
1 107362 134790
1 158865 163930
1 88019 109851
1 9953 156223
1 47556 26765
1 154553 145328
1 15725 5933
1 48036 171718
1 176611 71148
1 148540 191516
1 177869 80495
1 103175 24777
1 17829 37551
1 113618 43487
1 28594 22483
1 40012 94565
1 102852 12624
1 40037 88593
1 8304 35072
1 173480 89736
1 159182 178945
1 181909 198873
1 113584 90769
1 68611 76087
1 173860 184616
1 81332 198455
1 138669 50325
1 178554 116362
1 54333 189852
1 30858 126460
1 1078 163407
1 55134 131309
1 152035 131947
1 89296 89486
1 110321 98997
1 170868 156575
1 169010 172758
1 6262 32359
1 56597 108851
1 37877 81012
1 32670 170513
1 88159 140117
1 6637 12071
1 78222 71573
1 171436 98309
1 67362 106937
1 185689 84581
1 190111 43964
1 22710 9359
1 32521 160010
1 156942 149619
1 136638 122811
1 34218 169921
1 80403 190162
1 144851 106955
1 130099 7285
1 115658 122847
1 55540 162733
1 35652 100126
1 148347 199201
1 197739 3041
1 171218 176015
1 156113 140174
1 123335 46796
1 122295 144629
1 63752 118077
1 76670 128049
1 188989 160918
1 50477 199740
1 165477 38353
1 171619 125778
1 113780 78961
1 2654 165258
1 56172 106681
1 170924 30513
1 153786 8231
1 157423 163368
1 31571 132662
1 159448 82240
1 58831 88020
1 145948 124500
1 144134 70175
1 179003 164839
1 103465 141798
1 63922 160574
1 57955 177693
1 44925 120703
1 12080 36066
1 29330 112267
1 151677 139695
1 106523 12696
1 171394 8031
1 61427 169171
1 3164 6182
1 114340 122037
1 164270 32267
1 84062 120292
1 43897 104168
1 124539 90701
1 196795 190052
1 64114 57471
1 106501 168046
1 186969 30282
1 134176 116222
1 126688 17433
1 45985 146696
1 7434 165324
1 128971 23681
1 149486 90073
1 112357 178838
1 149741 15397
1 47580 86506
1 91189 104798
1 77532 130895
1 88055 182684
1 191977 75719
1 128869 165048
1 76995 33404
1 153839 150572
1 36155 146430
1 7422 51564
1 11536 92092
1 35121 11780
1 99917 117701
1 119127 39859
1 87079 166784
1 145709 63879
1 195538 107433
1 170969 5689
1 137700 65293
1 150631 27339
1 180142 104649
1 179139 51488
1 22 29951
1 57975 69852
1 125049 1882
1 22501 127165
1 89664 161923
1 58184 159096
1 109569 39458
1 18215 76951
1 179993 30298
1 41051 187283
1 189319 153983
1 30722 21165
1 191691 30811
1 19651 83666
1 182975 128480
1 31171 190063
1 185269 177007
1 17384 169490
1 76563 61513
1 717 160578
1 191659 193364
1 152198 196001
1 15134 64658
1 163222 147583
1 147123 55581
1 32494 105153
1 167283 114534
1 149735 60531
1 180872 83054
1 94722 89514
1 73302 152133
1 130335 193310
1 131801 178755
1 22587 143431
1 179455 6020
1 38830 101110
1 36936 127976
1 39077 160693
1 138909 17355
1 9308 37027
1 100462 176961
1 119071 28874
1 37711 142036
1 189954 112258
1 86931 165505
1 82269 38986
1 122154 106480
1 193037 48356
1 167800 95988
1 167656 185713
1 7032 119940
1 192256 192142
1 43664 43256
1 130523 53679
1 38453 171654
1 185841 33657
1 94848 71997
1 129766 95717
1 86353 96450
1 143305 59666
1 93797 122059
1 116492 31146
1 138035 143257
1 126662 10297
1 171852 23226
1 20583 138379
1 87539 165183
1 18938 117060
1 164474 136057
1 104225 80772
1 7902 4730
1 77260 195963
1 117348 146570
1 128698 41290
1 52148 104424
1 96436 68316
1 147701 171075
1 57991 36355
1 193130 120
1 65026 154710
1 120461 115469
1 104623 198346
1 76138 103406
1 146710 132175
1 101246 91878
1 137647 54638
1 5456 6113
1 63014 51681
1 189391 159521
1 178965 173426
1 139117 1918
1 106557 37078
1 198587 105314
1 135558 175372
1 91654 39876
1 11320 96178
1 184945 47333
1 53178 16040
1 99476 162952
1 75466 190824
1 131732 25334
1 3644 55972
1 147204 170225
1 76343 47329
1 134139 50360
1 43053 94483
1 177910 141819
1 45211 99963
1 45488 188512
1 52801 117181
1 161792 88631
1 68194 128133
1 179570 48697
1 31038 33372
1 81642 98375
1 14735 94982
1 184053 155808
1 4994 108766
1 150705 38563
1 92983 198261
1 197663 150600
1 183035 15720
1 27462 162457
1 76549 111232
1 169867 68789
1 45487 9999
1 87502 57543
1 42870 121928
1 76616 112386
2 126034
3
