200000
1 121623 142440
1 107175 101486
1 21549 142273
1 154938 179936
2 112896
1 97138 156878
2 127655
2 136001
1 102027 841
1 82049 68155
1 155667 33467
1 177190 168489
1 146180 169827
1 149742 46384
1 167856 2977
1 181177 18065
1 91036 161991
1 173965 44455
1 132727 135480
1 31157 124388
1 100764 157378
2 120025
2 109629
1 74040 154233
1 169186 189182
1 155476 154741
1 116811 125181
1 188620 175504
1 8224 137949
1 66162 143353
1 13184 140868
1 103506 90054
1 145990 38646
1 68166 25008
1 105991 16117
1 98269 176086
1 125198 94552
1 65837 94449
1 197975 96874
1 32756 188947
1 166153 147654
1 165366 35431
1 102777 143792
1 51795 64548
2 6236
1 4398 146151
1 54667 120587
1 94077 16167
1 48903 80509
1 174766 112953
1 30355 110464
1 161767 88980
1 186827 29560
1 26549 37337
1 139310 120860
1 181324 67504
1 152244 104302
1 193025 75943
1 50541 94523
1 109382 99400
1 159771 131091
1 21861 49145
1 85521 162057
1 84415 82072
1 195148 115117
1 162757 93719
1 39186 133833
1 75639 11861
1 120841 56538
1 23965 145406
1 174362 66960
1 28803 8357
1 197895 81993
1 76409 13472
1 197897 91017
1 35914 130467
1 38254 152701
1 175612 87776
1 19569 56434
1 105225 191134
1 21147 31248
1 98652 198936
1 167577 193435
1 162638 144665
1 113631 14636
1 105697 30613
1 36860 20716
1 157374 92746
1 36159 115217
1 60844 125080
1 30346 180381
1 183185 96797
1 132468 3604
1 1900 180180
1 115684 81405
1 148498 1648
1 150122 112476
1 150825 91125
1 140129 50478
1 121314 58263
1 9540 169701
2 35835
1 156943 17293
1 108643 87220
1 193078 10004
1 92446 42897
1 9518 138535
1 176203 18513
1 125527 169957
1 38495 123117
1 174560 127712
1 9075 69076
1 146434 136947
1 86173 74020
1 187770 103713
1 64847 159148
1 189254 156528
1 153780 151649
1 94947 104708
2 160073
1 136453 45189
1 79948 953
1 124069 142231
1 35955 170237
1 80779 130165
1 165221 114546
1 164485 191974
1 122717 175036
2 38169
1 133230 68818
1 34887 21280
1 122322 115063
1 4196 119521
1 170075 22576
1 100108 143025
2 120793
1 53027 55669
1 94381 192311
1 4263 140436
1 108224 147221
1 15088 175775
1 64585 53162
1 132358 153729
2 175786
1 117089 61588
1 109088 185487
1 135980 155783
1 83294 197290
2 172060
1 32578 13918
1 33534 165809
1 159412 15550
1 142085 92732
1 32495 108129
1 66996 161053
1 45986 132944
1 69783 112828
1 183325 50003
1 199021 194757
1 180485 80524
1 147845 36840
1 77847 8276
1 31702 137104
1 89505 135000
2 107491
1 104466 97406
1 164069 133520
1 199622 129553
1 151562 191231
1 158864 33541
1 81766 187311
1 149146 190467
1 197362 58390
1 100986 143284
1 54903 1020
1 161101 180857
1 91083 84251
1 153043 1575
1 146192 77429
2 121738
1 144517 197354
1 191489 16269
2 176223
1 137737 128194
1 154395 103978
1 179263 163198
2 131054
1 128104 64863
1 68239 56430
1 8618 114504
1 76034 669
1 98240 132302
1 189041 135382
1 13720 2323
1 31977 11656
1 113103 125476
1 4049 53174
1 140259 25686
1 175886 98350
1 34357 198626
1 193500 146825
1 18307 121342
1 24554 25700
1 3555 100924
1 31094 191389
1 179779 155687
1 120170 33872
1 9695 118555
1 88694 119955
1 50051 191270
1 191022 30704
1 34115 124701
1 119462 36515
1 145080 54016
1 6860 95059
1 154813 16466
1 44422 96084
1 191338 198386
1 107340 151133
1 188815 15999
1 155656 42630
2 43763
1 52967 146092
1 56174 5582
1 57011 113875
1 131352 109508
1 168127 111131
1 34108 10916
1 179936 73858
1 2353 58466
1 53027 100800
1 29241 39504
1 39307 124388
2 130598
1 38677 147275
1 139602 109
1 161182 50243
1 111522 139336
1 177930 103422
1 127540 45265
2 119880
1 139136 67217
1 136723 142650
1 12327 77496
1 18794 160715
1 114524 142424
1 98646 103629
2 112800
1 112604 39654
1 71427 137262
1 131122 14053
1 72242 36243
1 191357 2200
1 125725 82506
1 170689 71611
1 199050 188315
2 147586
1 166359 192000
1 132034 73374
1 174444 49483
1 200 121322
1 138480 9011
1 163154 1809
1 29536 152057
2 80341
1 118903 131998
1 110173 119506
1 164393 647
1 153191 69647
1 129959 72662
1 182634 63634
1 197378 131517
1 143225 131743
1 75043 36418
1 122795 177523
1 153850 2647
1 86206 21440
1 155012 93054
1 162283 88489
1 135044 27228
1 138890 101505
1 152762 177691
1 21416 1
1 65256 154949
1 156006 127880
2 40965
2 6860
1 95383 75553
2 168898
1 199504 138571
1 24316 79808
1 61210 144988
1 70402 192054
1 91384 65239
1 34761 74221
2 154704
1 145022 492
1 173106 172290
1 63842 30952
1 67289 81927
1 7181 186520
1 18464 64649
1 18143 35565
1 5840 91266
1 98552 158065
1 152410 87320
1 73434 126653
1 168597 151096
1 102594 43384
1 39419 73393
1 111364 123794
1 32290 167379
1 77926 4736
1 190583 108424
1 187774 156217
1 134848 196659
1 22607 93746
1 171539 181191
1 173856 177110
1 129106 161258
1 24734 149128
1 189737 97482
1 101364 192092
1 93641 172543
1 25001 3860
1 66278 124514
1 63034 90200
1 157743 53549
1 8185 28280
1 149710 51796
1 60004 41829
1 33055 56099
1 183305 194413
1 107444 18392
1 120474 60919
1 136585 143683
1 113740 138175
1 113605 47197
1 184053 116819
1 51889 163174
1 153957 172429
1 92860 195778
1 108549 109010
1 64431 37397
1 183535 160844
1 146477 193820
1 194317 10020
1 188206 179343
1 116405 181891
1 107197 172917
1 119172 148233
1 115823 119367
1 195193 51854
1 86245 14729
1 176148 70296
1 99077 175333
1 135087 24925
1 60469 129929
1 9052 94010
1 6104 79299
1 50496 148083
1 128269 117594
1 3760 140461
1 154085 123951
1 192778 197930
1 31139 1429
1 119318 166212
1 79162 8110
2 18333
1 80577 141123
1 33867 137737
1 107903 188860
1 82218 83262
2 99112
1 17264 146321
1 73990 152438
1 175919 37056
1 107495 199118
1 129926 112165
1 147642 153300
1 190140 150868
2 182747
1 74529 66481
1 33608 99488
1 57955 75694
1 41968 35858
1 91797 196558
2 196172
1 53961 39504
1 164608 119882
1 94668 155694
1 43071 107215
1 14278 80328
2 8016
1 48542 165123
1 191574 90426
1 150465 26356
1 5869 57421
1 193806 198088
1 102527 144350
1 186452 39113
1 158145 195972
1 78841 4537
1 104982 117587
1 16240 171566
1 22501 77080
1 100798 21482
1 98235 114133
1 171693 42494
1 25315 99646
1 143825 119649
2 40388
1 73447 152763
1 196903 180411
1 20657 166331
1 156161 103289
1 1134 12378
1 44207 158303
1 39173 150614
1 8696 60375
1 132318 35552
1 107562 36470
1 14202 67156
1 188115 84368
1 80916 169080
1 120192 69915
1 9272 119224
1 7093 50951
1 185315 126688
1 102061 136541
1 83612 121177
1 176339 74454
1 94162 158568
1 179457 146814
1 46839 53092
1 194424 46986
1 182940 82743
1 184352 100599
1 147982 35737
1 78786 145124
1 171888 158280
1 111874 101489
1 20954 4683
1 113953 90200
1 8113 156647
1 143347 17035
1 140936 52322
1 143964 40591
1 13942 132599
1 136914 183256
1 55416 106714
1 90126 192294
1 81929 173677
1 158355 100128
1 94015 44227
1 15075 40431
2 47209
1 176528 25726
1 189491 138535
1 70236 55390
1 70392 76426
1 164751 41456
1 162749 138605
1 159552 133140
1 67520 175122
1 199010 77720
1 176064 384
1 145823 40880
1 50680 184924
1 146483 85497
1 152606 65158
1 155147 61615
1 111004 121335
1 134814 52588
2 117900
1 15507 169355
1 72833 58938
1 191167 9716
1 11692 152469
2 30480
1 85683 121714
1 142686 163383
1 93068 144219
1 166727 94748
1 184919 46587
1 183693 10902
1 171659 179083
1 103450 110761
1 38174 95179
1 100688 146948
2 188036
1 141469 50148
1 87418 1066
1 87225 192314
1 159144 65778
1 151170 107779
1 97506 196592
1 26921 159571
2 184495
1 47412 185247
2 181593
2 13307
1 47446 42453
1 39882 89153
1 166582 157555
1 46825 132968
1 130846 174830
1 15542 90558
1 121500 48708
1 3874 105897
1 96303 145922
1 168932 194215
1 190524 13667
1 83793 189061
2 197198
1 176475 90105
1 162599 116627
1 37150 178180
1 18324 123540
1 135961 108366
1 47544 5427
1 136390 58304
1 156389 114730
1 17158 198384
1 7820 3970
1 189153 80250
1 39706 108819
1 49599 145823
2 78290
1 84254 176614
1 85032 116075
2 179477
1 80592 11050
1 5290 94857
1 177865 145817
1 32827 12359
1 108269 103417
1 27505 92886
1 127505 49836
1 42079 919
1 5843 95735
1 144071 71196
1 52218 168179
1 63132 16585
1 9617 144656
1 145398 41193
1 155649 88402
1 18646 89107
1 181037 184773
1 166939 64190
1 71571 92740
1 95748 33441
1 78112 81770
2 176488
2 7579
1 77271 66172
1 124946 68188
2 74278
1 155043 29190
2 89883
1 106464 10627
1 197387 75827
1 25222 75366
2 176783
1 108922 76920
1 59033 111191
1 90214 23822
1 113482 66315
1 30283 114448
1 6002 40550
1 186079 57865
1 152430 70957
1 100412 27562
1 43313 32498
1 26903 185890
1 175842 95497
1 71295 87675
1 54904 46793
1 74713 46711
1 122324 113798
1 30106 159083
1 97439 93836
1 193861 138011
1 82021 115295
1 47591 16151
1 141617 36402
1 95952 54805
1 121770 180838
2 104980
1 34459 113068
1 191844 100225
1 47807 52714
1 127709 115042
1 15498 181956
1 171300 159861
1 188677 59172
2 50144
1 105137 65213
1 162299 49940
1 91930 97280
1 80595 177849
1 166015 163994
1 39958 7389
1 137665 163857
1 78333 93116
2 56229
1 53116 27277
1 40158 71725
1 61205 96271
2 107022
1 45467 17553
1 162531 122880
1 139940 37797
1 171468 16605
1 39602 8909
1 70390 64028
1 26701 37738
1 31876 138877
1 139035 172442
1 83661 5894
1 158811 153177
2 72312
1 120737 79651
1 26177 65174
2 9729
1 156 167347
1 29435 93708
1 131609 187396
1 151092 143810
1 166159 86293
1 191985 119320
1 996 84130
1 12421 143438
1 34691 170554
1 189672 140755
1 188660 118081
1 124730 169370
1 170429 162723
1 173436 163709
1 27769 139227
1 114252 57362
1 148406 127140
1 62177 74572
1 166867 62589
1 48583 128596
1 19610 67939
2 52508
1 47878 67932
1 109450 48779
1 143606 128972
1 63014 58951
1 51969 46365
1 185127 147914
1 103258 61022
1 29000 118032
1 36937 149461
1 13549 111182
1 101289 17051
2 124357
1 53041 65759
1 152369 23453
1 168394 85021
1 150195 116871
1 17516 199191
2 19020
1 163879 16684
1 155643 26241
1 112659 73484
1 199244 193895
1 31599 120469
1 139701 67489
1 138158 51890
1 56038 18076
1 156706 52240
1 176708 88840
1 27511 55028
1 93759 185304
1 113517 15581
1 117813 6333
1 188054 31451
1 17868 45214
1 177680 49774
1 127499 113948
2 129220
1 84047 60217
1 151727 112542
1 33500 58040
1 3137 81486
2 180815
1 40051 16618
1 156717 110903
1 95916 143530
1 18701 104621
2 92906
1 104688 152772
1 196917 4792
1 27989 48685
1 33012 135354
1 45504 17331
1 189617 95335
1 12050 136746
1 78108 21320
1 173714 37104
1 55329 19638
1 48042 79749
1 48133 127568
1 133407 73255
1 122815 137339
1 41361 64306
2 125331
1 17097 97587
1 171705 185653
1 42890 69515
1 108158 111837
2 142993
1 13746 44267
1 73625 150782
1 115035 55619
1 180267 136099
1 33246 68577
1 16573 94563
1 143429 78197
2 186345
1 34488 51768
1 188673 30895
1 44699 110109
1 94353 16494
1 41005 84014
1 116079 195237
1 752 147611
1 85310 161515
1 92816 34979
1 138532 158571
1 173027 32494
1 96741 85797
1 124133 90349
1 145155 187811
1 80626 189749
1 189526 148152
1 61955 191640
1 109607 109246
1 6189 68229
1 40145 91152
1 178584 179618
1 168027 1606
1 98812 31464
1 49936 28784
2 93153
1 151863 109728
1 181428 22487
1 27551 37436
2 3333
1 51732 2793
1 183645 66543
1 153867 26489
2 108915
1 33656 1213
1 61160 173985
1 7233 149410
1 94412 16765
1 105066 77258
1 184175 19321
1 44838 114231
1 57802 116703
2 156440
1 112749 37460
1 124830 3464
1 167944 170408
2 65819
1 146763 13611
1 14182 146984
1 173186 159571
1 136403 195377
1 158881 116848
1 11920 87430
1 108909 100640
1 76525 179840
1 17950 114407
1 182389 82962
1 76546 86834
2 187118
2 133804
2 195341
1 148177 137115
2 138077
2 164515
2 117396
1 39563 14453
1 37045 121316
1 32591 186397
1 48591 191871
1 117052 193987
1 54275 66339
1 44957 43744
2 136792
1 141605 7703
1 171829 47220
1 106232 34048
1 23062 194838
1 107735 94975
1 150017 147219
1 184257 113509
1 47780 116688
1 162456 86218
1 26983 66305
1 173219 117868
1 149706 161057
1 88962 195844
1 129151 22321
1 164848 21355
1 189129 44853
1 138559 50348
1 132501 196140
2 172175
1 177907 4505
2 93133
1 101556 58543
1 129164 151028
1 153894 114061
1 161092 69969
2 189442
1 23093 93955
1 49594 118800
1 179338 181567
1 77774 175603
1 168413 70228
1 108151 121101
1 163549 14269
1 35360 112981
1 156607 184982
1 141028 15222
1 55780 27601
1 1933 174635
1 41708 22006
1 197580 125656
1 17434 15583
1 64249 199019
1 35305 20147
1 204 12851
1 142126 66530
1 77596 67393
1 108975 27874
1 129239 77821
1 30851 92136
1 32001 82635
1 62058 109354
2 86001
2 43108
1 28627 182176
2 178396
2 72316
1 157246 96821
1 139487 121278
1 39931 134311
1 87510 145018
1 3146 147153
1 83650 198062
1 113480 30051
2 11188
1 116948 102426
1 146354 61132
1 37166 173321
1 156677 127665
1 67551 199450
1 192282 71826
1 164878 103474
1 168320 109979
1 27384 31209
1 8689 101050
1 193321 186476
1 813 66132
1 60796 158169
1 122136 18050
1 183895 51349
1 158742 122257
1 43361 131761
1 75173 56825
1 116423 62269
1 128059 2909
1 111727 148524
2 167392
1 63271 4666
1 161050 86094
2 185259
1 27065 98534
1 59160 190641
1 180498 139799
1 192427 174740
1 187386 112147
1 11267 24228
1 50724 179328
1 120997 145352
2 188424
2 21901
1 7122 100330
1 125395 80101
1 155940 21392
1 196431 83306
1 78275 44111
1 129439 144638
1 134905 173465
1 177181 104239
1 30320 98926
1 5768 197072
1 14988 142173
1 197505 35418
1 78601 90687
1 28613 3269
1 118294 182512
1 180589 196578
1 61746 194705
1 142564 134524
1 176260 44219
1 182119 196720
1 169023 185029
1 18818 141513
2 27063
1 40805 126281
1 102776 109822
1 32150 78293
1 92548 31235
1 196948 15489
1 98532 164523
1 85029 24228
1 145362 44913
1 197398 134673
1 82645 167867
1 52182 56460
1 95549 103870
2 194070
1 180712 5535
1 15252 31454
1 153766 161683
1 48281 3761
1 111954 27755
1 32494 2661
1 68628 101429
1 126741 185149
1 104825 198516
1 191386 83592
1 57293 165210
1 164431 37438
1 42997 71562
1 42630 157272
2 191887
2 77449
1 76464 148923
1 74768 48057
1 160602 105026
1 13928 119008
1 962 101408
1 197952 152483
1 61063 187683
2 15136
2 30437
1 62490 46392
1 197572 116543
1 32400 110542
2 84839
1 179718 130506
1 147356 109549
1 120649 178244
1 4240 51294
1 22105 23271
1 37853 108583
1 38932 136014
1 152143 152763
1 121424 183227
1 123118 26348
1 154677 119316
2 123451
1 146084 65308
1 144374 27371
2 119080
1 4364 13230
1 176435 84860
1 69200 165084
1 52038 33638
1 40323 108275
1 103603 71210
1 160586 187830
1 177045 91716
1 192985 82459
1 53222 189032
1 99242 18784
1 66978 103481
1 79616 127981
1 73952 158472
1 57694 7403
1 162861 195215
1 27842 30052
1 165675 163565
1 196583 158300
1 110952 96098
2 25211
1 161621 130690
2 185910
1 157484 155242
1 126758 107167
1 179441 62391
1 172664 154623
1 168456 27769
1 108640 104466
1 172928 86691
1 20682 176645
1 976 83554
1 36266 173648
1 60264 166800
1 186041 156880
1 122585 38263
1 80498 176680
1 16680 32200
1 133708 170714
1 18925 144282
1 14969 62561
2 165682
2 66057
1 22353 186856
1 117828 70970
1 101362 85805
1 112737 185999
1 64537 181453
1 195201 122344
1 151817 44732
1 34939 88891
1 90505 121511
1 83121 130861
1 135942 83121
1 158863 82348
1 149612 135852
1 4294 113424
1 76351 36634
1 93898 83634
1 38464 43366
1 137738 189452
1 92029 24925
1 196911 52114
1 195960 175729
1 192920 135440
1 194043 140592
1 172500 86661
1 13819 155073
1 87264 76735
1 164908 54112
1 138338 3831
1 162596 105371
1 27494 46447
1 167732 146444
1 191768 586
1 56898 149400
1 92930 68460
1 118827 28265
1 177863 69651
1 77016 13480
1 63711 2548
1 12831 9149
1 67732 29017
1 88477 52427
1 73086 139195
1 57105 38182
1 134843 160283
1 142843 87704
1 21554 157990
1 184565 24339
1 111944 177034
1 139025 40568
1 82915 126482
1 39989 187272
1 95135 10313
1 1843 157801
1 24973 81485
1 32620 112349
1 109235 44273
1 23271 60926
1 148417 194777
1 131181 147261
1 115280 39377
1 41704 5276
1 23265 12654
1 175420 160745
1 62932 190696
1 136741 175612
1 112998 161911
1 106002 2420
1 20527 68204
1 62272 74350
1 199964 146642
1 188251 102278
1 101737 177093
1 30290 183442
1 151714 46418
1 58361 24539
1 40859 178960
1 611 88926
1 98092 116286
1 11264 185220
1 12978 34782
1 48437 120861
1 111363 144913
1 183418 93411
1 121905 157044
1 32376 187629
1 197570 10875
1 198691 34993
1 144174 187851
1 10133 64958
1 137689 80349
1 11628 41593
1 154834 178000
1 185189 48152
1 155212 79182
1 111738 160028
1 56923 97188
1 182841 69651
1 163506 138139
1 12261 126222
1 112987 16218
1 25938 143455
1 13816 102016
1 156284 190998
1 146489 137853
1 163752 122812
1 123166 81650
1 44798 79183
1 72238 6282
1 115685 20160
1 157878 126167
1 20832 100203
1 68807 125296
1 116137 54742
1 22507 30794
1 173964 47917
1 78311 104917
1 8390 124731
1 187382 56986
1 734 4780
1 58371 101075
1 59843 88194
1 120104 147466
1 151335 90133
1 173286 15605
1 7195 184783
1 116453 178832
1 184556 112615
1 193453 185724
1 101566 128414
1 100389 156568
1 22950 103159
1 143883 35166
1 191692 180027
1 40627 75264
1 2690 21420
1 177220 77443
1 147359 199433
1 132784 143900
1 77088 323
1 135412 48777
1 156096 95421
1 71760 179697
1 140182 165642
1 105223 2815
1 47407 63522
1 32473 148796
1 128812 140390
1 180864 181804
1 83677 97493
1 80617 78634
1 51999 135375
1 81844 188999
1 112627 79113
1 29870 186336
1 144672 35984
1 164494 93374
1 82059 112130
1 55278 20531
1 61140 24010
1 175947 46770
1 109364 32091
1 72319 138030
1 82452 168624
1 123581 104887
1 112752 78594
1 118734 61457
1 135085 14411
1 178635 117846
1 184440 194553
1 111450 174414
1 153376 40181
1 97965 2893
1 30452 87254
1 111160 175693
1 42656 83424
1 17906 150796
1 188613 75713
1 62735 157927
1 12824 40654
1 45692 147319
1 77630 89082
1 41243 162924
1 74277 5336
1 107520 6185
1 80100 118931
1 91052 124639
1 66134 49770
1 45641 96301
1 15348 141616
1 177254 66679
1 30898 163523
1 138292 44549
1 53723 41420
1 108609 17566
1 110576 176632
1 29491 79717
1 68606 54389
1 156680 47412
1 26238 26352
1 269 132343
1 66993 39117
1 25372 101386
1 123388 1831
1 122138 143894
1 77378 129801
1 155376 185193
1 39744 188013
1 198409 43733
1 64046 92340
1 164172 193995
1 12179 123494
1 86043 120120
1 36328 81835
1 48397 120991
1 163312 127433
1 155304 38712
1 194583 165088
1 166689 79752
1 77898 72996
1 22295 31169
1 161622 160793
1 95437 175004
1 159300 73556
1 16424 36661
1 150068 128432
1 41961 39207
1 177721 100175
1 15660 174056
1 93044 182803
1 197153 95911
1 116404 17309
1 133834 161380
1 39628 135556
1 186868 175184
1 141878 21912
1 151290 36965
1 20904 21720
1 191287 53255
1 38965 16625
1 126731 66844
1 76903 18106
1 63633 77289
1 131866 91501
1 98462 101870
1 119707 185255
1 90365 112835
1 158465 195106
1 164202 182900
1 194826 26737
1 175053 143194
1 21818 42172
1 53561 158266
1 185777 140478
1 198756 140835
1 174348 174396
1 183400 123907
1 73470 31624
1 116153 13193
1 22831 29366
1 98985 89921
1 33556 131613
1 159386 33516
1 63311 101712
1 93250 7007
1 48201 178462
1 84068 80030
1 159566 103624
1 93197 175353
1 188904 32962
1 159501 78694
1 151744 149037
1 34424 48096
1 135666 198803
1 158044 151296
1 72878 151907
1 132228 98777
1 3543 88046
1 107053 187033
1 21270 103073
1 62536 152541
1 12287 74500
1 129009 190613
1 89064 70644
1 117998 44697
1 136838 190109
1 73770 72139
1 186761 87612
1 86706 135789
1 99257 22162
1 35889 1221
1 196178 168875
1 197096 108655
1 112925 15633
1 169521 81986
1 119439 26060
1 160309 96103
1 144486 181020
1 34475 23222
1 25282 8824
1 124563 85330
1 196226 70344
1 134131 1607
1 94880 56480
1 182352 1058
1 152717 30271
1 128751 77776
1 184784 72456
1 60877 168890
1 20444 196032
1 176861 198880
1 189105 177096
1 152577 135796
1 181110 61980
1 8523 96185
1 77459 203
1 14390 188061
1 10324 157944
1 25695 138324
1 144763 195922
1 159624 149045
1 131686 123600
1 180239 12505
1 117666 147504
1 41131 69234
1 10447 179697
1 39976 132394
1 46389 155214
1 102052 122876
1 191653 113724
1 82442 126871
1 173204 87719
1 179917 28721
1 124980 4648
1 51047 3049
1 163732 24906
1 11027 107680
1 161723 36927
1 14345 194329
1 22591 17245
1 16186 137488
1 122987 184669
1 6667 100056
1 67474 69526
1 111894 134648
1 75949 42614
1 54557 119815
1 162684 47298
1 721 64006
1 75867 196751
1 130499 130238
1 177059 79360
1 179561 12955
1 192452 158145
1 174165 115591
1 126304 21765
1 23153 83147
1 131178 69308
1 83646 94178
1 122496 7320
1 1230 81055
1 8325 165888
1 46591 107585
1 111683 36437
1 126330 91861
1 141248 131940
1 189867 99660
1 2975 56364
1 76290 177692
1 68345 103505
1 84267 25052
1 103420 133728
1 167561 129563
1 122499 89606
1 8633 102081
1 180343 109003
1 43461 134569
1 147174 90707
1 64359 35646
1 97697 115415
1 125119 53780
1 80475 92448
1 130327 30793
1 107264 32517
1 103382 22941
1 149843 169126
1 59330 13135
1 19915 12008
1 167227 199928
1 74223 139378
1 112820 189996
1 149168 20712
1 23091 783
1 6279 85223
1 130444 55605
1 75023 77314
1 37658 30206
1 63397 13051
1 70526 46640
1 144702 95172
1 110364 195925
1 194185 110007
1 130067 197528
1 37509 7956
1 46268 175835
1 9957 53434
1 72678 154715
1 81826 39976
1 58576 70536
1 6432 15924
1 177703 196254
1 179140 72012
1 122753 6984
1 75669 38381
1 188890 120822
1 96402 119137
1 173262 180797
1 25683 71678
1 163798 104303
1 146851 136347
1 119879 91707
1 147613 186836
1 7752 90119
1 27205 139585
1 105492 174668
1 150121 137138
1 20592 61682
1 127353 162094
1 111341 166828
1 39139 182638
1 87905 138133
1 50739 188564
1 144930 127564
1 11881 181489
1 101507 138125
1 3740 55030
1 29459 142865
1 165775 111609
1 66066 87975
1 165778 87211
1 125942 66899
1 107483 8984
1 171871 27815
1 91428 144352
1 132118 21601
1 117448 24565
1 94540 63428
1 33625 83221
1 55312 138106
1 81860 180808
1 133458 170985
1 24424 43869
1 27863 124883
1 121780 52257
1 194300 20596
1 104832 178528
1 193455 149206
1 53293 84512
1 110251 38456
1 130559 4698
1 152180 120479
1 145531 13883
1 31571 35260
1 44605 139419
1 19922 165951
1 182364 28605
1 136826 66363
1 151232 83720
1 177164 162235
1 156035 198851
1 195006 1572
1 76999 94294
1 52216 138316
1 168727 146624
1 142926 68698
1 153218 133396
1 126846 176031
1 153076 173112
1 97069 180596
1 60822 45856
1 30239 104212
1 128295 120391
1 97461 183932
1 157019 127278
1 113962 156097
1 30324 10393
1 80271 96625
1 11936 179207
1 16518 198190
1 107410 47857
1 175998 70663
1 73379 118149
1 1902 127640
1 44203 5732
1 40340 79268
1 63196 114650
1 179118 44144
1 132191 95581
1 123897 20003
1 106162 11592
1 150057 85340
1 31552 92825
1 115497 176978
1 150785 31721
1 6036 94707
1 99349 67626
1 82804 195126
1 46300 8614
1 166266 53634
1 37593 140791
1 94782 135172
1 162311 162178
1 191224 45132
1 98427 51704
1 129983 131432
1 193531 87951
1 191168 88708
1 142878 75516
1 196098 36480
1 81381 102004
1 96729 142035
1 58328 24101
1 143400 142495
1 182757 29296
1 68955 135126
1 6581 184552
1 58980 194509
1 127760 33168
1 73333 57886
1 133428 43792
1 112446 197316
1 19376 31992
1 12713 179377
1 127814 45370
1 157587 52210
1 104577 90466
1 80524 28870
1 171796 70296
1 185809 116027
1 185780 88856
1 160393 39307
1 33528 82352
1 196350 29558
1 124910 148155
1 158301 37536
1 16448 53981
1 87216 129709
1 160136 52670
1 160858 45979
1 156337 99979
1 32212 128992
1 130767 171818
1 169574 102341
1 71104 92220
1 61161 59521
1 61123 44185
1 110715 136409
1 164696 164808
1 64323 178807
1 170906 194045
1 174439 96714
1 83353 22102
1 158667 148062
1 95036 28696
1 115916 41403
1 25046 149734
1 140476 151939
1 129606 62979
1 162783 24199
1 138004 102601
1 79526 57962
1 30921 85866
1 172971 22585
1 168143 144101
1 37677 58441
1 185547 152204
1 99405 49618
1 87607 117877
1 45960 141836
1 8195 102269
1 53367 67913
1 115245 137476
1 74756 196178
1 86111 142054
1 156911 129668
1 60041 134775
1 135297 40428
1 138495 105026
1 130895 29538
1 185813 175938
1 50418 94627
1 47225 184417
1 194181 43762
1 47377 66608
1 103711 82033
1 169365 95526
1 166738 76283
1 28910 93086
1 39397 66373
1 128720 194123
1 61326 124405
1 14486 146878
1 136114 87873
1 52572 160090
1 6944 161996
1 193761 12566
1 16011 106621
1 148700 136500
1 86984 6498
1 88607 66368
1 71752 70468
1 142763 47243
1 102615 99083
1 99154 149097
1 101973 172308
1 92435 23082
1 173235 32081
1 73587 8085
1 53489 122785
1 103064 40746
1 43862 126511
1 137515 33752
1 117680 120976
1 106477 27196
1 66894 88664
1 16921 192092
1 181499 30782
1 92475 59044
1 143868 163376
1 64144 30048
1 137676 66872
1 187936 122362
1 83223 195216
1 15256 31797
1 71157 106754
1 58667 199658
1 114601 78788
1 196139 3265
1 65369 71251
1 85155 94067
1 80206 134926
1 151608 81790
1 178479 108437
1 86655 136297
1 155386 30947
1 134433 131514
1 179972 127528
1 41326 157492
1 100978 107178
1 177406 102614
1 23671 110814
1 68494 106065
1 193872 51394
1 32218 175497
1 31485 11006
1 144950 141839
1 96386 50683
1 187955 191452
1 175773 92035
1 38959 144593
1 65481 2266
1 55740 158382
1 185587 192860
1 166901 133073
1 89980 174168
1 158748 43632
1 104048 41900
1 160632 61529
1 161604 182818
1 81903 38376
1 107734 167306
1 31391 36233
1 182432 130264
1 113090 57072
1 172797 23616
1 153090 80406
1 35873 159888
1 62233 109877
1 156755 111309
1 18477 164167
1 30893 124626
1 120299 136315
1 149910 16229
1 31074 22520
1 107965 18011
1 41826 57813
1 151130 113582
1 39637 153369
1 157089 92636
1 171357 76016
1 31623 130819
1 4208 157294
1 134905 115450
1 163312 194887
1 63834 50738
1 61071 24398
1 37564 104398
1 8225 80302
1 31777 20096
1 70979 132583
1 59123 183781
1 33899 56778
1 177346 6242
1 69904 60470
1 106877 74623
1 6845 190549
1 105011 108868
1 19505 92114
1 45579 68370
1 10106 101468
1 62785 24132
1 155346 41184
1 130658 10822
1 175736 91842
1 138379 53749
1 198163 116510
1 103774 92984
1 66755 101181
1 196997 42142
1 129545 113754
1 157484 1786
1 18970 196630
1 101816 142459
1 46846 158009
1 189901 144271
1 123438 19244
1 170687 175737
1 142766 77107
1 191703 131249
1 174056 63663
1 166154 30780
1 149386 40276
1 107382 70285
1 185697 149479
1 57245 5723
1 128119 13179
1 125093 84867
1 77226 31597
1 139792 198752
1 123150 56157
1 177656 184809
1 39492 164462
1 77902 64651
1 30299 37633
1 69267 110151
1 113767 183341
1 148567 108494
1 130529 54339
1 112626 190939
1 156734 11200
1 133504 109200
1 6290 190034
1 187681 74772
1 114023 60816
1 47281 32684
1 124057 103220
1 94339 76825
1 195445 158107
1 15972 142257
1 136658 36992
1 5262 46145
1 109039 103092
1 186154 59682
1 66575 31777
1 13515 101146
1 50385 149888
1 78888 136054
1 159187 123415
1 57304 154853
1 48008 50232
1 71444 135639
1 164696 127863
1 192552 73302
1 59960 186795
1 1722 32100
1 27915 87017
1 40000 68630
1 184248 16444
1 163643 184305
1 87500 60711
1 186489 118147
1 105042 36190
1 4043 83779
1 121969 193346
1 22786 43181
1 196166 150557
1 4336 123799
1 36610 74014
1 103645 24344
1 119749 141718
1 126088 67803
1 61308 187251
1 180896 167999
1 159544 160252
1 108482 121649
1 186384 89421
1 125748 193293
1 64889 13203
1 60513 172530
1 175012 128715
1 85271 83108
1 118551 162807
1 63743 9958
1 52111 19937
1 171740 125336
1 106645 59988
1 69638 175438
1 40031 179928
1 80167 23602
1 79913 9965
1 192950 92252
1 89236 88842
1 52596 43056
1 76799 118423
1 15332 27320
1 106148 69417
1 184591 112450
1 89397 160317
1 114167 156219
1 159544 92088
1 33691 128781
1 113055 134813
1 35243 181238
1 42155 159182
1 117709 12137
1 82115 103303
1 37393 140842
1 31632 161944
1 74416 16677
1 86939 159330
1 115339 133839
1 13738 110229
1 57825 33664
1 10840 106025
1 111761 101263
1 194355 155930
1 56402 1455
1 199003 58088
1 141809 12298
1 187160 72398
1 9290 105436
1 102908 145986
1 172169 88082
1 175994 167405
1 4001 164067
1 66246 23276
1 136909 151598
1 99501 107655
1 38790 143317
1 51767 111921
1 35909 43353
1 45115 89792
1 635 78583
1 25666 194798
1 33102 174082
1 120671 67600
1 101397 78401
1 96014 89557
1 13974 195787
1 15436 110274
1 98111 8034
1 174454 159917
1 102307 197453
1 137318 8631
1 147318 150265
1 91786 27406
1 63115 139921
1 51013 113698
1 46093 162523
1 135755 183591
1 48571 198614
1 75959 49036
1 76584 74578
1 20208 144186
1 118450 84048
1 197501 180175
1 35202 41754
1 69157 105116
1 136069 122405
1 107211 82781
1 139177 33508
1 142153 178872
1 198363 172655
1 25419 154424
1 163263 130390
1 6894 20555
1 196208 126527
1 14873 125945
1 47993 120007
1 29787 182887
1 139028 24790
1 44422 88012
1 41122 22212
1 14731 68338
1 187307 9580
1 184726 21744
1 90775 199311
1 190893 80742
1 89324 112940
1 72388 6522
1 75466 168605
1 195875 72785
1 148132 111412
1 150971 102929
1 7489 3862
1 190917 181973
1 183603 16151
1 181597 64112
1 181014 81303
1 7902 75303
1 195404 27933
1 81855 130345
1 67895 108018
1 38125 22098
1 42615 116543
1 148521 64543
1 198438 42858
1 33379 159475
1 83153 64493
1 178263 120394
1 63672 107129
1 79401 86972
1 107528 58059
1 5692 36085
1 30168 195340
1 920 173171
1 191009 63597
1 49596 80640
1 21122 173187
1 109633 7026
1 11316 9121
1 188784 194336
1 118538 118260
1 119269 25127
1 70957 71075
1 147301 172381
1 198358 167655
1 21756 12563
1 171339 57384
1 157339 16913
1 164958 70874
1 130801 17485
1 152547 25494
1 158919 147629
1 48496 117500
1 32673 90559
1 121115 67016
1 142227 88950
1 75120 115443
1 85922 161062
1 29041 87053
1 108507 84225
1 70610 8921
1 180408 136148
1 58612 9960
1 128177 52349
1 10849 127289
1 57119 161903
1 85319 12367
1 197976 170600
1 60985 136916
1 23110 127537
1 159908 184686
1 91658 31126
1 103886 17248
1 1616 153256
1 17813 34212
1 185139 150448
1 181029 195717
1 189396 157045
1 59322 150850
1 117494 1393
1 155224 99105
1 155228 54031
1 173576 9041
1 183653 2729
1 152469 107268
1 86184 159359
1 71430 2443
1 49739 185339
1 49757 88114
1 132329 77668
1 158545 8286
1 161061 45536
1 162375 114470
1 41032 24559
1 193495 22959
1 194274 133604
1 95933 67211
1 101919 78502
1 156253 28627
1 46824 43623
1 53052 155202
1 52477 147555
1 103675 124437
1 187664 39196
1 90837 165026
1 44709 176212
1 80988 61237
1 124647 27979
1 2864 151473
1 51597 83066
1 142657 134437
1 199406 185104
1 67206 103022
1 2593 68012
1 77565 126477
1 14361 124571
1 42085 191817
1 185663 72979
1 147705 78214
1 69713 100464
1 197678 77222
1 144442 129134
1 72879 98016
1 10867 166375
1 189592 74080
1 163034 128526
1 172657 10079
1 21137 90667
1 134828 189314
1 115737 7065
1 118433 85623
1 108334 125117
1 6345 55246
1 82597 61256
1 165305 118805
1 128516 74608
1 161504 29752
1 12450 6955
1 174402 6488
1 175296 47277
1 73271 47018
1 185127 192802
1 191711 100882
1 131 131566
1 9767 138560
1 7167 77284
1 125185 1162
1 193377 171269
1 169440 162827
1 152744 166842
1 127986 77371
1 127523 81940
1 30690 181904
1 64981 197763
1 184141 36436
1 118087 194324
1 163652 58119
1 50285 146736
1 2242 175672
1 123453 27345
1 72495 93599
1 105227 188806
1 113045 128381
1 164713 173930
1 174498 118711
1 45502 190497
1 36702 63855
1 98918 107604
1 88941 114852
1 161801 106733
1 101960 145612
1 73919 28438
1 104888 46064
1 78307 82094
1 71892 145224
1 139253 102924
1 58940 128407
1 145462 148279
1 1173 153096
1 47999 91686
1 71942 97802
1 131745 130485
1 165619 121193
1 142275 59815
1 140857 55022
1 85176 12899
1 130731 48697
1 183648 56169
1 149451 62300
1 135233 15509
1 190347 29818
1 20902 141398
1 29253 39009
1 57463 72367
1 28472 157092
1 180121 74223
1 100614 39741
1 1481 164653
1 15274 30306
1 100788 157703
1 28158 134885
1 171673 100891
1 5933 188690
1 91682 87942
1 181941 83587
1 133632 65372
1 38816 89799
1 69381 70952
1 197251 49779
1 123782 137062
1 56760 14664
1 17330 146430
1 199640 37191
1 73965 134722
1 81915 82320
1 82864 194154
1 60724 124226
1 123429 65294
1 164871 126351
1 154366 186149
1 181485 24286
1 160918 85949
1 76043 52838
1 193676 145595
1 25966 112328
1 163996 50196
1 75083 170092
1 153791 35851
1 186165 189024
1 150981 36076
1 66398 195758
1 10864 177033
1 53138 168956
1 124627 58612
1 24049 38120
1 104107 31422
1 55405 143716
1 71422 64750
1 33028 160143
1 188594 113732
1 34622 77845
1 44016 129520
1 55338 54729
1 60858 176909
1 109845 14849
1 137161 144611
1 90443 125681
1 141291 52188
1 150673 13643
1 186395 13509
1 26595 79446
1 192610 79432
1 89771 35277
1 50221 182249
1 51714 132859
1 187184 75774
1 51627 83156
1 34682 113267
1 104844 87446
1 41882 166846
1 119535 27680
1 40370 85150
1 62073 45395
1 177689 9947
1 187498 100007
1 192181 109049
1 123221 93712
1 90393 22461
1 181024 105938
1 55773 80804
1 186047 178145
1 199804 54944
1 56684 172092
1 149491 3861
1 79275 34571
1 196567 136404
1 135357 111992
1 74103 171287
1 1121 114123
1 29298 64893
1 146386 69193
1 86106 16327
1 82558 141966
1 90954 113683
1 152324 117610
1 158341 72279
1 67249 155385
1 26833 34273
1 194299 52486
1 27666 59406
1 23613 177761
1 71210 81288
1 159733 185598
1 164304 166084
1 146299 68753
1 189295 187771
1 77124 101416
1 63873 17192
1 110999 35465
1 159469 123651
1 59151 187917
1 147614 4988
1 75281 50875
1 179236 180474
1 2254 98472
1 150031 154645
1 150907 182735
1 158922 97426
1 5328 150700
1 29685 109598
1 178623 13726
1 188807 169613
1 35319 100605
1 135011 31508
1 16728 186808
1 34360 57605
1 131576 199923
1 150622 14089
1 142998 95392
1 84271 172771
1 141726 67868
1 125923 170788
1 45277 141197
1 19951 131050
1 15686 109433
1 122783 34589
1 198245 141033
1 41202 96619
1 87650 158399
1 22647 135235
1 13049 54036
1 43557 93456
1 90104 121493
1 43263 146296
1 61370 141919
1 176361 70228
1 70754 17178
1 80581 28721
1 9179 165779
1 159762 21639
1 153998 106974
1 107654 155257
1 189668 57194
1 144425 182797
1 162878 91686
1 112501 109357
1 55730 197651
1 96620 125534
1 58695 1322
1 97273 135871
1 60659 151985
1 24010 193093
1 39764 49625
1 33837 145973
1 91821 18074
1 144554 42658
1 89058 86418
1 149920 12265
1 176886 39642
1 94563 108394
1 8387 101802
1 97621 25801
1 139514 175599
1 90115 93541
1 98013 17323
1 26626 136023
1 189115 49165
1 145035 28845
1 105834 10001
1 104979 72040
1 29450 71001
1 142255 49332
1 8376 65549
1 145895 199846
1 74577 96688
1 112856 149564
1 19369 60228
1 122064 118032
1 195147 143199
1 191268 33502
1 138546 51214
1 60180 44151
1 191432 188779
1 11747 29573
1 5918 129722
1 20016 139905
1 70635 198985
1 117401 21938
1 30921 20807
1 137426 18537
1 110190 196132
1 97345 196665
1 171623 56619
1 183453 138362
1 167707 139676
1 128838 91777
1 147325 109197
1 96871 124249
1 59730 139331
1 1738 106629
1 121381 62349
1 70331 173626
1 32520 48736
1 165281 106135
1 166477 113401
1 38234 171303
1 64772 181871
1 89685 189082
1 96375 124695
1 66228 5439
1 34403 6813
1 42978 6853
1 101944 102304
1 92273 23155
1 169811 58638
1 79033 183589
1 24186 51585
1 151213 105481
1 155993 164697
1 29055 127834
1 64636 6938
1 34933 25499
1 176717 19976
1 27276 132055
1 114319 114241
1 193741 34839
1 18394 150554
1 109615 154916
1 15897 46590
1 172716 71678
1 74561 67843
1 159079 17501
1 186964 88398
1 45693 51239
1 35734 164521
1 154473 160818
1 125518 186530
1 72221 24508
1 89407 197927
1 157215 87719
1 186472 63263
1 11361 39033
1 148538 8652
1 6629 34900
1 61209 162655
1 188880 114546
1 40726 30746
1 124108 21924
1 27306 15916
1 82275 193740
1 162806 25098
1 134361 152536
1 68538 184010
1 169226 45889
1 103379 195972
1 143365 64388
1 151930 111148
1 167464 25823
1 172217 78826
1 54332 61134
1 156976 147003
1 176531 164167
1 199304 17228
1 170720 117300
1 151478 178836
1 112215 72176
1 11634 171955
1 159878 188036
1 68025 95305
1 74099 176163
1 14145 80728
1 4982 98404
1 149692 44893
1 2968 47935
1 39633 1196
1 110253 19274
1 149653 132171
1 141615 130101
1 148944 149456
1 96348 72451
1 116270 11390
1 37266 152266
1 52611 117020
1 75176 73326
1 196995 39319
1 181520 88794
1 83457 4570
1 138218 24384
1 157608 183276
1 76907 105554
1 177656 80586
1 120431 191680
1 173314 65349
1 134363 89907
1 30885 80414
1 54007 148682
1 150410 108512
1 121611 139412
1 72414 182910
1 171704 47246
1 166864 63981
1 102617 21406
1 176779 11267
1 120090 69392
1 29236 120592
1 86744 120656
1 4326 171453
1 128634 22439
1 145453 87524
1 162640 142330
1 59649 46703
1 47850 101761
1 57220 87028
1 163002 179908
1 70206 154063
1 20333 97243
1 162072 81090
1 165127 105383
1 163094 165834
1 185469 153163
1 6233 90178
1 41752 63088
1 87381 103228
1 151303 108345
1 67727 102173
1 38212 179010
1 147418 137978
1 156716 123679
1 46035 133041
1 64472 58259
1 93338 32522
1 115328 105807
1 120210 96014
1 12433 14700
1 12699 31143
1 128460 22187
1 167183 54969
1 129633 104811
1 99515 37887
1 183629 77740
1 36192 138026
1 143346 87619
1 92521 17015
1 46325 105501
1 186862 197007
1 186460 48889
1 19625 157988
1 123815 19616
1 146551 77321
1 44591 38630
1 198546 19026
1 74046 47910
1 85838 101613
1 79086 121530
1 49682 21183
1 80581 104377
1 114839 17154
1 26127 114421
1 78950 164383
1 74877 110836
1 19086 152327
1 62462 71917
1 130916 27799
1 21020 76614
1 71231 47148
1 43673 12045
1 180979 172612
1 71051 150133
1 165837 153110
1 74612 93587
1 88976 166899
1 158501 165656
1 115246 20254
1 187605 65039
1 2377 122280
1 196349 166618
1 7787 35280
1 105271 56617
1 119043 21850
1 91286 15547
1 126498 184494
1 170952 42329
1 117622 26228
1 190507 95248
1 2246 182317
1 166893 63854
1 16750 199636
1 161255 175808
1 85083 82805
1 171579 111690
1 111946 166605
1 67052 46215
1 152125 18595
1 36157 80227
1 195198 91494
1 171598 31670
1 9880 69832
1 185268 176002
1 43026 92122
1 73559 77743
1 119983 94889
1 128400 24581
1 174947 58328
1 2498 178539
1 151511 144767
1 100793 20894
1 183840 40195
1 100162 153717
1 46523 109622
1 46155 14228
1 144524 104050
1 32123 121774
1 2008 86897
1 169747 26175
1 161729 72815
1 64902 99401
1 129345 176770
1 136149 52750
1 89705 94649
1 22063 47695
1 196122 71412
1 12808 108611
1 79812 186116
1 171512 69786
1 135711 40643
1 92438 820
1 91495 90230
1 167893 162076
1 34268 165985
1 139039 5130
1 123193 104618
1 47152 105688
1 9907 17329
1 33909 117251
1 630 70510
1 184037 49509
1 132764 189325
1 63775 77873
1 140718 98439
1 49925 188464
1 129631 34178
1 44376 102650
1 65157 138666
1 161557 58872
1 77850 147536
1 114063 14169
1 91827 193283
1 62478 38738
1 110015 57965
1 71271 196250
1 68163 55728
1 58140 49701
1 20692 159489
1 133622 163040
1 25302 41540
1 17761 40685
1 105524 143977
1 182792 24288
1 193311 199
1 13362 101946
1 31179 139063
1 110940 126629
1 119654 149299
1 133655 42800
1 160219 46
1 150307 100364
1 83336 154102
1 180621 19398
1 57212 49864
1 156998 106823
1 101556 94260
1 36421 34250
1 178389 106802
1 58207 51612
1 112237 29188
1 72484 161433
1 144806 67021
1 132028 167717
1 100300 36272
1 46083 185897
1 115393 135725
1 112290 67088
1 156413 9400
1 198446 165122
1 194442 129371
1 44422 110687
1 29503 150798
1 72168 27582
1 162236 62293
1 85267 183527
1 119527 138201
1 111779 31183
1 110885 68490
1 187369 82771
1 67931 27637
1 77834 695
1 101735 17825
1 130267 63712
1 1625 85167
1 125882 72335
1 141239 140401
1 26990 123680
1 91760 75083
1 24770 49475
1 133919 165448
1 155486 74425
1 49092 185407
1 186472 94674
1 101054 106023
1 15643 13861
1 143309 1271
1 85541 70480
1 144773 134082
1 93062 74482
1 109526 161298
1 102566 33958
1 122363 71299
1 70647 34114
1 118591 55713
1 88331 166735
1 77752 517
1 92408 199370
1 178877 86445
1 109226 84571
1 115563 1115
1 30408 145748
1 16151 128944
1 129803 141934
1 88853 73033
1 39835 24639
1 36650 62041
1 41580 115071
1 189133 179079
1 55767 184956
1 165860 10570
1 89148 108059
1 92605 164803
1 76376 151249
1 163978 67739
1 54562 6434
1 54946 103262
1 121963 86808
1 108532 158551
1 78197 29511
1 32782 186284
1 33107 161663
1 131086 159804
1 106691 78226
1 122087 92663
1 130889 191112
1 188183 3198
1 15756 154719
1 76775 26619
1 32054 24712
1 167075 124610
1 127238 98142
1 26203 134249
1 169593 127273
1 15131 192101
1 175770 150932
1 112743 86886
1 91941 69994
1 120442 63092
1 96611 51414
1 64959 177994
1 190530 97436
1 83343 12787
1 35444 161555
1 13165 23524
1 136074 81381
1 183872 85273
1 98193 101001
1 85072 199539
1 8492 23935
1 32067 163664
1 128114 29388
1 187737 127212
1 112778 145976
1 164389 147000
1 10501 112517
1 69326 194873
1 153788 66609
1 111110 176227
1 131627 94894
1 43913 101622
1 191053 187937
1 63384 136216
1 78392 6041
1 137463 187572
1 28986 195409
1 167078 76050
1 80629 101097
1 32028 105464
1 177849 25568
1 44873 84864
1 21920 134997
1 170188 113787
1 62318 165759
1 97330 69
1 86185 66346
1 135537 179049
1 56693 142388
1 93541 112184
1 143733 102535
1 97738 152804
1 175262 13464
1 45690 159331
1 141404 79393
1 91175 97537
1 25706 10267
1 151708 164933
1 7148 198463
1 164336 159432
1 45265 86397
1 191948 182674
1 173350 29693
1 176414 177014
1 31101 1429
1 39709 128304
1 156671 111563
1 114623 130300
1 85773 171788
1 106295 57145
1 53790 67437
1 6708 116032
1 135573 95521
1 192599 177470
1 87394 111867
1 26036 40089
1 97115 41509
1 48459 66433
1 195163 199904
1 13000 52884
1 61530 123966
1 54521 98168
1 107918 78301
1 194511 11060
1 47425 75813
1 13143 29326
1 97780 8005
1 193977 33771
1 133235 197354
1 160562 34468
1 162489 28032
1 131726 46628
1 95878 50029
1 120425 120010
1 36607 56203
1 156199 108220
1 170758 128165
1 92081 59080
1 72986 10420
1 58097 24642
1 194417 92571
1 174289 156058
1 155348 73761
1 33647 186236
1 37371 73517
1 89444 16301
1 9833 198088
1 82935 4131
1 34186 23438
1 119836 82021
1 121482 21557
1 83698 99812
1 27832 23875
1 198588 86105
1 44764 155914
1 164767 156256
1 45782 15525
1 142876 132051
1 172600 182328
1 180430 26795
1 115301 9060
1 106023 71635
1 144043 68617
1 11751 97614
1 51933 128960
1 199390 54603
1 94581 166488
1 151843 22598
1 36521 142864
1 190100 101346
1 121036 123477
1 181839 162501
1 99943 30333
1 129457 71539
1 151832 191171
1 133134 48750
1 178474 23045
1 155441 49549
1 181942 161020
1 29270 120348
1 84537 44859
1 90725 71091
1 138423 165418
1 39728 187290
1 102736 131203
1 9775 100828
1 18080 77070
1 144250 93353
1 18396 121049
1 178312 18418
1 178474 38779
1 70503 9151
1 162369 32521
1 131515 124244
1 45314 57753
1 198971 53189
1 58838 55862
1 36521 190678
1 55816 90276
1 161618 183126
1 77861 17174
1 106054 12605
1 63250 156972
1 164376 128325
1 102125 116018
1 141593 165638
1 64616 64790
1 5648 165910
1 49378 180904
1 109693 63071
1 24263 199831
1 74448 184065
1 28778 28395
1 119396 150762
1 2849 95166
1 16705 47412
1 45152 62655
1 18705 10368
1 13465 137961
1 163489 140240
1 53587 20544
1 61339 55081
1 49801 177292
1 114242 86633
1 68550 2650
1 72815 71142
1 192510 179888
1 151819 178889
1 94703 199440
1 156685 134953
1 127417 99120
1 46516 88236
1 120250 56951
1 92807 120474
1 175150 37627
1 80396 154242
1 107781 181306
1 95431 3218
1 132358 189463
1 191861 152434
1 23716 141782
1 54985 20258
1 137502 80922
1 114853 149908
1 65245 119390
1 63643 66763
1 112776 80817
1 29669 62772
1 124778 90166
1 164834 164357
1 128328 92251
1 27795 146580
1 117692 4825
1 39126 166842
1 150806 119277
1 146145 94120
1 129140 121750
1 117954 146442
1 114336 154958
1 50966 129946
1 12842 187468
1 119815 71750
1 180551 78074
1 66442 190406
1 175017 45364
1 158936 27320
1 85663 68609
1 31468 70141
1 108270 158358
1 55358 98328
1 187313 99143
1 121918 96324
1 18159 131408
1 163027 66070
1 195195 79812
1 171989 28948
1 41040 133972
1 179785 103892
1 199148 126403
1 133660 83993
1 34029 174056
1 88418 137003
1 119723 190629
1 182224 55285
1 23702 43367
1 128631 45220
1 26896 22941
1 18947 50493
1 140428 138685
1 7796 148478
1 14055 90484
1 71772 17913
1 35014 166956
1 185752 107693
1 116018 41284
1 183443 113510
1 129712 67404
1 188152 174231
1 89637 115775
1 141047 190645
1 100905 2628
1 45627 3350
1 20137 138343
1 111850 75979
1 108355 79700
1 128413 70843
1 70428 199637
1 181217 19585
1 33733 193870
1 8110 3719
1 142670 99381
1 27942 149860
1 115882 84886
1 108754 111346
1 124484 189382
1 109464 108596
1 171617 154215
1 80640 169575
1 82359 2397
1 63593 83751
1 149324 160847
1 98694 83268
1 158803 32801
1 146909 71909
1 179267 160752
1 171521 121756
1 165754 40078
1 109327 196619
1 15889 3583
1 169127 176695
1 30016 160884
1 4589 36202
1 160692 122950
1 174336 65870
1 188975 188854
1 7096 128071
1 136032 28196
1 12326 149137
1 112899 171342
1 22088 79643
1 142203 77002
1 25866 58340
1 78189 50822
1 169220 66003
1 141855 168831
1 85809 176219
1 166162 129343
1 80300 2064
1 149469 125595
1 12593 18052
1 175307 14700
1 165265 130277
1 14326 25292
1 107190 129883
1 61988 132309
1 182937 12894
1 114338 162774
1 33665 136917
1 146591 178070
1 21118 162485
1 175755 60749
1 31462 62808
1 113649 95328
1 118286 164572
1 51025 149980
1 150603 196543
1 46210 145077
1 35499 79161
1 157318 51903
1 86574 57689
1 157039 66030
1 154762 192867
1 161650 168138
1 147358 89385
1 121225 45686
1 187125 141032
1 147342 93667
1 13823 33829
1 141973 114126
1 195467 42569
1 22538 4802
1 193096 20921
1 194892 14410
1 117757 40186
1 61833 18741
1 64646 96836
1 122011 174928
1 130961 1444
1 19170 21728
1 130329 53655
1 111010 120286
1 163745 191140
1 50271 142455
1 115699 73339
1 33655 86659
1 77083 15244
1 83455 68484
1 53215 154794
1 33442 148770
1 9536 89056
1 52214 3686
1 129782 72402
1 93088 118325
1 13223 124312
1 69226 183630
1 152425 67224
1 104034 174982
1 68602 95714
1 28022 95298
1 95548 90961
1 54414 67253
1 150773 158879
1 81577 45980
1 157511 16456
1 139707 60407
1 144812 127331
1 19462 38793
1 88885 48445
1 24439 90771
1 165316 177656
1 188611 94093
1 31495 22626
1 174338 13861
1 86775 9817
1 53452 95932
1 186128 130975
1 8018 133469
1 48339 181113
1 195199 121408
1 187449 29069
1 36687 96063
1 154489 79676
1 188911 127128
1 174333 110972
1 188375 14051
1 187168 189754
1 56420 120660
1 166059 35055
1 165561 185012
1 154001 129282
1 122712 151644
1 20649 1629
1 44220 156403
1 34987 144850
1 79545 129193
1 15789 159344
1 146135 26099
1 19038 54562
1 111915 58441
1 144580 186440
1 112568 93789
1 139954 53848
1 59205 192221
1 72077 199287
1 175039 153579
1 180288 160787
1 24850 157788
1 69117 8004
1 89730 10095
1 143286 172835
1 108047 45071
1 180827 87466
1 113034 137291
1 72533 1421
1 191730 146005
1 142915 155352
1 126162 156792
1 175028 4938
1 90975 80798
1 132901 63729
1 55437 68802
1 100028 168966
1 94962 109234
1 29765 45515
1 45151 149512
1 37035 43043
1 50042 157610
1 71354 137714
1 46432 66431
1 53460 162614
1 43002 32755
1 95345 18404
1 11422 134574
1 89500 65734
1 91177 152144
1 102506 116245
1 112794 156721
1 14908 39186
1 170289 191063
1 64888 67114
1 188680 121016
1 57668 100043
1 123761 6257
1 156483 93440
1 172946 122311
1 146644 135636
1 176829 30173
1 191048 75941
1 140243 34677
1 111331 103686
1 121755 131371
1 46101 64795
1 115742 41775
1 196730 19760
1 47750 172291
1 3088 112858
1 60535 81269
1 20727 46225
1 111661 173662
1 160239 31757
1 182807 31642
1 162509 113119
1 118450 139849
1 182334 162706
1 92010 11398
1 69888 898
1 64430 196327
1 189022 121340
1 92626 56886
1 161132 50391
1 115753 140846
1 41731 193618
1 118755 161720
1 35005 128047
1 156580 54119
1 55476 125711
1 38055 70385
1 135414 89423
1 97938 132400
1 136140 168163
1 31962 6873
1 142893 42224
1 153048 165436
1 24189 97583
1 191149 139708
1 105931 155071
1 109331 12239
1 189898 192266
1 190148 89273
1 38094 15516
1 71761 23045
1 2186 111745
1 180154 51140
1 104329 155805
1 199636 156106
1 109354 24976
1 149467 37286
1 53280 126090
1 182356 116129
1 56938 109100
1 53607 88762
1 71055 126561
1 158459 48160
1 84893 73595
1 146835 196271
1 199202 161425
1 25705 47728
1 117803 69848
1 168137 44107
1 91772 89920
1 112944 192719
1 107664 53330
1 65957 101668
1 112595 55752
1 117207 69135
1 30556 169324
1 153464 137191
1 89328 116851
1 100953 101463
1 66420 113372
1 76423 126548
1 146353 14661
1 189286 7455
1 24589 143630
1 46987 125822
1 37512 33201
1 14430 70198
1 24758 165536
1 191025 61133
1 86332 8608
1 143963 52606
1 158541 146598
1 72089 194493
1 193829 187312
1 39334 121197
1 148934 40933
1 9561 115806
1 163826 61872
1 180158 19404
1 12586 169306
1 63033 19604
1 104613 178791
1 23319 93689
1 131923 137202
1 62518 33687
1 72148 73484
1 171159 136358
1 89011 117714
1 19265 12274
1 146215 174413
1 169689 195545
1 11212 18255
1 61119 158854
1 182239 64587
1 45612 127149
1 196088 46324
1 73225 107142
1 169547 103706
1 176402 165966
1 158817 66497
1 177196 40379
1 67474 195843
1 133188 60927
1 15879 25640
1 488 114432
1 172207 80388
1 122922 98837
1 153599 119313
1 111027 158340
1 15854 39821
1 147301 154363
1 61487 109525
1 39669 62029
1 29489 3586
1 53640 160494
1 152598 121732
1 26508 175025
1 163888 32190
1 49112 160768
1 31873 95841
1 145607 153245
1 195570 97996
1 168914 192407
1 114325 41443
1 114029 20624
1 134999 151278
1 46755 60782
1 178953 52212
1 199285 192350
1 152401 35032
1 65327 6481
1 13098 20852
1 56013 183792
1 73892 187252
1 85261 3938
1 118616 88308
1 144917 119105
1 79275 88349
1 126856 157657
1 12998 69309
1 135843 64353
1 37332 126438
1 182749 167357
1 9085 199305
1 74880 158260
1 66657 1363
1 85250 40878
1 198807 17991
1 28839 117938
1 99431 187933
1 74843 143197
1 192198 122906
1 64587 149670
1 123537 104432
1 182148 140945
1 106124 86936
1 28111 174129
1 125532 77806
1 524 67234
1 56002 113293
1 35854 130118
1 153754 24747
1 8886 45375
1 2644 181687
1 110099 192621
1 119025 4913
1 156088 14377
1 19841 54474
1 46431 110466
1 115867 189180
1 76926 189560
1 166941 11947
1 106088 87606
1 178086 62717
1 63015 15891
1 81745 89975
1 81943 146763
1 94516 185241
1 34373 137466
1 92888 198267
1 57223 35098
1 113018 187369
1 193502 18366
1 113026 144636
1 7115 132367
1 136834 78457
1 40495 73605
1 7730 124911
1 192167 140201
1 12395 167564
1 108646 26441
1 148450 56895
1 193043 23804
1 69670 168660
1 7846 85848
1 35804 136076
1 63422 7089
1 47161 60860
1 185861 25236
1 90753 31592
1 182151 180803
1 108606 10336
1 44750 190194
1 85059 5594
1 9027 156481
1 188963 13713
1 65217 136124
1 40109 73310
1 83195 182289
1 59241 63636
1 33681 86673
1 86232 62177
1 106093 179242
1 167272 24162
1 52067 25314
1 57653 130823
1 90121 41815
1 94087 99944
1 183444 100533
1 106824 24614
1 105908 142584
1 4678 134726
1 93169 121444
1 27625 72971
1 198727 58370
1 68726 180498
1 126590 87197
1 170692 38130
1 57998 152188
1 135613 8084
1 74418 136225
1 49240 61200
1 105611 90818
1 2901 47113
1 120888 49095
1 155897 46731
1 68722 51076
1 192971 99875
1 79661 74680
1 7632 137662
1 2733 159430
1 100035 57157
1 9382 12467
1 185495 89080
1 105112 8352
1 3633 74121
1 160554 80521
1 178528 100667
1 31172 16830
1 25503 145276
1 27058 2976
1 43533 12224
1 101494 182943
1 191724 177566
1 37998 44146
1 90584 114735
1 90343 194263
1 129353 121829
1 190017 77388
1 21963 44586
1 150468 72910
1 115323 197945
1 182529 112082
1 84230 117441
1 55917 115777
1 24030 70840
1 161338 191544
1 139902 125181
1 3703 39871
1 146015 142961
1 100970 47176
1 146234 10007
1 154220 40747
1 153407 90731
1 187461 8033
1 22166 85760
1 149448 76734
1 16277 64925
1 184433 143155
1 105858 102425
1 120637 93316
1 87370 88565
1 125641 147526
1 8066 18938
1 68526 35804
1 199581 596
1 114268 186739
1 123117 621
1 178165 195195
1 25247 116942
1 82092 23591
1 152881 75762
1 182111 94696
1 101877 151660
1 5681 159334
1 12172 48763
1 45612 41471
1 158875 191212
1 184534 3780
1 108306 53167
1 162002 184880
1 177310 129597
1 1657 85227
1 58283 38634
1 106489 117055
1 152031 161798
1 34349 199065
1 87764 30393
1 166590 49860
1 155349 15518
1 178746 136097
1 189787 63264
1 145842 186794
1 69129 91219
1 67033 145960
1 187365 90389
1 121051 27825
1 9305 194022
1 174523 36199
1 118954 38789
1 130544 2095
1 171704 71499
1 17537 114414
1 89206 20812
1 66271 30217
1 53227 112748
1 14210 114141
1 1448 7167
1 90952 114236
1 160971 126180
1 72203 99115
1 99829 88868
1 25793 5273
1 20168 32134
1 117272 143841
1 35300 127542
1 123986 139650
1 171106 13846
1 113758 153885
1 75345 42851
1 144249 18608
1 184175 129165
1 91780 110162
1 122731 113040
1 40293 86895
1 53467 39959
1 12451 83972
1 120888 81298
1 149117 119966
1 9697 198678
1 6539 111183
1 188623 105205
1 71704 10289
1 49877 33822
1 20607 76831
1 133467 132791
1 67524 92465
1 108187 174713
1 126773 137655
1 9884 142156
1 152578 171577
1 139887 181795
1 168345 196589
1 114087 48921
1 6086 102457
1 161949 184973
1 181513 14698
1 4452 131899
1 183673 142132
1 29576 80092
1 45017 186924
1 184525 10239
1 198201 40132
1 152550 66408
1 10767 93574
1 178803 133673
1 111701 135635
1 28032 5248
1 190758 31772
1 104634 112240
1 148820 84385
1 116084 67427
1 36876 11434
1 32794 72959
1 157613 75139
1 165876 79430
1 195750 60412
1 143391 174260
1 62543 190112
1 33287 36627
1 61193 20405
1 184488 149922
1 73816 164533
1 8901 62822
1 54080 395
1 153641 151760
1 189600 144976
1 151134 87376
1 37387 91847
1 130859 143737
1 65517 192726
1 192914 197206
1 109533 71751
1 70472 165772
1 84030 96767
1 184055 57905
1 110491 57213
1 157810 150700
1 173315 7254
1 104952 90190
1 153122 122224
1 115244 190320
1 4193 33596
1 25810 147597
1 78719 42872
1 146893 68130
1 154224 191588
1 145239 59012
1 171318 103492
1 27586 2817
1 180798 134999
1 61742 125627
1 191934 69078
1 96586 16385
1 178572 18800
1 85263 172527
1 69633 120771
1 130170 98440
1 37711 37726
1 155849 189329
1 34015 152374
1 149817 189233
1 63790 85223
1 33598 41350
1 129066 162604
1 158851 109514
1 190984 113569
1 63844 74792
1 193769 195768
1 1512 67992
1 102125 149369
1 71235 63745
1 102743 51902
1 89356 41808
1 88802 119022
1 53180 67989
1 157091 141945
1 109479 126430
1 129504 182293
1 151678 148438
1 77872 187448
1 132164 93536
1 13908 194709
1 165904 193776
1 128852 95834
1 138820 138089
1 95518 40938
1 110924 79165
1 69019 176600
1 197530 56321
1 41363 194084
1 83168 52111
1 197443 75129
1 94159 50401
1 78589 92711
1 13966 192812
1 89856 65181
1 77885 34618
1 115416 188395
1 68587 21963
1 124856 78326
1 13910 177197
1 93525 8443
1 188514 5530
1 45254 3208
1 14940 90194
1 106905 28472
1 2992 6649
1 160952 192110
1 102632 192819
1 130813 180885
1 17575 118014
1 35859 55126
1 4582 107792
1 92174 27162
1 6574 101170
1 8780 44354
1 53973 79515
1 158348 162788
1 116221 8272
1 13966 155143
1 85834 166843
1 108205 138145
1 49059 33291
1 34553 146448
1 51308 61516
1 195289 57494
1 16897 151942
1 77152 46746
1 131447 87067
1 179693 170971
1 35983 172828
1 29192 21879
1 168506 100652
1 113210 158172
1 101204 117592
1 141229 163085
1 133019 177397
1 142406 49240
1 141488 80251
1 122559 86102
1 27281 184290
1 100488 95588
1 197396 143100
1 122655 54240
1 158439 158482
1 148078 42726
1 163910 50305
1 9509 139340
1 34878 186710
1 32344 152092
1 180960 112873
1 81243 108498
1 23240 169399
1 39708 135317
1 98704 123971
1 98816 1657
1 172432 167215
1 36674 145461
1 87768 49814
1 93192 172001
1 197551 44397
1 52615 119539
1 150413 127130
1 151065 177531
1 179350 131155
1 49629 156636
1 75097 36987
1 90703 53709
1 109066 172153
1 183847 161168
1 114811 162459
1 72310 48561
1 135008 69546
1 32895 43074
1 154052 199118
1 26516 89365
1 181447 198244
1 2354 25338
1 106522 16542
1 74783 41018
1 54269 31450
1 165761 157780
1 153975 7046
1 157057 45559
1 83734 158132
1 156768 140033
1 11369 198329
1 69785 135606
1 94587 181004
1 117880 126851
1 79954 101275
1 22074 6900
1 183015 146992
1 12839 179059
1 123879 76037
1 8684 81795
1 194986 171428
1 135548 158524
1 180466 20995
1 181417 44361
1 54119 80351
1 1982 100767
1 124370 129879
1 13855 25408
1 150872 85771
1 192932 185135
1 86712 165878
1 59635 162421
1 94086 50952
1 60893 23765
1 139882 26055
1 44986 1740
1 189204 89256
1 144839 130124
1 44545 174441
1 16320 99641
1 96948 69618
1 24185 9635
1 73901 150380
1 20418 107206
1 190062 45345
1 139260 62464
1 190639 14421
1 129846 46482
1 88606 43236
1 138956 61401
1 165659 100701
1 123008 154445
1 5492 127070
1 56217 112635
1 121118 84913
1 178940 40575
1 150708 153894
1 131978 89349
1 157107 42929
1 62394 151937
1 154614 140678
1 108535 74348
1 158446 175219
1 5947 112065
1 174117 199613
1 72684 18039
1 125364 11902
1 20599 94464
1 5442 12543
1 37163 37570
1 41087 978
1 86872 109397
1 195232 91378
1 58216 36093
1 13660 94109
1 40701 164073
1 101288 125616
1 170573 145580
1 172975 166981
1 46714 190779
1 150548 26954
1 106102 117031
1 77356 125923
1 55701 164636
1 21238 145538
1 198195 142425
1 104733 60164
1 179337 153393
1 104304 15694
1 47115 115587
1 107680 55208
1 103621 170486
1 143675 29209
1 81142 154744
1 19240 174597
1 93292 198136
1 195299 21956
1 34592 85664
1 163578 164483
1 59540 8216
1 196679 165855
1 159979 139384
1 11952 118975
1 56649 85581
1 167836 24498
1 19372 48462
1 185015 125066
1 89609 101600
1 55273 43641
1 49195 7944
1 137938 41002
1 177224 150831
1 73994 169249
1 67045 138908
1 130583 57174
1 17644 16941
1 18927 65934
1 123787 37207
1 127791 195132
1 147023 90719
1 44187 166167
1 35010 28184
1 188953 98236
1 89410 94430
1 1640 106182
1 65443 108883
1 186277 199788
1 178886 31514
1 138752 195995
1 132218 158673
1 169275 28884
1 108563 190675
1 197220 107208
1 189833 10285
1 162963 32050
1 92820 30815
1 182375 192052
1 189637 7639
1 8189 176757
1 66791 97129
1 97329 115386
1 187094 105427
1 124249 81028
1 31711 25455
1 137406 177769
1 144537 152056
1 93854 159862
1 69379 129281
1 188511 95492
1 60063 107635
1 34645 140377
1 92111 131911
1 3190 48578
1 157998 65796
1 158812 119278
1 147888 71866
1 29564 120653
1 92605 50494
1 180261 175977
1 199498 57319
1 140093 23236
1 11641 51209
1 117879 176627
1 79156 151281
1 71960 27579
1 22853 77857
1 97643 116778
1 75512 176014
1 36801 33015
1 158964 37271
1 6894 93661
1 63509 182343
1 147905 64949
1 123407 46221
1 174211 120915
1 104255 152890
1 68275 183075
1 74899 164988
1 47231 84932
1 195100 50649
1 95238 3875
1 96625 126703
1 163981 141276
1 78471 8683
1 117696 23693
1 42511 98951
1 169131 175997
1 63119 185864
1 114743 1708
1 147652 32695
1 61033 102843
1 140919 181279
1 64792 19582
1 83166 77512
1 161135 7263
1 62389 109170
1 166563 118774
1 147421 16853
1 70709 29543
1 103797 168471
1 83627 44412
1 140151 171150
1 180746 163907
1 196821 86263
1 71768 7721
1 149460 142390
1 30992 12056
1 22185 147216
1 182566 1614
1 68690 39334
1 179261 95486
1 36278 68980
1 150437 23788
1 108736 17866
1 153369 44676
1 172089 65418
1 43001 110075
1 195493 146658
1 166021 33001
1 157536 183242
1 70234 62501
1 64248 153792
1 32752 1506
1 100365 149635
1 199443 42250
1 190311 42382
1 1377 87897
1 92056 44439
1 144261 64379
1 45203 156424
1 9075 176362
1 135948 198588
1 35875 124482
1 36752 102012
1 170962 38310
1 3302 144762
1 114358 153111
1 25896 164623
1 108865 130257
1 26780 62769
1 82264 7978
1 3542 85240
1 174677 139366
1 128530 14611
1 175931 5085
1 191501 37317
1 110393 130769
1 17444 135972
1 128097 66761
1 113713 111380
1 153450 59954
1 167905 67327
1 128676 150583
1 183642 98841
1 76602 81566
1 64524 123026
1 33261 133862
1 86998 155292
1 50127 135391
1 117276 41823
1 28543 10378
1 6054 159994
1 149348 91441
1 156027 76859
1 15979 134600
1 10430 76449
1 177285 49733
1 93001 127953
1 120923 181949
1 5704 148695
1 48788 58113
1 66904 88478
1 168266 21047
1 70176 37298
1 74376 43131
1 39663 73908
1 33928 183544
1 110103 64478
1 34283 6595
1 168201 68218
1 24889 9848
1 93873 79901
1 35738 130328
1 177172 158248
1 108373 99682
1 84905 63872
1 183879 178672
1 177717 95629
1 74407 162132
1 108906 81777
1 152953 88115
1 183681 19338
1 139471 142241
1 74518 8939
1 124936 94078
1 87748 139158
1 96386 115665
1 110722 74046
1 134563 150563
1 71228 49467
1 16840 134557
1 89269 152206
1 152651 180837
1 93981 50966
1 140283 121717
1 29614 126226
1 174551 74558
1 183373 52377
1 4749 46396
1 115933 105559
1 54833 97563
1 36262 74442
1 186688 149705
1 48231 15101
1 137046 30556
1 128569 33219
1 174893 125670
1 186661 191159
1 28632 86103
1 46343 10738
1 28735 164819
1 167204 4749
1 147037 88084
1 53384 132569
1 91704 160898
1 22500 64411
1 11359 98512
1 29222 65805
1 107177 187354
1 192986 130578
1 101228 195261
1 169729 57592
1 5884 183350
1 35184 14068
1 39717 140350
1 174059 133721
1 70891 50469
1 51714 666
1 197377 93998
1 113004 52673
1 115848 66986
1 88802 180335
1 138826 151832
1 90621 58262
1 105334 46395
1 194771 52724
1 160413 35453
1 153358 61778
1 8556 60292
1 56847 163261
1 69868 49939
1 125634 1731
1 30775 100451
1 53634 127025
1 121661 92098
1 126512 162954
1 73591 111916
1 81103 142027
1 52586 172392
1 82978 65182
1 122143 30245
1 168904 19677
1 147296 152085
1 130967 116105
1 111287 23817
1 108984 137802
1 4579 173197
1 181763 67816
1 169819 179078
1 171356 105161
1 177543 149643
1 110732 197677
1 23803 99137
1 180003 103335
1 68726 117178
1 105933 114269
1 115995 83855
1 23411 30915
1 111663 73787
1 49877 91924
1 94483 176379
1 139493 173906
1 10883 158565
1 76199 108671
1 192526 97925
1 86342 169755
1 100440 60030
1 67705 90399
1 104461 72351
1 40407 87418
1 8168 187205
1 9143 33547
1 164580 114225
1 69643 68383
1 145216 125033
1 186815 88557
1 153529 155156
1 120526 61902
1 127748 196305
1 116772 140993
1 61450 88792
1 38394 9439
1 133799 137877
1 152494 158939
1 154597 109056
1 29474 68798
1 126902 103681
1 44822 174880
1 45552 12547
1 153161 11241
1 98636 27031
1 18765 125706
1 16097 35979
1 132969 131255
1 56541 181963
1 119476 143782
1 116165 75000
1 94063 98125
1 94702 156039
1 71395 6232
1 187003 197020
1 190140 162729
1 1561 180071
1 197157 189779
1 97080 57278
1 139940 86169
1 39819 41852
1 142199 136356
1 64451 106329
1 111728 36035
1 192712 54602
1 94863 163494
1 14840 103196
1 119326 82141
1 59747 189004
1 170449 11597
1 41095 106666
1 92317 51251
1 51145 34990
1 96921 100446
1 158132 1817
1 174612 76007
1 49333 136464
1 175734 130418
1 34838 33077
1 141659 171178
1 2939 168711
1 180587 102457
1 181531 181756
1 67710 132550
1 141055 163805
1 95791 40179
1 180864 143650
1 121022 23190
1 78525 190606
1 4844 148919
1 173339 98828
1 32402 71114
1 78018 96459
1 113217 151918
1 114836 62167
1 13728 29862
1 25519 38841
1 119298 2582
1 42661 163473
1 37703 103553
1 159930 56049
1 18933 97090
1 1376 165116
1 88023 69193
1 61359 196735
1 101525 21463
1 55207 28560
1 159572 105147
1 13673 170790
1 182545 82510
1 170355 21240
1 109689 124909
1 173660 184408
1 98699 100279
1 97679 117265
1 139761 6599
1 396 31872
1 89692 155442
1 76701 139249
1 141726 36803
1 132117 178426
1 174092 86453
1 178702 29276
1 110164 39794
1 19107 69976
1 9756 14347
1 60204 45838
1 108061 11448
1 52025 40861
1 8447 57362
1 6546 81207
1 25205 166285
1 138093 122307
1 11866 136634
1 28143 191928
1 45197 74237
1 48424 28151
1 70474 109131
1 148617 95848
1 70538 126183
1 134120 97625
1 175772 104797
1 158391 56404
1 119173 66431
1 83584 49407
1 98325 11936
1 120868 136888
1 60106 175438
1 143764 139633
1 18602 28308
1 13904 17865
1 173915 39471
1 32416 69164
1 123526 74191
1 42960 172333
1 45613 120146
1 150192 104994
1 174473 51196
1 77387 118015
1 36071 49146
1 26215 66614
1 161029 132313
1 192701 92366
1 40233 2817
1 49978 142786
1 13761 57526
1 145399 92637
1 68673 17169
1 7028 191763
1 41144 134266
1 84379 130594
1 58357 166442
1 132787 86185
1 197465 20832
1 30498 190409
1 146558 161697
1 47079 108922
1 62343 154804
1 165207 194160
1 89544 69341
1 180759 34479
1 25113 19353
1 193115 100267
1 119157 198810
1 56158 12707
1 2073 188292
1 168289 55295
1 45658 156840
1 360 35177
1 188742 48128
1 187698 48297
1 140543 34923
1 54264 175812
1 150932 185386
1 54376 117590
1 115105 159067
1 92067 79663
1 81385 173045
1 99253 32939
1 23090 195396
1 68500 144277
1 180896 65765
1 142684 95229
1 166101 8772
1 160776 16279
1 122888 176918
1 24564 187223
1 96484 175122
1 188242 20171
1 47267 115892
1 116394 2617
1 65708 135859
1 27350 175162
1 98985 20033
1 53437 85845
1 133485 14917
1 20559 150879
1 65093 62229
1 94530 31571
1 29021 137718
1 77771 38509
1 52373 38168
1 992 111628
1 167076 199564
1 138860 712
1 99181 47176
1 132947 30992
1 195551 181597
1 199847 8648
1 38226 188279
1 163307 21730
1 14816 193942
1 167367 154427
1 2945 2955
1 62156 154873
1 167466 51254
1 173865 14562
1 45159 88446
1 137581 134527
1 196983 84434
1 45375 129969
1 3624 129822
1 176092 30163
1 68660 192465
1 33808 5906
1 74651 176525
1 110326 112201
1 450 65967
1 120756 185377
1 69643 108928
1 147057 134951
1 37557 99644
1 188634 153327
1 33141 142658
1 146325 112360
1 132822 17947
1 183492 84737
1 37454 73264
1 113532 79547
1 195938 179910
1 115655 143567
1 191485 148732
1 144280 44803
1 26123 195399
1 133453 13256
1 16987 126700
1 119531 170582
1 74357 35007
1 118805 129418
1 171320 197915
1 183374 93504
1 11512 114913
1 33712 71405
1 132119 2868
1 68013 15039
1 15650 35381
1 23685 38072
1 33518 55548
1 59207 95111
1 198196 99608
1 110988 141992
1 48617 185159
1 194032 161405
1 30882 30264
1 115604 81774
1 76839 24896
1 145169 24638
1 19669 192026
1 135742 72815
1 79034 128164
1 82661 37783
1 100459 166294
1 160001 67395
1 19304 145285
1 91644 159309
1 3252 54488
1 131879 40697
1 181486 103305
1 139258 141845
1 16180 82079
1 172045 182416
1 82298 181866
1 136534 78746
1 31782 142975
1 152421 123390
1 84079 26550
1 1693 190524
1 26805 83809
1 191797 39466
1 56803 167886
1 15727 95053
1 38787 67136
1 177495 17652
1 8545 159145
1 52031 20
1 50340 81516
1 77881 84394
1 70121 53457
1 124821 34509
1 125090 74696
1 58396 35346
1 129838 155875
1 151245 21029
1 111673 98574
1 46231 93797
1 60821 147601
1 195607 157248
1 5402 23368
1 112916 60239
1 103931 65953
1 127544 68148
1 7081 86294
1 168271 37043
1 170669 148461
1 193861 94734
1 132033 160749
1 168988 111587
1 19823 104418
1 86765 146762
1 6958 22868
1 9632 130283
1 184248 58884
1 165934 77661
1 20080 195495
1 15445 75141
1 160947 167463
1 186076 193517
1 153020 20631
1 34825 134883
1 38589 81845
1 117216 115925
1 18748 53094
1 135389 14954
1 32811 117805
1 157172 126628
1 100940 132332
1 112200 149300
1 180611 134688
1 123306 40540
1 148669 66391
1 40724 101643
1 133633 110580
1 103397 198582
1 28948 100005
1 111069 73331
1 36242 191074
1 5532 39450
1 95434 151594
1 9687 50079
1 5018 133050
1 197596 16233
1 166411 197071
1 196231 71928
1 162863 160796
1 178884 25718
1 111609 137614
1 66375 12763
1 94109 67839
1 132617 71559
1 81321 123705
1 162053 63002
1 42018 135533
1 152562 169942
1 18979 108082
1 178370 95928
1 177394 67970
1 25243 532
1 146084 4402
1 126741 149487
1 21235 73778
1 179828 111074
1 55901 99525
1 28391 34476
1 31488 133186
1 159617 194648
1 141427 196875
1 93047 50448
1 78183 93516
1 149850 113920
1 94911 77622
1 96597 189487
1 123565 89021
1 125866 133210
1 66766 132944
1 142185 3154
1 75143 28760
1 57842 188184
1 12064 117300
1 18284 130615
1 72225 145459
1 183557 144993
1 125035 39634
1 160811 179918
1 40601 38967
1 182667 186065
1 195799 170990
1 2314 18747
1 178178 186275
1 41857 159925
1 187585 148128
1 115196 114521
1 39396 163656
1 127861 19217
1 132475 15187
1 126478 174131
1 108792 142795
1 25677 182939
1 171080 105608
1 17755 125451
1 96366 168168
1 152447 162623
1 89762 184850
1 111511 136981
1 21162 38188
1 179479 156572
1 152950 69849
1 88006 171130
1 102464 15928
1 26871 102276
1 70245 146394
1 9348 34520
1 119934 166082
1 14032 132862
1 171906 181155
1 73469 88895
1 111456 116885
1 20588 199877
1 150297 16281
1 24053 109172
1 131739 104847
1 115430 117575
1 34404 126260
1 125695 25775
1 23254 87136
1 191342 195561
1 70678 8896
1 27719 175966
1 95594 130064
1 115399 150592
1 66322 53340
1 145419 77410
1 112487 80440
1 67723 160408
1 81266 120253
1 159515 20944
1 1808 104389
1 11428 90031
1 67 99305
1 85087 178991
1 30299 31802
1 125075 39033
1 97606 194878
1 29583 162750
1 180 99053
1 126507 26843
1 58287 31019
1 147259 47597
1 95097 88135
1 16596 89458
1 77864 157684
1 115651 190561
1 175358 142342
1 69514 150475
1 115916 41264
1 139869 29939
1 15433 189309
1 115293 198954
1 91758 192140
1 156436 99247
1 158613 3408
1 87858 195974
1 125969 141448
1 15494 96791
1 78352 56571
1 38398 167178
1 73840 69558
1 42275 151712
1 39519 25930
1 164560 178387
1 132662 132225
1 96051 50482
1 126103 69856
1 154886 75191
1 44549 35938
1 185166 155050
1 154627 183730
1 87124 169018
1 87089 159594
1 32291 183577
1 108067 165963
1 29507 178648
1 106116 168765
1 149364 15172
1 92714 96008
1 60590 107648
1 84985 58835
1 44887 1956
1 179581 86428
1 72004 88981
1 76867 106807
1 72373 116325
1 149817 143499
1 38795 52590
1 65606 43082
1 54732 176938
1 190059 14385
1 46617 35925
1 112603 91392
1 62510 179717
1 16919 25850
1 73499 44297
1 106638 170463
1 47362 38657
1 103796 181481
1 87569 62078
1 100193 173829
1 164480 9690
1 160236 49043
1 105421 123802
1 111048 47585
1 142519 166914
1 163807 75171
1 144889 175928
1 169325 152502
1 8777 1692
1 17119 27286
1 110032 148454
1 160748 83677
1 178283 75522
1 24243 65598
1 58211 117737
1 96342 23234
1 55848 88961
1 74390 146882
1 56723 26614
1 115248 30116
1 18333 65945
1 98487 96154
1 153947 117369
1 14579 90136
1 83965 114368
1 181241 98197
1 88134 186896
1 165323 18181
1 91532 198174
1 71858 120853
1 8754 178894
1 145498 55911
1 48997 171728
1 64878 167695
1 141142 53499
1 84405 161550
1 29494 66984
1 124139 40974
1 35511 61136
1 60451 133406
1 52737 118633
1 122013 99887
1 12914 194366
1 185828 156879
1 69659 31245
1 53034 51428
1 52024 130598
1 179494 10284
1 119087 164737
1 183981 195124
1 186827 13152
1 152527 86678
1 113210 174310
1 151540 132919
1 42564 11574
1 120696 38656
1 36750 157136
1 2692 187292
1 135183 152296
1 95533 147250
1 173841 188232
1 148562 188388
1 150507 50856
1 50673 40713
1 81149 72332
1 171017 174695
1 63213 128925
1 103542 192627
1 71776 177739
1 149129 114188
1 87036 77155
1 22503 176501
1 35100 92460
1 27109 22611
1 118292 51271
1 131617 17960
1 20582 582
1 4898 130765
1 122885 15757
1 61939 167349
1 142665 109799
1 22844 150689
1 6066 158827
1 196259 73758
1 112994 160912
1 4707 150407
1 120341 92365
1 100266 45559
1 95907 28085
1 49848 147982
1 116088 141585
1 99253 159207
1 100690 136831
1 95251 62295
1 36220 159051
1 33892 50154
1 150537 105996
1 72190 143001
1 43796 164225
1 138573 88463
1 44982 492
1 141880 145438
1 81800 160430
1 99320 162748
1 28315 186340
1 176117 162371
1 127668 174017
1 196771 68136
1 169997 180012
1 138011 190522
1 129225 75356
1 32061 116254
1 110006 153970
1 94533 70601
1 181321 128791
1 129389 165374
1 196501 137751
1 23746 58570
1 57613 149565
1 166026 116221
1 193851 42927
1 88917 66987
1 38784 125452
1 155682 194786
1 24910 123780
1 170421 81581
1 103459 158903
1 111349 76618
1 19720 177362
1 30540 59815
1 64074 190694
1 170425 195811
1 142327 70602
1 175609 169603
1 106459 84914
1 34967 191474
1 51196 49809
1 100111 110717
1 51412 8108
1 156074 164047
1 36622 93823
1 162006 43817
1 103364 140757
1 42885 181733
1 6327 105059
1 150280 194668
1 85390 187365
1 166699 133493
1 72659 146556
1 172243 165376
1 115436 29574
1 139927 9171
1 172758 179903
1 104988 15283
1 132136 135640
1 18676 195557
1 45253 41238
1 72696 131430
1 102690 83885
1 7268 183081
1 22650 62045
1 186354 27280
1 28239 47308
1 24635 172910
1 148131 199525
1 168394 153467
1 100150 23472
1 158082 91799
1 193537 153139
1 81139 158019
1 77043 183240
1 4407 17181
1 119979 84032
1 95314 147868
1 5046 125623
1 13066 62284
1 187402 1208
1 145603 53963
1 53571 12948
1 543 157252
1 167453 91965
1 180566 23722
1 17586 116841
1 130513 149751
1 885 92836
1 118796 51238
1 188590 6517
1 129003 123631
1 10296 87605
1 36828 66563
1 15864 149868
1 130351 186311
1 57824 50925
1 133619 181013
1 49891 105844
1 122705 181487
1 118970 147517
1 154221 65350
1 97752 112935
1 75131 190955
1 18281 36938
1 178079 132884
1 102865 197078
1 62025 24019
1 138531 194989
1 195023 185618
1 41952 51267
1 93132 145874
1 127218 157683
1 82424 46821
1 4455 133988
1 3849 80937
1 99826 156828
1 149961 141127
1 88735 83428
1 121081 14955
1 134487 9310
1 199141 198213
1 120852 167011
1 17928 67969
1 84198 19873
1 172578 82499
1 80357 93748
1 29272 140453
1 28408 153219
1 136652 141556
1 9607 120668
1 124477 68265
1 168061 195475
1 32673 132452
1 179073 64536
1 86593 109167
1 64693 21847
1 91285 93041
1 168751 18325
1 179680 199024
1 62391 149192
1 99022 197324
1 189505 129527
1 191307 131384
1 156396 125523
1 170726 187898
1 81851 84629
1 109735 164326
1 126546 196697
1 139566 193303
1 133940 19897
1 20109 99183
1 42556 191086
1 30247 17359
1 155673 105891
1 25610 195929
1 192847 104091
1 118473 103141
1 81002 18693
1 13406 145986
1 156676 162589
1 106687 77423
1 169786 111622
1 26303 141337
1 24171 27174
1 127207 44054
1 22833 171585
1 17557 199906
1 62500 76185
1 63764 65625
1 64716 127877
1 180861 102580
1 95589 97617
1 136461 111048
1 48345 72917
1 76552 38716
1 164921 29337
1 38990 167243
1 139965 52264
1 61883 82362
1 112510 2482
1 164356 180826
1 77296 53032
1 127055 186689
1 179236 54098
1 29779 125957
1 151678 181748
1 33137 22457
1 85363 15074
1 60754 29036
1 67334 184864
1 126593 926
1 187715 198525
1 44107 54597
1 24572 183473
1 167957 158785
1 64324 136566
1 76925 118235
1 22825 197924
1 141557 2692
1 46902 71121
1 75612 86924
1 69736 26535
1 179678 185248
1 143855 115462
1 117262 48648
1 30569 55260
1 154178 80992
1 87386 186563
1 52270 133463
1 129455 159579
1 105412 157605
1 156468 68393
1 12491 129937
1 142996 94767
1 3646 195683
1 188624 2316
1 16424 151781
1 60929 148886
1 60989 110496
1 3410 72054
1 143163 108245
1 181625 24707
1 56066 32954
1 123254 30371
1 101168 91127
1 115726 120222
1 75329 139168
1 111560 167939
1 76965 69620
1 61288 164480
1 173667 87061
1 138027 196221
1 175150 193802
1 182147 137850
1 101829 188211
1 149908 177705
1 165904 85643
1 85359 68813
1 43449 197668
1 97678 67091
1 100808 184478
1 164560 21489
1 15042 36584
1 128310 77757
1 188740 68987
1 44574 172688
1 149211 17044
1 152511 137819
1 15398 188785
1 11684 29385
1 58991 60111
1 79661 8215
1 183366 96034
1 87171 183088
1 150880 138005
1 109211 126733
1 130927 93315
1 69231 10700
1 45506 886
1 182839 109902
1 112350 91295
1 8366 36694
1 2910 40982
1 162243 144415
1 173257 16083
1 163678 25790
1 82546 22189
1 93077 188409
1 171924 69969
1 8557 183334
1 50669 191430
1 159701 54600
1 63579 74016
1 159905 136871
1 96438 66370
1 113219 52526
1 48365 190552
1 119952 193610
1 88933 181588
1 146481 157696
1 101901 74792
1 295 94478
1 103750 43012
1 101507 9094
1 54450 190674
1 90021 41575
1 106971 195695
1 199476 76605
1 179910 79979
1 24478 70778
1 105624 192067
1 166482 8982
1 90345 115870
1 45435 154660
1 140838 198662
1 69375 35190
1 17709 125352
1 65975 106547
1 26403 44174
1 42096 36342
1 17561 111259
1 167266 24233
1 128735 76360
1 25776 26275
1 120616 80925
1 103776 89470
1 30367 92211
1 33756 68093
1 150088 1320
1 71977 58077
1 130331 61987
1 91366 151737
1 186846 33866
1 26056 146148
1 113666 181761
1 72020 60289
1 17343 62245
1 189086 46182
1 124595 142024
1 87424 7090
1 143031 197358
1 192158 48235
2 161386
3
