200000
1 89242 98553
1 149018 14877
1 69092 145610
1 102664 86877
2 186056
1 124040 141536
1 127038 30490
1 115913 26995
1 109890 158070
1 62621 154010
1 195134 116812
1 115667 75873
1 20517 50093
1 149086 44273
1 143343 110616
2 31715
1 12253 133888
1 180840 154434
1 61650 135639
1 18464 85027
1 45206 52344
1 14058 106818
1 166660 118875
1 107175 121662
1 174108 106838
1 67384 36063
1 196558 28681
1 190575 162533
2 30662
1 44282 148981
1 147100 12984
1 89851 9212
1 27809 1197
1 129517 26728
2 112095
1 193854 119646
2 164974
1 137010 193681
1 194237 199427
1 185187 85521
1 73395 63812
1 191925 180406
1 8642 93132
1 40712 158434
1 188763 7567
2 116765
1 168288 13292
1 68891 16984
1 163601 110791
2 159195
2 92727
1 40657 123554
1 32493 95521
1 159983 146716
1 157961 104952
1 60206 127456
1 53609 162616
1 34866 15794
1 38959 142779
1 184929 189949
1 56368 49955
1 53456 108967
1 156347 147404
1 159342 198554
1 173418 182322
1 19951 152527
1 40616 12958
1 88828 75294
1 51075 167446
1 3545 112132
1 77493 182277
1 167062 112052
1 132589 121128
2 11514
1 2677 185891
1 103200 2797
1 148941 180251
2 98212
1 22661 92241
1 47133 19477
1 77073 130101
1 190759 37433
1 42711 65651
1 158061 63756
1 158849 66430
1 89783 120784
1 153727 69354
1 181904 164119
1 155796 37658
1 69817 46800
1 82600 45993
1 110160 107665
1 1737 180956
1 75771 169892
1 61123 35208
1 151001 176917
1 178337 24640
2 185386
1 135738 115588
1 107321 185597
1 57332 165156
1 34106 147610
1 20520 1060
1 84390 35761
1 2604 58715
1 72210 12932
1 170505 122719
1 18967 46096
1 13292 140501
1 189281 82625
1 156110 179254
1 62452 173846
1 47334 60580
1 35007 177362
1 70989 69485
1 2342 165732
1 111281 122974
1 137418 17241
1 72190 105036
2 80348
1 84589 193418
2 188302
1 190175 91264
1 72800 111755
1 597 159523
1 76228 119342
1 143950 6981
2 116792
1 195808 199469
1 147844 7343
1 12812 149942
1 194589 91307
1 77984 5692
1 114704 48776
1 98163 122059
1 139944 155023
1 106373 15574
1 141374 2552
1 116048 26531
1 80801 115521
1 115602 146485
1 63807 102254
1 176024 47546
1 47064 199777
1 35405 122935
1 78629 125213
1 189890 167984
1 53444 69333
1 160128 132444
1 36455 17402
1 167692 14408
1 16830 149892
1 75642 24330
2 185378
1 106851 26421
1 115150 164355
1 82905 87310
1 49919 61204
1 2808 76355
2 12444
1 150473 122718
1 169930 63608
1 146436 42277
1 184983 146354
2 49028
1 109021 17115
1 44688 118347
1 7406 159336
1 49176 46083
1 163539 17715
1 192973 182604
1 170345 138951
1 163328 26116
1 34707 25579
1 115430 3734
2 40898
2 29680
2 64711
1 104388 28480
1 68112 828
1 143504 74883
2 183284
1 180454 97105
1 138338 10594
1 184141 50736
2 61766
1 83237 28792
1 78443 170928
1 175030 37399
1 186582 11833
1 23831 84499
1 5487 147941
1 139652 28219
1 189610 56233
1 123763 130159
1 40687 136317
1 115742 10704
1 168204 126436
1 53839 91559
1 183963 29433
1 73771 52053
2 107313
1 95992 128066
1 135503 86728
1 112408 132822
1 193756 166767
1 39912 6698
1 165722 171248
1 157730 86221
1 26718 131074
1 164557 160550
2 153
1 35072 32488
1 100224 30952
1 70566 66524
1 24688 10967
1 100574 180257
1 35767 167927
1 77946 53615
1 124859 81122
1 16413 66983
1 84973 17676
1 122948 97411
1 51642 199116
1 87637 65148
1 170550 35690
2 121197
1 133048 58373
1 152156 96740
1 21055 143179
1 24149 40291
1 130252 165271
1 124539 31722
1 175722 94219
1 80166 129243
1 74635 124879
1 12182 186762
2 51286
1 160298 82971
1 197592 189746
1 141543 166726
2 30322
1 9844 59052
1 59303 171383
1 11301 150605
1 158593 94636
1 82763 101066
1 48373 194876
1 105269 75284
1 68532 178468
2 79146
1 85725 122036
1 15592 134417
2 60533
1 31765 124839
1 107726 49375
1 24127 5207
1 104644 73163
1 168286 165885
1 141050 100918
1 92893 129815
1 100630 155026
1 184131 38310
1 148171 32627
1 54941 44092
1 189467 163387
1 172139 143047
1 124397 69639
1 114826 47711
1 144785 48795
1 72290 107789
1 17041 60300
1 172240 62044
2 99515
1 198421 144278
1 86891 154348
1 91012 183490
1 67273 88927
1 31363 128284
2 63687
1 177973 167026
1 49131 38903
1 27771 96036
1 133141 134373
1 180029 8117
1 160393 82620
1 187871 10637
1 94368 138616
1 146426 10227
1 198106 174476
2 124162
1 174132 186143
1 54555 82807
1 43776 58960
1 168575 116880
1 38161 188691
1 128548 50980
1 3962 110302
1 132401 114523
1 144060 170755
2 11313
1 125067 87739
1 10581 37912
1 19292 165665
1 72210 178899
1 190406 127377
1 44384 143061
1 101479 28367
1 79866 48863
1 184247 12845
1 113169 166991
2 139528
1 123448 152882
1 21721 64477
1 38382 158773
1 6708 37679
1 183592 70184
2 72937
1 45426 180179
1 55721 155233
1 119619 7216
1 32322 74872
1 90224 166368
1 97832 174504
1 2879 145327
1 121487 54004
1 26979 7011
1 82855 197078
1 171820 198598
1 41255 175530
1 175790 57330
1 186654 191388
1 142578 28445
1 175351 18703
1 34780 9893
1 20557 16399
1 153629 112029
1 81903 16698
1 186650 176599
1 195189 77930
1 118620 100148
1 154692 84133
1 164985 64555
1 102494 70536
1 20034 79958
1 32429 34033
1 93806 175683
1 78609 34988
1 173510 97529
1 122791 182625
1 69395 77448
1 106205 48763
1 389 14614
1 100019 153052
1 98981 104
1 172884 65791
1 19709 113005
1 118677 124013
1 32134 190225
1 133644 66148
1 60051 3200
1 193941 129733
1 91899 133368
1 53217 38781
1 171020 73877
1 141376 26613
1 123182 94551
1 126640 109886
1 186773 55606
1 123622 99767
1 29739 157352
1 69660 185856
1 190461 157298
1 90523 160484
1 153700 190638
2 77002
2 48025
1 31707 183195
1 183933 46591
1 176939 105831
1 114597 96531
1 43528 53704
1 30309 71836
1 145960 85815
2 30062
1 62243 117907
2 186591
1 182013 72259
1 166738 84453
2 102178
1 50138 166950
1 65891 174380
2 167193
1 46384 7611
1 142022 174016
1 37997 143667
1 149025 49073
1 151802 121534
1 72778 98539
1 188747 147912
1 46320 55635
1 4481 57636
1 123785 78277
1 132983 71736
1 59908 87068
1 11016 189288
1 98482 49534
2 58149
1 186262 143920
2 14147
1 147685 55716
1 177222 170327
2 132350
2 54760
1 92377 159347
1 76973 130803
1 98404 62381
1 15413 146951
1 175731 115695
1 147656 115806
1 73488 185541
2 180092
1 152830 138114
1 11581 28368
1 65973 118643
1 107156 59509
1 175803 152607
1 110426 120031
1 54854 102852
1 65910 199693
1 76700 35462
1 124767 125271
1 75167 100257
1 190791 77304
1 185754 81556
1 120643 19292
1 5835 12876
1 142014 41579
1 48433 172431
2 3807
1 116603 97304
1 41376 150904
1 88220 33634
1 152319 162544
1 82981 153111
1 129773 22515
1 85850 179120
1 31541 114904
1 169551 35681
1 108708 135763
1 110745 195813
1 68302 152220
2 190260
1 83079 57573
1 175258 83766
1 87070 101243
1 88776 10356
1 188023 45333
1 69620 48370
1 114515 110323
1 43574 96785
1 152625 16412
1 2161 3060
1 158651 183727
1 101536 152563
1 164785 176552
1 161635 5700
1 152087 143535
1 32778 21862
1 82139 36327
2 87009
1 101865 97225
1 78695 58044
1 152768 177202
1 15436 108228
1 48851 172826
1 14499 102402
1 150735 77793
2 151772
1 108356 125071
2 43054
1 12718 135472
1 90677 87612
2 62395
1 66051 73703
1 65879 130579
1 101005 49374
1 28883 162966
1 76766 39783
1 111037 117770
2 129525
1 142500 89324
1 29335 63694
1 180113 148208
1 1321 26405
1 755 190136
1 180962 156617
1 175627 451
1 52574 14883
1 133817 20297
1 66134 138246
1 93835 96682
2 96655
2 79978
1 19350 53588
1 97027 78928
1 96511 50379
1 88886 85011
1 160124 138045
1 17535 194427
2 147135
1 193925 109229
1 147467 128249
1 4454 128191
1 16029 82892
1 91669 31219
2 166839
1 46183 165678
1 8672 70326
1 67716 197750
1 151638 30036
1 188081 114506
1 35036 125866
1 16023 41927
1 14377 142341
2 4181
2 3775
1 180270 108712
1 31693 110654
1 56692 78711
1 191400 12810
1 98429 16645
1 65837 196658
1 78093 123020
1 118361 176620
1 98389 116017
1 94196 76834
1 150656 50857
1 114492 40639
1 154298 113703
1 105873 133883
1 107009 159753
1 418 2917
1 38448 194371
1 144471 84273
1 75977 57483
1 2816 113474
1 177922 51782
2 158590
1 185895 186772
1 151705 115313
1 33965 103488
1 105063 30433
1 188653 127458
1 102634 83120
1 30973 87291
1 188590 171648
1 136470 30201
1 147895 110304
1 74758 121993
1 147337 13885
1 180505 154400
1 3953 143239
1 133956 109957
1 127064 8033
1 161492 88547
1 80521 81228
1 3543 190286
1 152256 44502
1 191625 3092
1 64501 130623
2 106114
1 135519 62505
1 172302 16413
1 193521 137009
1 194822 24044
1 8879 18560
1 181851 163226
1 106961 14841
1 141463 28832
1 72000 180853
2 120574
1 153363 70657
1 12228 29979
1 119640 18650
1 50857 172880
1 161131 20553
1 166975 28894
2 60402
1 105295 29484
1 76283 141119
1 194960 124294
1 175754 159778
1 112617 50554
1 16775 117749
1 141838 4797
1 134571 149220
1 59850 140792
1 76870 3900
2 189965
1 108373 175274
1 2729 101815
1 175958 69977
1 163675 74979
1 155806 160493
2 18728
1 15898 67504
1 105340 181303
2 28636
1 47034 100562
1 93850 6785
1 45048 117796
1 178117 75166
1 19580 13232
1 51564 155678
1 70714 16501
1 40657 27367
1 105988 197118
1 171973 124557
1 11133 148975
2 95222
1 63992 198915
1 32894 65915
1 34658 86745
2 102640
1 24363 155119
1 26938 110720
1 66435 37806
1 58101 124079
2 74444
1 154157 41369
1 83638 158324
1 83551 159126
1 49143 186627
1 41714 7946
1 106303 144781
1 13994 42698
2 18128
1 147586 132645
1 162113 37168
1 74143 171209
1 190424 4798
1 137461 46317
1 170879 195445
1 112867 110086
1 29177 84159
1 115320 112917
1 31286 160254
1 95426 31311
2 66817
1 99739 15252
1 183602 88171
1 186253 103447
1 120300 69495
1 198997 72468
1 50131 74887
1 164962 94208
1 136961 148935
1 15889 174793
1 174416 26457
1 93720 90080
2 16991
1 148081 21172
1 137868 62372
1 152092 127572
1 123041 194675
1 162951 31815
1 45166 154894
1 33626 120675
1 44922 34093
1 111354 53816
2 111721
1 49002 66451
1 134109 16163
1 196821 183398
1 85892 159556
1 192100 94867
1 43456 165573
2 88284
1 131228 102596
1 12854 65521
1 92750 168129
1 91422 26292
1 81695 114927
1 107509 22904
1 15657 120347
1 143204 147653
1 115997 127346
1 88380 15169
1 182316 95565
1 47806 44891
1 107127 148285
1 121124 157113
2 168057
1 128946 163508
1 154169 102707
1 78663 43333
1 84541 187609
1 174796 178514
1 574 75067
1 156062 164863
1 7240 109302
1 62091 123754
1 52579 16475
1 106361 7796
1 20128 195616
1 148949 71695
1 55844 17542
1 197247 194185
1 162418 47306
1 105652 50330
1 69822 167056
1 177019 234
1 183215 125389
1 92564 106023
1 121459 95859
1 46494 75013
2 4745
1 20406 124679
1 12023 121867
1 137491 127097
1 111210 53819
1 98632 43331
1 145899 67727
1 35724 87686
1 62114 45055
1 31639 128545
2 169758
1 80331 5236
1 109565 116215
1 6337 182985
1 147572 6275
1 151263 161572
1 195103 147260
1 128901 14792
1 155585 94129
1 77959 80248
1 98911 13293
1 170528 124483
1 150735 185573
1 178324 35281
1 33987 125030
1 135974 144236
1 35477 73790
1 113916 850
1 168213 196969
1 97871 120442
1 131921 27390
1 69528 111269
1 26916 4442
2 71479
2 14048
1 397 198777
1 116470 42148
1 43332 74639
1 196082 32962
1 46263 62263
1 112052 188895
1 57812 77514
1 117596 51296
1 64939 92914
1 33813 56210
1 219 79276
1 185580 158233
1 131900 169757
1 42129 163803
1 151310 190361
1 93548 4909
1 56034 93360
1 125732 119102
1 105927 140281
1 89708 173442
1 135096 132515
2 112591
1 72027 103940
1 147374 164860
1 114843 7357
1 41120 132501
1 186934 8869
1 44886 184373
1 177694 185749
1 85068 19968
1 167506 177520
1 131752 11439
1 23529 15495
2 97956
1 162171 16479
1 169518 83457
2 177401
1 55295 88852
1 158839 41661
1 15757 70200
1 177511 80560
1 143564 93348
1 194281 65954
1 134175 37884
1 72749 5180
1 116385 10567
1 93577 29864
1 172824 51773
1 107207 177278
1 105494 178387
1 2354 76595
1 142577 70597
1 41314 61373
1 166758 139044
1 144839 159114
1 189321 20192
1 147570 64225
1 92401 89814
1 39658 182616
1 183969 137309
1 141869 58808
2 23545
1 89489 96708
2 184845
1 187218 130997
1 6643 21898
1 16112 160397
1 163966 24226
2 17623
1 96527 118184
1 185220 103784
1 99732 89311
1 108815 193416
1 196920 171471
1 35330 137380
1 95471 41038
1 123459 27589
1 100556 44743
1 60595 8982
2 197450
1 32596 191833
1 160090 34199
1 122852 52303
1 21372 156387
1 67718 189356
1 146328 124519
1 137596 177265
1 38145 193209
1 198309 22967
1 161667 122767
1 58758 112664
1 165009 89681
1 101083 108829
1 108721 96291
1 20958 85673
2 183846
1 102257 184855
1 135162 38366
1 26605 19941
1 8249 116126
2 92269
1 40627 85258
1 38915 29519
1 160837 55795
1 62476 22661
2 168857
1 76184 2639
1 61843 134220
1 100893 62375
1 196922 7880
1 60111 57162
1 8848 4017
2 111379
1 160670 26093
1 22396 156826
2 144226
1 189068 95445
1 113654 82753
1 125046 77532
1 141627 28284
1 177560 112424
1 41957 144390
1 16781 129780
1 132305 3697
1 144885 32931
1 187402 53145
1 78042 59861
1 67096 29775
1 74981 49129
1 42700 192968
1 155458 30163
1 45578 29511
1 19728 36512
1 76824 148872
1 190158 112008
1 171238 61103
1 117122 83891
1 173470 41712
1 35628 66574
2 27949
1 112101 47338
1 121262 44434
2 2273
1 189639 72428
1 112534 158204
1 150568 158249
1 88904 1780
2 35223
1 151836 25908
1 51725 82227
1 81451 107355
1 59985 148966
2 55452
1 151616 51227
1 137536 106892
1 44392 144716
1 35081 175866
1 174874 188037
1 41251 10006
1 192217 152599
1 154269 30155
1 135527 113837
1 65281 177423
1 40021 83896
1 33990 154731
1 119242 28956
1 1080 134726
1 36304 97881
2 165796
1 79687 145829
1 133290 147656
1 144607 169472
2 79365
2 47889
1 125921 192925
1 44183 111598
1 82142 21106
1 159407 100384
1 76139 41906
1 171694 56589
1 110442 101041
1 84494 15951
1 132339 68947
1 52412 146370
1 36965 100476
1 80583 31756
1 16238 15803
1 191952 114989
1 22999 37299
1 175406 188937
1 97363 53193
1 148961 77684
1 55625 51284
1 26169 191805
1 24671 151170
1 121671 1789
1 22026 92807
1 112581 60705
1 28371 31883
1 89473 50358
1 24236 8404
1 199695 86133
1 90611 114993
1 181168 106704
1 171590 121257
1 71165 28283
1 187719 26403
1 52504 147965
1 182449 145495
1 178261 39993
1 57948 97141
1 154980 106488
1 171533 22483
1 49858 116281
1 4802 190429
2 87009
1 144499 164540
1 23674 23573
1 185936 175053
1 43510 95168
1 178417 82340
1 158018 100927
1 120627 93142
1 69554 149590
1 170110 13999
1 1741 46938
1 9839 80762
1 168482 84638
1 181384 121229
1 92302 83999
1 105687 98455
1 88268 92979
1 11684 57262
1 182205 185839
1 48479 138516
1 78586 65688
1 164745 71434
1 35544 136461
1 99169 2968
1 158395 142322
1 44626 49179
1 42079 106336
1 10075 26192
1 69538 9163
1 187646 112095
1 25749 190003
1 113517 199403
1 30276 59535
1 44529 27929
1 30531 116470
1 8157 107167
1 67452 174928
1 60402 117328
1 167031 75069
1 102740 128804
1 141352 39300
1 10413 22348
1 84991 31423
1 149472 102902
1 72684 31108
1 168049 124638
1 152625 62614
1 127538 150678
1 152300 88589
1 194801 100118
1 178468 133891
1 149472 1671
1 41172 74369
1 95301 196301
1 107190 190761
1 43555 152787
1 88465 190500
1 131367 130651
1 42694 60047
1 79447 162117
1 56471 164065
1 88185 479
1 150969 544
1 57280 107375
1 25371 67717
1 31932 138621
1 76151 72364
1 54273 89380
1 4889 61569
1 192728 4889
1 106413 190503
1 17957 49084
1 30029 35114
1 58841 177439
1 23691 120552
1 154585 62229
1 149244 20987
1 66542 127613
1 151173 81449
1 15790 106958
1 70954 107023
1 172202 78437
1 7765 46667
1 84633 49421
1 137763 128425
1 124420 172365
1 155573 16145
1 155956 71224
1 71477 153326
1 138009 105393
1 121895 117858
1 8252 130557
1 151602 78120
1 110120 128846
1 145647 153161
1 83091 42764
1 78961 11331
1 69331 184422
1 11541 167351
1 150078 43226
1 104972 116178
1 198562 144577
1 55398 46525
1 118567 48990
1 164576 140361
1 30977 96616
1 187569 1429
1 59226 196502
1 197714 151874
1 57471 68266
1 132045 130968
1 65353 1665
1 113031 116858
1 163983 91098
1 43216 53959
1 7370 2148
1 104233 94994
1 189000 36877
1 172119 166469
1 169686 14663
1 63783 59089
1 131879 174493
1 152195 136857
1 137546 117111
1 132404 138207
1 92555 108587
1 82487 184367
1 129383 162372
1 169925 147530
1 188086 10710
1 92381 67861
1 180180 169987
1 25429 179779
1 73616 194503
1 166881 128704
1 127385 95883
1 188642 25311
1 165413 110504
1 197042 88646
1 179043 172153
1 84783 103321
1 96612 34342
1 168646 148516
1 175173 49646
1 135426 50508
1 109920 94261
1 60821 140920
1 198323 113678
1 55462 128636
1 109713 189898
1 90459 47366
1 163400 79297
1 4584 109260
1 106514 145888
1 104728 123637
1 130047 70132
1 135196 133894
1 128930 177333
1 98642 148432
1 85627 156054
1 122007 2201
1 187685 19725
1 164111 97928
1 140161 121054
1 151220 114580
1 104227 123372
1 97438 66863
1 67707 56130
1 83538 17134
1 191173 70430
1 100429 15932
1 18229 62719
1 137810 81472
1 168861 48048
1 37618 61900
1 8929 56917
1 72347 136263
1 164253 90934
1 182116 48157
1 127509 92042
1 4504 78181
1 76509 42117
1 187329 63955
1 166026 123557
1 138103 42463
1 123672 158393
1 135656 63093
1 186269 186610
1 148650 115038
1 189742 86895
1 180159 156910
1 14223 172803
1 172199 57136
1 118753 88777
1 15340 112527
1 6151 23403
1 147242 104134
1 189849 186607
1 49309 100874
1 62285 44291
1 58223 188725
1 28066 175242
1 158594 179958
1 198607 198119
1 199675 47864
1 132267 51272
1 129872 40784
1 65822 161591
1 123667 102442
1 15303 192798
1 103102 29110
1 114543 22616
1 104065 127759
1 2990 193151
1 132554 131500
1 15196 105139
1 95188 138570
1 14203 32424
1 52403 33433
1 85859 89395
1 126046 46630
1 98989 159510
1 174078 58120
1 125348 59914
1 58806 33487
1 138857 20684
1 435 171946
1 92581 33258
1 309 86552
1 1332 122512
1 96159 179537
1 166735 48206
1 133308 97909
1 13371 183788
1 190482 88565
1 113393 46961
1 35882 64384
1 40141 74799
1 71328 21424
1 197690 48019
1 125928 96118
1 112477 23083
1 45730 108867
1 118273 168569
1 166304 83705
1 187075 171703
1 153140 108689
1 195903 42283
1 166463 50446
1 190266 143277
1 38903 122209
1 73937 47030
1 97528 151198
1 134114 59244
1 49167 145375
1 163769 189930
1 90691 77367
1 52733 14613
1 100580 171546
1 150043 90716
1 3544 177994
1 178739 105231
1 117027 139524
1 93186 67299
1 190838 185260
1 151056 122500
1 180923 166903
1 61083 53277
1 177184 62424
1 108419 149540
1 21346 10157
1 199735 49833
1 41884 168426
1 12831 67359
1 196368 116869
1 17739 83116
1 184757 176739
1 188700 121518
1 67905 132419
1 77490 72462
1 57529 54057
1 177493 182729
1 24758 90574
1 111975 62012
1 75513 192646
1 78730 136816
1 31346 31666
1 158478 69478
1 167182 178919
1 87645 61604
1 52351 77277
1 48426 49536
1 114896 120924
1 9559 74476
1 160937 128932
1 194277 171395
1 93919 180124
1 153506 50899
1 48959 48446
1 122382 9067
1 168924 95872
1 28238 73383
1 199447 186310
1 97300 16953
1 160751 55238
1 84366 111098
1 160201 55803
1 9998 21233
1 75585 191117
1 27450 123490
1 178673 66433
1 182261 136603
1 107200 66909
1 74957 37115
1 140271 43295
1 57830 72579
1 73632 67359
1 106022 83490
1 149992 122433
1 56867 124667
1 139287 154207
1 71498 34233
1 156293 89013
1 103057 29398
1 40671 101071
1 82014 132072
1 59569 121840
1 151737 25709
1 186550 28228
1 112175 189912
1 93533 7689
1 39561 129884
1 181278 149113
1 21868 1144
1 193278 184955
1 82066 38724
1 74015 70666
1 191593 178234
1 71244 30309
1 146953 106056
1 15490 134968
1 69788 104789
1 95362 71563
1 147528 28626
1 99350 35498
1 34849 46019
1 83234 199316
1 60749 126157
1 38702 23655
1 74103 17602
1 156976 83148
1 4856 163755
1 115167 85023
1 75971 1685
1 182325 183713
1 115600 182815
1 74115 141538
1 14410 157570
1 94076 165032
1 116412 158241
1 21435 28197
1 174393 136787
1 46614 87960
1 68876 147695
1 66791 146050
1 28895 6616
1 41367 184460
1 131055 85320
1 191854 138870
1 10096 2145
1 197336 161091
1 139324 106866
1 32762 122083
1 172546 34566
1 166198 66593
1 72940 130419
1 85179 158158
1 60753 53409
1 76880 193453
1 40540 156249
1 121761 22560
1 137852 34193
1 170059 91603
1 171534 25205
1 196452 196520
1 29704 40695
1 113231 35170
1 52455 6873
1 41983 177685
1 175258 60666
1 125961 148429
1 44208 105504
1 183534 92734
1 110143 77253
1 26536 169900
1 141335 76004
1 136885 194907
1 145447 16645
1 170723 112570
1 112493 39303
1 24539 185995
1 192163 6062
1 71600 104086
1 128552 27309
1 130152 142734
1 111852 16374
1 29196 8580
1 31392 157119
1 18221 74891
1 185501 136918
1 105784 144427
1 191956 179432
1 148091 61514
1 87862 109966
1 75767 115031
1 77988 29465
1 96489 15608
1 41881 127839
1 185683 159543
1 164758 110790
1 47376 172520
1 68111 114705
1 106520 133918
1 193876 44456
1 95504 108302
1 129218 38893
1 8213 180675
1 121259 32252
1 28938 153285
1 158274 15809
1 131424 28355
1 22859 23873
1 65830 109640
1 4674 27233
1 98833 91933
1 95563 158332
1 59597 64442
1 174683 110435
1 146628 25267
1 89636 8245
1 57070 32288
1 186950 136609
1 30234 61133
1 183795 157048
1 8827 177763
1 118691 25977
1 149622 8407
1 116346 172887
1 79403 64593
1 154039 70029
1 193538 18400
1 39838 166501
1 39480 46108
1 12839 110277
1 151145 26651
1 72488 138299
1 29024 5848
1 136577 142539
1 21405 193184
1 24966 7990
1 162853 62078
1 27570 175692
1 100112 189289
1 57673 13940
1 152399 92077
1 138702 70075
1 171773 153368
1 105575 175772
1 58024 133542
1 28365 34639
1 107807 168302
1 64825 41813
1 189117 62477
1 37387 123266
1 36790 57875
1 24443 57291
1 72033 137965
1 161669 135634
1 180295 197715
1 72465 171632
1 118699 175987
1 63009 102786
1 170395 13661
1 199230 37751
1 181621 62512
1 50788 182424
1 68861 8132
1 54509 144537
1 15838 65945
1 85116 188831
1 108158 77120
1 156010 182290
1 31303 56392
1 137206 72484
1 173683 157868
1 88744 155938
1 163927 91387
1 111942 71227
1 99315 174471
1 134907 19854
1 249 41426
1 115460 100537
1 69147 68981
1 104925 193247
1 95770 76499
1 110316 14777
1 189773 9342
1 132524 145184
1 161390 168679
1 100507 79194
1 130730 166283
1 38823 100899
1 2602 8924
1 66583 49341
1 146078 195438
1 134134 79547
1 116746 113188
1 191942 146185
1 116691 123673
1 75170 88832
1 11722 153107
1 30003 32937
1 84666 90532
1 31511 181200
1 28015 99554
1 199758 184971
1 146759 16586
1 25575 181258
1 67325 36784
1 19050 151841
1 61619 68267
1 18696 979
1 62272 183870
1 164544 189665
1 70266 154889
1 87186 181332
1 5190 24816
1 114665 60039
1 187805 167564
1 56964 5816
1 174753 29265
1 65254 113616
1 59232 55296
1 74558 190128
1 40167 75406
1 69913 195582
1 169547 50132
1 35271 195697
1 184180 132920
1 133387 157529
1 75051 158107
1 165703 130034
1 70565 152068
1 192870 153450
1 184848 104333
1 171915 90928
1 194269 74637
1 194938 120960
1 198862 39109
1 12550 27884
1 58113 13070
1 157243 76333
1 73406 171586
1 138700 26410
1 105469 199786
1 63807 189064
1 84924 42217
1 116759 168243
1 196352 98727
1 94083 27435
1 7272 148415
1 199749 140625
1 181050 140012
1 197156 101684
1 45672 109233
1 165334 88791
1 30051 112968
1 15016 51526
1 53795 171470
1 108784 177113
1 98421 2605
1 43445 18567
1 15045 163593
1 114332 18670
1 150574 116911
1 59734 44769
1 100928 176762
1 19144 137779
1 69969 187015
1 136315 111171
1 83143 69468
1 168901 70921
1 77540 12372
1 35896 24608
1 117778 65807
1 166921 13716
1 114673 30615
1 85955 97005
1 151775 61781
1 12397 122492
1 39816 97013
1 124024 72037
1 136238 4054
1 121710 85677
1 25913 154167
1 9047 165190
1 1154 16734
1 31277 117849
1 80348 47499
1 129411 55251
1 14117 115420
1 113201 149811
1 175435 105922
1 1410 81107
1 184738 196323
1 118754 52596
1 177317 76049
1 112002 46990
1 199114 2155
1 191437 197080
1 53451 48978
1 141264 45205
1 154290 73999
1 184485 27680
1 111332 69891
1 137761 179257
1 8497 57167
1 153726 175375
1 116635 30084
1 81739 51408
1 42021 30605
1 193490 135215
1 15646 91739
1 5066 2421
1 62829 57874
1 167807 92492
1 41887 124914
1 95678 131975
1 93358 96776
1 159749 144693
1 75540 72597
1 113386 105383
1 89297 173055
1 88650 93440
1 173945 124087
1 27701 85053
1 48385 109418
1 95831 119493
1 117322 169388
1 183658 101874
1 122671 120481
1 126555 128991
1 22220 80301
1 38201 35317
1 89103 98719
1 129957 149361
1 61891 62298
1 155510 176504
1 100635 32580
1 10860 158621
1 58299 24625
1 60887 86321
1 132237 153682
1 42760 134413
1 63170 97434
1 195449 26972
1 41383 182001
1 130680 50028
1 180074 198685
1 55642 58614
1 143277 86893
1 14301 57771
1 128010 135016
1 121821 107266
1 159783 99445
1 107131 76351
1 159228 124748
1 69067 112709
1 169954 72925
1 169149 49439
1 61982 64895
1 80846 123084
1 96174 71707
1 123312 51977
1 185107 159129
1 165367 142627
1 18655 192651
1 152069 80508
1 80065 87769
1 151543 136989
1 32910 3372
1 196817 150525
1 70738 61983
1 115816 69713
1 26007 5475
1 4559 53333
1 168565 131121
1 120387 105497
1 166555 76917
1 140698 69775
1 157853 74489
1 129769 111187
1 146302 187279
1 52789 10236
1 67775 198019
1 25437 136162
1 41128 16320
1 87877 183664
1 102166 60994
1 193670 8172
1 37701 33148
1 81620 41412
1 18656 193226
1 57647 143964
1 100295 149465
1 128910 40149
1 19168 71573
1 21641 73119
1 47841 33683
1 99461 39426
1 21340 20800
1 33381 74473
1 109900 39433
1 28143 69935
1 98719 111821
1 138173 41519
1 100356 60288
1 93029 7751
1 116022 44384
1 112426 32492
1 127817 70237
1 15972 69427
1 143157 60421
1 31085 109790
1 175265 166894
1 131918 51942
1 37169 149990
1 122409 159881
1 186962 186592
1 85671 116883
1 162437 176408
1 140837 164273
1 191659 6087
1 118490 45812
1 29648 142477
1 170572 71778
1 110010 63451
1 52020 114243
1 41779 113569
1 136879 118505
1 53973 92087
1 179494 45953
1 98902 68367
1 28671 83034
1 4180 102875
1 63941 95732
1 139426 76027
1 169110 75147
1 56211 94889
1 186316 86179
1 151621 60008
1 29165 169365
1 30770 198698
1 141910 199515
1 52787 95489
1 116773 56664
1 48342 29000
1 15974 77355
1 192802 130834
1 131457 178102
1 104104 197459
1 44514 138345
1 161164 65614
1 152936 174356
1 25043 120062
1 60305 48557
1 99310 97225
1 84837 75678
1 90824 78434
1 188962 142419
1 165965 48125
1 127529 161218
1 192060 107512
1 114535 45307
1 76782 137671
1 195653 103154
1 187238 64672
1 157908 153163
1 65883 38185
1 135219 123557
1 161540 196255
1 49219 8554
1 176739 187720
1 135308 52373
1 140757 130650
1 125489 50948
1 156632 69549
1 39569 189696
1 107422 189215
1 125503 161802
1 44369 34438
1 114725 67369
1 194535 152987
1 48436 59569
1 66856 134820
1 7247 87382
1 114109 10338
1 67064 191281
1 184187 81021
1 36347 80337
1 59760 75244
1 179033 112645
1 71085 173609
1 92983 159785
1 26580 152981
1 104392 197552
1 181220 136807
1 36472 20337
1 82370 139354
1 195482 126900
1 152906 85143
1 89812 140990
1 37271 171297
1 69642 165850
1 164943 40896
1 139784 94891
1 145074 124335
1 94195 47920
1 16867 71305
1 187890 185878
1 5943 167602
1 77721 82820
1 124926 66754
1 190806 28066
1 91793 100791
1 61599 35115
1 120155 46747
1 21275 62069
1 91113 102322
1 99343 145343
1 82998 75113
1 121804 176698
1 39730 63611
1 17752 4506
1 147283 68070
1 129498 61471
1 37791 190606
1 83465 129886
1 194296 67183
1 166103 140565
1 121193 39944
1 197977 140271
1 172080 129542
1 113786 125717
1 132812 55471
1 16865 35190
1 40201 80912
1 110560 151383
1 19209 74089
1 142814 49309
1 76821 195862
1 81351 109210
1 170724 127489
1 108082 150807
1 154218 125638
1 5139 4194
1 3812 139815
1 199842 32728
1 29859 33265
1 164683 64627
1 3160 66799
1 29015 148567
1 14175 153293
1 61338 192281
1 128718 112975
1 33631 51409
1 56640 61939
1 144593 45026
1 42460 79715
1 189483 28487
1 183339 61152
1 64354 8864
1 131610 124075
1 102352 179197
1 21964 149813
1 175908 195754
1 58788 12169
1 169801 142075
1 62097 74424
1 198612 68377
1 14107 132998
1 76338 45838
1 82284 12115
1 13264 110861
1 114850 145164
1 127948 81925
1 15636 36563
1 129564 117032
1 81699 49387
1 199229 32950
1 41091 23785
1 54687 76496
1 59401 121879
1 178959 56249
1 72119 127722
1 129189 196335
1 140293 81318
1 86766 66219
1 9458 59024
1 150492 112436
1 150540 2069
1 52333 145322
1 54204 125560
1 65689 913
1 172501 46017
1 147456 128797
1 8414 173860
1 7507 21693
1 48286 4784
1 128065 109226
1 96552 81465
1 3172 77426
1 35878 70152
1 131693 50048
1 165162 183233
1 109197 143726
1 174450 12692
1 198246 45837
1 158012 166568
1 42801 121076
1 183307 109764
1 154417 177991
1 168440 197120
1 138583 131466
1 54972 56236
1 106679 142118
1 20732 103167
1 59115 130746
1 48278 192002
1 58758 138534
1 107371 82109
1 151164 126868
1 114734 172514
1 51919 195591
1 26155 71353
1 99005 168552
1 191899 57868
1 164519 76431
1 8359 173204
1 110277 38415
1 133882 63459
1 172297 77124
1 116876 78994
1 160785 83041
1 179884 5102
1 195601 196917
1 66062 164766
1 135743 1597
1 155157 63640
1 142848 172336
1 98978 166277
1 132371 126278
1 181405 137329
1 103356 129099
1 167428 188216
1 144628 110499
1 84465 23021
1 89487 28061
1 193968 15180
1 183534 197692
1 62721 66850
1 45158 118788
1 153194 153915
1 146095 55170
1 150210 17228
1 172881 110559
1 10361 1250
1 109132 195942
1 69163 130699
1 98631 48787
1 135462 21827
1 145084 107870
1 51769 62754
1 53409 135752
1 53375 64195
1 149018 42342
1 15085 6648
1 149853 14699
1 195480 85740
1 111717 77307
1 171786 158232
1 56667 23597
1 169543 33898
1 20545 115935
1 23002 171570
1 164640 123072
1 62309 104399
1 124213 184602
1 37417 191706
1 199128 89502
1 112914 116177
1 45613 96309
1 44231 81158
1 83854 34756
1 31152 74761
1 71863 34815
1 159112 181459
1 32500 48305
1 16997 164404
1 170056 190922
1 1605 110271
1 14816 21226
1 144795 171891
1 120375 81389
1 13722 121581
1 38410 11959
1 198657 23501
1 66367 119809
1 69031 181990
1 103441 125221
1 53705 153066
1 190527 4646
1 40274 33748
1 169077 84803
1 40618 20824
1 119291 83326
1 135937 2632
1 114717 14824
1 132893 7432
1 103770 19183
1 178211 15284
1 73808 30442
1 112355 4623
1 103336 149027
1 115558 165103
1 92030 5606
1 160700 119143
1 195028 146185
1 153984 153397
1 65911 137981
1 11374 22254
1 174193 119508
1 130665 84198
1 43632 120978
1 128134 188068
1 142134 3193
1 91293 110405
1 29827 164239
1 40528 18799
1 167808 47155
1 166044 19641
1 114669 190048
1 84128 17816
1 14797 139840
1 17835 116237
1 43024 71477
1 5899 179086
1 18881 34403
1 53843 179570
1 13809 100866
1 127532 70112
1 154851 4002
1 118239 108665
1 90298 24448
1 30113 114821
1 19231 77256
1 96672 54876
1 21111 136171
1 172493 95894
1 121476 4578
1 75179 71284
1 187034 173059
1 110167 152592
1 147973 13252
1 103319 134210
1 29497 57934
1 152359 108436
1 98042 125507
1 167298 77033
1 189708 182482
1 123886 94505
1 174494 12987
1 13771 51312
1 12402 122462
1 13085 192951
1 94480 135688
1 89687 43010
1 47979 190144
1 123754 12428
1 36692 103951
1 136846 166512
1 91166 157070
1 60816 97177
1 6225 42868
1 29533 13675
1 195219 114912
1 70414 139955
1 164115 159395
1 197492 97421
1 123511 30929
1 135270 9300
1 57481 64330
1 182600 196303
1 92381 187268
1 123421 183578
1 144582 163931
1 174544 179346
1 57273 54939
1 4159 132805
1 18306 124684
1 37257 122137
1 144934 65087
1 2842 33275
1 14103 175321
1 17652 194507
1 44575 194526
1 83072 176966
1 80071 190271
1 92117 171443
1 19655 165606
1 104200 185298
1 139763 97664
1 4020 2
1 144035 93836
1 14347 39665
1 176611 15972
1 84702 458
1 183452 51082
1 55721 178841
1 44163 93748
1 39651 199746
1 88193 151322
1 34564 28643
1 73186 16959
1 121431 41351
1 43265 112382
1 130306 194892
1 78771 83160
1 59731 137046
1 172723 17274
1 80909 48694
1 186766 187859
1 92019 82965
1 30607 174743
1 143508 3430
1 198317 45645
1 176856 158154
1 88180 187360
1 28362 136005
1 151602 46691
1 167525 55457
1 55331 181286
1 138980 84961
1 135454 78520
1 86468 25384
1 140800 38525
1 170844 31978
1 113177 85042
1 133985 21204
1 149206 124094
1 129651 20920
1 101359 174588
1 118891 24124
1 158162 29254
1 119529 188162
1 75471 15235
1 153112 75610
1 70469 53683
1 92677 80359
1 70348 158075
1 62368 188175
1 164388 6700
1 96529 78759
1 97630 123097
1 191295 102558
1 183945 31704
1 192669 43112
1 95392 41624
1 41526 39406
1 14322 84900
1 186233 51764
1 177041 10102
1 49032 183306
1 6591 157632
1 143614 174455
1 15829 43382
1 17535 136099
1 11126 35552
1 48644 54148
1 11508 13983
1 167974 31499
1 85696 124669
1 167914 126735
1 167512 92409
1 72846 34489
1 89195 21651
1 130516 71410
1 30160 46101
1 127372 188554
1 176553 29155
1 35622 46570
1 30290 146564
1 73272 56316
1 125902 86256
1 7436 1177
1 158386 93788
1 160941 147187
1 53139 196356
1 54964 138051
1 147822 15289
1 196750 100982
1 107735 164907
1 40911 19220
1 76773 126967
1 146813 182512
1 197979 57396
1 150358 17750
1 69977 160507
1 5283 120946
1 123332 133621
1 40449 139901
1 22962 66537
1 89069 20718
1 79003 116102
1 47504 64606
1 105596 34285
1 98764 128763
1 154573 167939
1 72837 156529
1 196582 29685
1 149618 122006
1 136109 20428
1 39205 33429
1 109827 104499
1 6297 140253
1 368 34503
1 25085 126858
1 154571 172382
1 171710 140500
1 41454 74074
1 109465 168759
1 109465 102832
1 16096 108322
1 111909 93748
1 144332 169315
1 90989 46759
1 132228 63251
1 124535 104387
1 17645 62654
1 172137 173254
1 137906 18581
1 70826 161149
1 124117 19543
1 186325 109842
1 14391 72381
1 192549 78809
1 143140 98213
1 152349 168344
1 183523 120706
1 49271 179669
1 119292 10305
1 26448 181348
1 88970 16894
1 169234 98672
1 69763 121769
1 132577 140233
1 96709 49842
1 196234 191343
1 194020 50172
1 22504 182430
1 105777 34945
1 120344 118683
1 110028 118082
1 112992 126397
1 106733 187378
1 182171 185727
1 62830 170147
1 53545 91140
1 25181 113
1 138068 104748
1 174721 163437
1 44613 170774
1 113579 149581
1 48616 58038
1 147583 76881
1 93468 89306
1 77571 39865
1 193184 61879
1 40423 116965
1 118714 58936
1 194261 80268
1 149226 33609
1 39802 56993
1 102286 130081
1 75605 65411
1 13719 65998
1 7103 193124
1 185708 74053
1 167228 98300
1 147292 68010
1 132865 149487
1 142345 5341
1 20294 45051
1 188755 9093
1 76813 105638
1 151940 55137
1 16947 102119
1 86842 1420
1 186103 67156
1 152409 68304
1 116553 156108
1 19633 144431
1 147093 118437
1 174893 27182
1 46735 141144
1 175998 120354
1 38464 60268
1 20680 60607
1 117009 113056
1 1931 82142
1 160727 38941
1 85780 85647
1 189409 86619
1 119780 159008
1 36158 24466
1 44897 85356
1 147089 100388
1 121852 144934
1 61145 72584
1 8098 65576
1 166588 190010
1 143207 162551
1 6612 40097
1 156847 195481
1 181693 97409
1 16031 88538
1 73309 163682
1 99459 112603
1 123892 192384
1 92545 189660
1 190438 93684
1 146942 52235
1 155079 178531
1 136014 13388
1 138278 1509
1 182818 71371
1 166236 68536
1 62893 103104
1 143126 159462
1 77079 1539
1 157729 79412
1 136230 12688
1 178614 184845
1 19177 108252
1 185735 150446
1 168807 112088
1 112008 52051
1 150215 81925
1 16320 88993
1 78081 35449
1 160274 196052
1 68741 114096
1 36615 113836
1 163114 77846
1 76766 86740
1 111385 29012
1 49558 151187
1 60474 127897
1 45371 94710
1 144735 49387
1 188080 57533
1 176240 137966
1 80444 103685
1 32214 116275
1 42839 48182
1 2668 175940
1 88821 185518
1 76003 34223
1 72404 118253
1 38132 58769
1 46211 129
1 21835 168677
1 195380 180917
1 22386 120397
1 180292 138549
1 4027 116063
1 519 133253
1 188722 188531
1 53081 156452
1 130498 81900
1 180514 108154
1 26151 64070
1 144809 154505
1 24404 93471
1 113820 150866
1 84709 139464
1 121374 15239
1 75463 168397
1 177362 89969
1 122342 155395
1 106279 144419
1 196695 85969
1 173349 17630
1 28423 20674
1 7223 28294
1 121764 35722
1 130169 83269
1 125002 21526
1 24323 178046
1 66416 72409
1 132662 138037
1 131795 44884
1 103558 37244
1 47651 102117
1 198025 76321
1 69486 17875
1 56127 13718
1 129546 177689
1 146658 86369
1 185094 104113
1 158703 180485
1 123282 20962
1 100021 92080
1 101421 183693
1 47710 199718
1 182031 115508
1 162747 80493
1 137240 172940
1 187540 124538
1 42553 134404
1 121008 136348
1 7714 164054
1 61922 186408
1 49259 180558
1 150613 49572
1 145926 91992
1 66521 96567
1 74405 1998
1 175534 183825
1 2600 93378
1 81423 105495
1 101129 150665
1 58115 105106
1 5067 149257
1 27616 62360
1 147232 46531
1 121824 40186
1 103130 60260
1 99689 35631
1 96724 51528
1 38807 164097
1 30881 135632
1 129676 59318
1 101685 119270
1 187771 143297
1 134291 191822
1 2161 187498
1 177847 153583
1 117925 94844
1 16900 123042
1 102081 149102
1 176112 55802
1 159345 151955
1 73454 18068
1 1195 70085
1 178908 176737
1 188991 144014
1 189102 22321
1 33441 138073
1 69338 128962
1 91188 93529
1 119366 177737
1 23066 112376
1 8687 101759
1 190201 186243
1 184667 36400
1 66767 173843
1 94401 27072
1 162233 87615
1 64566 91007
1 26817 162176
1 61019 95726
1 174630 39397
1 108357 122834
1 59055 56440
1 56813 90873
1 142771 130927
1 70297 157322
1 84130 179160
1 24778 79313
1 82136 180607
1 90408 107338
1 133412 77089
1 81130 66734
1 97107 107542
1 41034 62780
1 166658 87162
1 58793 25290
1 62307 21724
1 156414 28812
1 68239 73835
1 116420 180387
1 70030 103773
1 196452 2025
1 8994 15457
1 134113 9084
1 63962 110280
1 124931 182281
1 187989 195567
1 41861 161435
1 87573 119856
1 71362 65636
1 41095 62922
1 104414 191051
1 128335 27917
1 171377 150070
1 64537 67018
1 164473 76441
1 136093 135290
1 130752 103743
1 56754 111853
1 125450 985
1 155606 157174
1 1412 114181
1 111741 68629
1 68585 36320
1 118616 39269
1 146935 123406
1 189863 99783
1 85138 39497
1 117058 77583
1 78902 183081
1 50020 100333
1 137570 58227
1 193593 64734
1 187203 46436
1 120553 133971
1 183071 3583
1 109349 51361
1 130819 88917
1 97713 104363
1 184815 77844
1 194483 92622
1 184319 194771
1 64187 161931
1 170845 5213
1 171155 20921
1 170213 161148
1 102024 29036
1 78617 154888
1 169977 31520
1 139143 125999
1 158368 28331
1 113847 45703
1 173918 2594
1 136728 160530
1 19404 42313
1 13677 151376
1 188351 188609
1 10612 138187
1 10459 159661
1 109399 77151
1 160859 132005
1 60887 195912
1 112863 181471
1 36533 144369
1 189238 155482
1 1634 68281
1 76654 133261
1 102185 197640
1 117402 154063
1 184540 35283
1 84836 37832
1 83772 12460
1 44563 189591
1 143084 96333
1 157342 166085
1 57432 47590
1 56305 92074
1 182690 141861
1 107390 48094
1 21070 56325
1 76744 147491
1 149934 185114
1 87788 91025
1 63503 119643
1 13233 163266
1 48741 71345
1 179217 138942
1 46836 39871
1 29704 11113
1 22401 178930
1 118620 100587
1 65145 32267
1 55086 15840
1 113823 170986
1 110016 71426
1 6459 31517
1 197574 131859
1 152129 45097
1 136754 61135
1 189632 77208
1 128250 75921
1 104012 3331
1 145836 188228
1 179886 7585
1 193910 52813
1 77578 198225
1 52591 28791
1 156432 155365
1 101161 117599
1 56359 190703
1 185531 171041
1 75990 79824
1 97673 18434
1 104757 22526
1 158615 161055
1 19796 93910
1 90702 25366
1 7914 121954
1 54349 106995
1 37568 77356
1 95220 195037
1 145054 29251
1 76908 3585
1 182710 178253
1 180155 51967
1 97104 33550
1 86279 62484
1 49462 145015
1 82664 101768
1 175009 4338
1 180403 2009
1 173091 126701
1 127620 106791
1 182805 97062
1 174603 61025
1 152260 13173
1 5786 101296
1 83415 146399
1 66222 52130
1 199108 19802
1 97275 39641
1 160116 37020
1 32189 29748
1 154547 41834
1 170492 62910
1 159005 165725
1 29983 73301
1 136965 181878
1 20277 26910
1 199207 29670
1 66623 149032
1 132432 178199
1 182465 84381
1 22924 18814
1 167115 167984
1 73296 97125
1 108611 136899
1 73577 98420
1 52277 146903
1 196965 119360
1 80861 26810
1 101825 33878
1 74611 85740
1 81490 133897
1 168568 169298
1 12599 86586
1 198976 102750
1 192702 82664
1 19969 77950
1 86357 155064
1 58971 189572
1 147892 34886
1 31016 133078
1 52937 122604
1 154694 42263
1 99300 170385
1 59170 2901
1 23204 105590
1 67014 153076
1 65890 146493
1 50790 89371
1 105308 64315
1 155879 46813
1 50148 76800
1 69041 34858
1 86410 119076
1 116215 181943
1 98311 176660
1 59140 70826
1 29611 111964
1 95688 38027
1 109321 44919
1 161763 125863
1 8993 50389
1 196977 148871
1 154637 189227
1 96278 109201
1 141552 184577
1 175372 11260
1 179036 168504
1 37354 5689
1 84163 151707
1 75895 98335
1 10849 180007
1 179311 56664
1 99879 27869
1 18453 102987
1 133674 113159
1 32249 29705
1 144141 54665
1 120971 196795
1 56044 110635
1 175585 2251
1 64202 194531
1 75270 50322
1 163709 61608
1 163524 94851
1 66904 35444
1 21938 115734
1 81753 128729
1 164864 42934
1 67029 113799
1 190594 154926
1 131232 142236
1 183740 129745
1 67649 149229
1 199341 149610
1 74773 182228
1 136223 150371
1 80770 127674
1 115245 158521
1 185311 187495
1 119254 179296
1 95841 122888
1 120833 17266
1 53385 8959
1 199952 194398
1 162637 133681
1 35050 91470
1 62084 141068
1 155139 62489
1 15509 41047
1 154095 36010
1 6305 127998
1 147431 18289
1 25456 116190
1 116891 93512
1 144346 1806
1 189880 75496
1 198711 118062
1 103547 96525
1 195720 73140
1 80375 294
1 199463 115892
1 28643 136578
1 79148 141935
1 61991 109624
1 189025 69536
1 150312 157525
1 95593 130626
1 180114 124555
1 69612 128422
1 161829 146199
1 47238 29620
1 143555 143347
1 101680 50431
1 29049 136062
1 139118 151054
1 152012 147240
1 21307 92839
1 58949 142114
1 132722 26142
1 171519 172485
1 19070 134431
1 186033 50306
1 157379 52728
1 46071 188618
1 179726 176874
1 119846 158270
1 94779 2610
1 49679 69145
1 36901 64466
1 48914 153756
1 44883 184421
1 189031 142715
1 107873 6883
1 89385 113030
1 105516 2993
1 199396 33882
1 64386 67821
1 63841 190345
1 169929 68215
1 85487 164102
1 21550 168900
1 155443 177301
1 78929 82655
1 39475 154291
1 73903 122560
1 78111 199553
1 137871 107218
1 130657 146039
1 104177 162111
1 121063 185734
1 98292 13823
1 139054 23502
1 46342 109665
1 114577 129922
1 156882 171288
1 11025 148055
1 105124 138569
1 58919 135476
1 175136 5396
1 43080 35607
1 28516 199073
1 50808 133316
1 167995 28845
1 103314 82100
1 27907 2196
1 58838 184122
1 114785 145825
1 60724 70521
1 36003 37588
1 130328 92228
1 70901 156979
1 31158 188310
1 41737 96787
1 154200 159668
1 138816 22952
1 165157 112350
1 36638 18380
1 147764 22397
1 151341 42125
1 57233 37257
1 147952 112186
1 94159 176635
1 152778 85102
1 43023 74291
1 32112 179485
1 102671 95337
1 10060 9759
1 168950 100057
1 99635 152186
1 196766 59179
1 191690 154421
1 153251 1057
1 169651 181594
1 9836 6916
1 9214 133835
1 127031 167632
1 130894 59784
1 81769 181663
1 123785 165759
1 58966 68692
1 89732 64341
1 103117 48905
1 164910 144628
1 17832 157690
1 163707 2838
1 101842 186610
1 38356 59984
1 9242 193270
1 829 133282
1 95735 4785
1 118727 2110
1 90523 29857
1 150710 64343
1 81917 98559
1 187381 68203
1 163874 7796
1 19705 27732
1 175595 62266
1 755 162251
1 158245 20047
1 117946 30334
1 140364 115170
1 194871 166611
1 545 74231
1 154835 97789
1 152686 184285
1 74526 106943
1 121558 99282
1 7489 107070
1 196258 244
1 36454 68491
1 32842 178603
1 114022 154737
1 152769 151509
1 34355 162876
1 52164 134706
1 109190 45386
1 87139 196817
1 78540 117206
1 108112 88251
1 57933 386
1 133224 53278
1 169500 122917
1 102400 10428
1 155845 108054
1 199537 106964
1 50612 57143
1 179431 25873
1 30115 64708
1 17894 61554
1 47878 120414
1 19614 113274
1 192441 146899
1 82160 103449
1 160361 173232
1 95232 190809
1 178242 182538
1 125694 80461
1 65562 46153
1 172848 69367
1 180892 79862
1 130114 74617
1 48887 74566
1 131728 121214
1 31879 103015
1 26995 165865
1 173252 185034
1 56586 168383
1 142314 123185
1 61130 57744
1 179496 98810
1 76617 155627
1 170700 63853
1 152391 171458
1 79087 57539
1 20926 122459
1 186589 185015
1 92588 170041
1 27783 61329
1 149534 89803
1 162732 161967
1 15487 154131
1 53317 133847
1 54241 122392
1 3760 63419
1 28234 130256
1 178528 52556
1 195778 74120
1 14914 175298
1 89756 101846
1 64626 195818
1 125444 180481
1 132192 107056
1 193352 28014
1 105468 170991
1 192681 182542
1 31593 88311
1 21091 40454
1 64481 75038
1 119802 30367
1 144613 50890
1 78088 15216
1 133544 155389
1 120900 42376
1 118012 31457
1 128405 131359
1 131709 169302
1 74327 125823
1 163516 124794
1 144173 91055
1 118767 46329
1 9672 43616
1 142806 37461
1 23350 180700
1 88753 127478
1 72110 143787
1 34016 114933
1 131419 150599
1 49370 96741
1 58983 193795
1 119443 154276
1 97353 58551
1 55591 83361
1 150354 58607
1 51083 170989
1 183988 122964
1 182646 121862
1 146644 158298
1 145356 171041
1 95633 152363
1 181707 121336
1 162645 36116
1 164985 145365
1 146715 190511
1 165133 113886
1 30274 128145
1 17501 197856
1 57809 142836
1 197512 120864
1 150091 93159
1 198884 95136
1 195188 48501
1 13610 196399
1 10148 49811
1 103969 3636
1 64844 75661
1 125128 193404
1 189190 119794
1 46344 158977
1 143010 15359
1 193241 72957
1 177197 70602
1 182131 134128
1 193604 144304
1 87096 191918
1 71578 126913
1 187615 77868
1 136390 147114
1 73508 137867
1 160017 102562
1 14254 166886
1 117118 102105
1 79233 137049
1 195098 142493
1 142053 144210
1 101061 28943
1 10454 64925
1 63105 144390
1 119085 135466
1 182395 48322
1 139215 97633
1 31448 10643
1 105940 99304
1 133058 123083
1 62266 122867
1 2226 134497
1 38219 82382
1 153535 90406
1 82508 70376
1 108776 118062
1 106280 157344
1 127454 91447
1 97884 20051
1 127062 39197
1 69924 47654
1 104717 25090
1 168933 42513
1 72285 16503
1 93531 42797
1 22975 86832
1 192838 115519
1 9568 130343
1 109137 46085
1 84649 158926
1 93059 200000
1 33865 73211
1 20009 9154
1 85445 107983
1 35139 101754
1 93059 5096
1 151470 175485
1 45459 196295
1 130130 85335
1 146944 154436
1 158349 180370
1 2453 121329
1 140831 29574
1 8819 136267
1 77974 146978
1 128529 49320
1 96893 169210
1 139156 26845
1 4097 169041
1 13202 122223
1 54755 28264
1 176545 178173
1 124645 35847
1 194917 168299
1 51246 174731
1 136537 180562
1 69760 116080
1 155038 81574
1 7708 40225
1 27714 175783
1 46196 90878
1 21714 137740
1 102289 96621
1 153634 139757
1 80902 43556
1 45148 164399
1 85589 79669
1 13575 75317
1 50591 180891
1 9690 12869
1 188881 193924
1 143874 73017
1 15501 88223
1 89775 161831
1 75479 130791
1 113701 105490
1 63937 624
1 47298 93010
1 73945 158962
1 118539 158721
1 140177 36308
1 162299 65704
1 89519 186490
1 167630 139241
1 31030 45586
1 55371 75501
1 118548 160731
1 63120 128273
1 198221 10870
1 4387 87180
1 53415 31665
1 45749 162340
1 34391 98897
1 188217 43026
1 162412 183648
1 70118 19315
1 109883 134264
1 181000 34224
1 2250 148815
1 106894 192367
1 127936 104131
1 123343 112380
1 146509 93991
1 59678 27058
1 5654 52174
1 34895 149998
1 102884 182935
1 105098 58933
1 122509 89401
1 116752 129508
1 186146 118353
1 47371 43673
1 134810 154409
1 14555 183264
1 23039 135051
1 100190 12193
1 146647 91399
1 95231 155720
1 96981 120833
1 21378 33204
1 190338 47678
1 99918 152611
1 173990 46000
1 195003 124573
1 138939 193407
1 7327 164193
1 63955 160474
1 84244 148749
1 112136 73919
1 56779 13457
1 40612 189895
1 149398 59414
1 196242 186677
1 38450 102378
1 111685 51008
1 69780 121967
1 146599 10847
1 57718 88965
1 12037 132820
1 12257 16245
1 59256 109244
1 81981 5151
1 118871 78357
1 104278 50854
1 117595 175697
1 106545 184153
1 175699 116250
1 135568 39973
1 196489 128486
1 172801 117306
1 170548 137213
1 80237 44219
1 121055 150984
1 77151 66922
1 81881 64668
1 144468 66515
1 155294 20935
1 135810 182519
1 178374 190106
1 121452 145147
1 158893 182711
1 44260 162962
1 139170 43101
1 64481 96616
1 83668 24370
1 171012 167825
1 12601 90192
1 67557 57841
1 98304 147986
1 63779 45356
1 48634 182560
1 117355 100752
1 114500 140729
1 182216 54209
1 66680 64256
1 175084 198054
1 155669 174987
1 16637 75347
1 153067 77352
1 166180 12086
1 57419 130480
1 99346 59269
1 83566 1168
1 108179 128231
1 64740 144084
1 195287 151778
1 76480 162231
1 133630 84869
1 26626 197929
1 75684 179286
1 41925 35104
1 59886 119742
1 63466 157410
1 8788 180211
1 71941 10258
1 114734 142759
1 180934 61752
1 66947 143855
1 182122 170133
1 64272 133558
1 88930 93351
1 84118 103779
1 139011 54522
1 41319 157512
1 119280 70704
1 128305 149836
1 2566 107730
1 49355 136283
1 60998 116823
1 60288 65164
1 138951 163379
1 65114 191891
1 196893 154596
1 84912 47144
1 164548 98361
1 195571 25783
1 92242 58083
1 1397 57673
1 69276 17792
1 70715 34866
1 136231 83878
1 164485 26173
1 42449 199277
1 147867 72853
1 171392 42368
1 127769 140981
1 39755 73828
1 119742 81170
1 171496 119369
1 66161 52999
1 76502 49489
1 78421 110848
1 157004 190751
1 191759 195627
1 115809 100578
1 199316 99420
1 197501 182562
1 154424 44864
1 137279 196553
1 177717 113604
1 183152 117941
1 92024 90502
1 83816 188797
1 99314 114812
1 192319 112130
1 35997 72483
1 143863 55224
1 156045 34539
1 46824 76788
1 197690 97185
1 59756 38712
1 82762 59229
1 39819 145852
1 53731 198188
1 8681 76927
1 10801 185024
1 115182 53327
1 58357 32791
1 84470 29781
1 100751 137257
1 178747 35621
1 16397 176534
1 186943 24196
1 81844 183311
1 18174 35897
1 102734 161603
1 12115 10265
1 75701 3980
1 125609 84557
1 161822 79963
1 89061 184871
1 138217 19361
1 173010 125798
1 69863 172544
1 12493 63493
1 59245 153137
1 19186 120458
1 199001 65143
1 196998 43981
1 154594 73859
1 66598 156871
1 176292 57897
1 179952 6301
1 119852 172611
1 42736 156845
1 82112 38308
1 89549 14488
1 158579 86912
1 13300 116753
1 123559 59097
1 23685 105188
1 95715 111917
1 17085 113034
1 87896 87454
1 138532 172332
1 178990 57185
1 63800 133557
1 167892 118443
1 1241 2141
1 171463 34905
1 187382 173363
1 2914 80863
1 160056 155115
1 44775 59059
1 67501 33832
1 34125 69050
1 120247 80459
1 85386 21171
1 131573 89533
1 157026 178531
1 144178 86969
1 134001 69312
1 183629 179164
1 190389 144481
1 166632 158641
1 115679 15462
1 45397 174968
1 117531 6564
1 13309 124152
1 164574 133715
1 60691 184261
1 125936 124027
1 32889 152786
1 148089 171420
1 113905 189370
1 56912 187294
1 134022 143819
1 187138 107064
1 148987 82388
1 8992 88804
1 128372 143601
1 130316 180418
1 82851 167764
1 18180 113483
1 142454 187541
1 53743 197561
1 48895 52349
1 172712 144885
1 41636 2128
1 25801 29313
1 59656 107993
1 53242 50599
1 151545 122811
1 105978 131745
1 24923 185524
1 186092 49546
1 127509 107443
1 34405 158021
1 111674 2398
1 89397 65964
1 93626 138013
1 129076 33531
1 8202 17259
1 72718 17982
1 55888 43358
1 150162 121720
1 132756 166004
1 169783 42262
1 60260 147680
1 164528 95507
1 126406 145237
1 173554 48044
1 154595 16786
1 185283 183047
1 159921 71726
1 66437 70111
1 97825 134502
1 99074 23091
1 158154 162085
1 152570 100975
1 189206 57043
1 107307 131291
1 8812 37473
1 118176 58755
1 72861 94035
1 49149 129190
1 114066 107342
1 84041 117539
1 137718 150244
1 101437 31008
1 131295 111133
1 100492 7868
1 20547 20681
1 17395 73336
1 103321 69699
1 177923 58785
1 152844 160776
1 183148 124353
1 191079 145848
1 97996 90822
1 157181 185707
1 196728 188402
1 18009 157304
1 123594 47429
1 13222 44545
1 166188 150824
1 125662 106115
1 93795 113819
1 26296 67229
1 168927 175777
1 48461 118814
1 34370 173290
1 17548 83796
1 100527 151681
1 15839 95634
1 54228 103223
1 181021 185345
1 173243 68304
1 57393 168298
1 42573 181868
1 15947 121794
1 126567 125751
1 58821 159159
1 88098 10005
1 182744 143355
1 145118 152520
1 105216 159950
1 152014 131428
1 4717 27152
1 191817 123765
1 95595 189638
1 54736 183535
1 29844 116397
1 77403 113046
1 129460 2045
1 35945 160430
1 198333 78015
1 73735 186598
1 44204 197394
1 145504 133760
1 154875 60026
1 117510 3460
1 150665 197930
1 171584 91750
1 76806 166867
1 92885 193908
1 182179 191214
1 175575 180804
1 91321 30790
1 199026 44829
1 100153 120520
1 12215 69157
1 82452 196879
1 154532 116299
1 173291 39532
1 20662 91638
1 52729 155699
1 149938 6125
1 52416 5643
1 25840 145607
1 41585 13494
1 172328 83158
1 16607 108383
1 195585 75984
1 44518 113444
1 183256 43710
1 141016 193317
1 42126 129256
1 81704 4299
1 59669 179456
1 109722 347
1 147836 192333
1 135467 107261
1 109624 46811
1 3644 80456
1 90101 196129
1 103685 8849
1 11165 184691
1 158583 118643
1 36968 5737
1 154674 66528
1 127140 67279
1 126953 50473
1 76231 185615
1 116370 114186
1 16755 80027
1 131857 104570
1 196425 138399
1 125799 162673
1 60208 185190
1 194007 157242
1 196711 95563
1 115034 105595
1 42762 17571
1 20868 91202
1 3233 137321
1 89973 168914
1 128239 98410
1 26436 84462
1 67129 60401
1 133736 31525
1 65621 156662
1 112105 110495
1 62389 188674
1 146118 5991
1 5940 102630
1 151976 26233
1 12127 172765
1 187720 108365
1 125255 94974
1 172188 93411
1 193415 10406
1 112391 89298
1 25297 50981
1 121217 113868
1 138685 84328
1 34051 820
1 98452 37799
1 64888 168931
1 75161 130512
1 53409 143926
1 174425 18035
1 109959 63068
1 154165 121327
1 48295 155422
1 39789 82204
1 86232 107311
1 49328 65978
1 177280 76407
1 15329 192410
1 124472 146202
1 160299 70155
1 35964 151054
1 126983 88776
1 176215 45533
1 8333 47520
1 59086 10615
1 60026 54437
1 144076 45115
1 42176 7961
1 145743 185095
1 185364 137813
1 199760 144318
1 62708 118460
1 118008 150873
1 72439 34656
1 41921 95537
1 141274 78194
1 98858 15308
1 122055 162992
1 169567 45222
1 24168 11210
1 107879 27713
1 186732 2836
1 32784 12015
1 189081 7795
1 131800 163167
1 18195 132610
1 61085 26215
1 127084 12868
1 16455 103889
1 158508 60047
1 180724 7401
1 117410 177397
1 5860 110725
1 13740 116150
1 114790 38357
1 103939 21925
1 104195 128109
1 42634 164761
1 163433 178192
1 172696 9877
1 85786 103551
1 130947 25849
1 175381 91074
1 23407 46378
1 96325 134967
1 181400 180222
1 69737 108313
1 119708 21869
1 57028 166353
1 173581 174452
1 80710 35651
1 86005 35275
1 85817 161426
1 157674 16266
1 30896 58229
1 34644 45271
1 116909 57087
1 138171 141459
1 24850 9769
1 142551 165254
1 53066 129890
1 99474 135175
1 76729 23961
1 82720 106864
1 102241 85642
1 18178 70593
1 66837 114247
1 166999 39507
1 188579 101129
1 68516 19841
1 67645 175287
1 122149 123090
1 11881 1974
1 86804 122793
1 169451 183921
1 151353 139632
1 131503 101098
1 167731 5377
1 190458 33922
1 182086 182615
1 100498 152390
1 171941 184373
1 37421 146362
1 119296 38485
1 33048 76137
1 157905 191956
1 91433 85101
1 100132 116956
1 145575 67900
1 185958 7441
1 58999 148917
1 41455 60736
1 71434 113577
1 54674 2948
1 72837 111724
1 60708 199035
1 181745 19037
1 46859 35432
1 85989 91380
1 52105 197674
1 191728 147531
1 163337 54301
1 194442 38128
1 195945 113678
1 64253 72363
1 46792 1765
1 12752 118730
1 30033 194190
1 66997 103029
1 190408 131304
1 116083 134638
1 134549 193650
1 51477 24616
1 21711 12914
1 118292 116044
1 188298 153384
1 34307 168007
1 197091 115826
1 183674 15832
1 61131 169025
1 156997 48984
1 139475 78332
1 33421 84747
1 175799 54258
1 90502 614
1 89389 74118
1 138330 48225
1 28847 40918
1 108118 36799
1 22599 76716
1 157076 172826
1 193690 43432
1 78697 47412
1 15160 165357
1 113487 37244
1 109091 182603
1 49173 78110
1 59038 132397
1 87046 16270
1 8760 112452
1 147479 116629
1 92760 166004
1 125460 64924
1 86602 56829
1 79948 179577
1 181579 28204
1 197180 8440
1 51602 147970
1 100666 122475
1 68639 119205
1 94499 190197
1 2312 74950
1 62599 24211
1 769 19538
1 84115 40427
1 191468 159197
1 199806 85593
1 34977 174155
1 79480 75000
1 189695 72065
1 29008 124334
1 104884 131723
1 164708 18619
1 173257 127887
1 134926 171523
1 11569 177842
1 171405 40858
1 144595 89801
1 30450 45455
1 110678 172738
1 59468 4283
1 91756 96083
1 125077 71628
1 100386 132068
1 174494 5709
1 41702 95672
1 47352 55224
1 88666 195874
1 142948 90750
1 144856 141413
1 168765 181013
1 73414 161388
1 27429 129092
1 540 173739
1 124397 90091
1 20915 75477
1 60873 28950
1 102864 70400
1 50547 13635
1 196528 27093
1 1501 2674
1 108886 57596
1 105181 96428
1 20692 32135
1 157588 100631
1 21526 161374
1 5472 44985
1 55541 6315
1 96067 157962
1 103226 152902
1 61650 131711
1 141360 37923
1 78306 18579
1 115887 166714
1 8943 69400
1 57830 45751
1 144975 78399
1 59944 13220
1 21719 74405
1 162426 34260
1 93132 184862
1 22812 143760
1 128973 33094
1 12758 173511
1 83390 52037
1 126917 90289
1 83000 165986
1 143334 105092
1 18927 19339
1 170978 66267
1 160675 103971
1 162074 91619
1 153163 110733
1 121588 120776
1 42815 113657
1 187430 183391
1 193381 68652
1 55874 10197
1 132189 185620
1 148034 8664
1 147760 135372
1 55766 192452
1 71287 69356
1 161324 188368
1 47752 124757
1 137216 42618
1 40038 126140
1 110500 102512
1 118633 1524
1 54801 127168
1 87787 195840
1 21101 59842
1 140917 40153
1 39135 123332
1 6185 108540
1 147281 152374
1 31472 6264
1 146053 23
1 5095 84983
1 185116 21407
1 126981 41866
1 196066 192942
1 94288 26489
1 42461 137653
1 125697 97291
1 2327 34468
1 70453 147283
1 195690 73363
1 52437 66428
1 16203 181556
1 156551 21270
1 134746 85177
1 103703 63841
1 162281 83970
1 158240 88792
1 23051 9161
1 51583 139778
1 26783 44369
1 59705 98293
1 46941 20620
1 141163 149675
1 156831 189964
1 142195 171722
1 183091 21804
1 103198 39086
1 33760 90815
1 7761 111737
1 9270 182649
1 163131 35358
1 133147 57437
1 15866 159146
1 91219 129255
1 141772 9748
1 181072 15802
1 199737 184966
1 131323 67404
1 5056 30572
1 153409 121488
1 75711 75900
1 63072 8932
1 73126 159110
1 49587 26428
1 36894 186430
1 100925 17487
1 25205 151944
1 109875 70784
1 145101 62915
1 169292 143887
1 143110 139032
1 106573 172929
1 27241 130373
1 63247 134733
1 33238 113061
1 114516 140744
1 77040 33922
1 3338 659
1 187079 89565
1 67935 96195
1 148997 122812
1 78726 76561
1 90845 134902
1 101320 140803
1 189489 129659
1 166926 138970
1 65347 97959
1 44077 95998
1 179103 175561
1 152435 187687
1 54662 150190
1 163313 184908
1 38109 32819
1 195273 168785
1 169815 151434
1 62458 15660
1 22240 716
1 57129 111768
1 174412 182785
1 195378 171966
1 51775 72491
1 186671 83937
1 64605 56089
1 142216 27529
1 20532 177642
1 108668 109170
1 13801 191904
1 70895 31733
1 59872 133928
1 197492 55734
1 164080 95462
1 14748 21839
1 71686 70854
1 18239 46845
1 165912 11584
1 192138 182922
1 148941 153515
1 160650 124858
1 166187 189829
1 118840 31866
1 86657 180546
1 53957 37510
1 1237 94931
1 8039 42137
1 9744 135736
1 130212 22490
1 115560 70089
1 107998 144516
1 34639 79617
1 14496 43671
1 72090 194188
1 52648 175933
1 49844 34194
1 192565 113215
1 113540 57924
1 116626 153961
1 66012 159527
1 141412 111547
1 172772 108254
1 75824 197265
1 48133 17788
1 105776 67221
1 191321 40778
1 147736 11107
1 100307 134614
1 95203 45565
1 132971 122300
1 138403 110385
1 131277 170041
1 113737 145031
1 140994 3374
1 118385 48942
1 181471 47665
1 97329 143465
1 76972 165338
1 129827 150966
1 59159 22860
1 79345 179839
1 38810 140994
1 63393 33989
1 156138 168028
1 162465 147145
1 70242 199786
1 49108 48700
1 76910 40759
1 168925 65769
1 178556 178394
1 87083 77666
1 9504 90873
1 55813 13288
1 172359 192734
1 168600 49310
1 71518 4351
1 126143 16432
1 68867 42824
1 50962 73408
1 164844 161195
1 43249 110354
1 32598 38059
1 112210 104120
1 28721 42277
1 108745 11839
1 51722 123232
1 99928 166427
1 93817 94742
1 76728 34384
1 173515 190723
1 78694 66659
1 5042 32366
1 94961 131905
1 30764 1781
1 160962 155821
1 152817 108381
1 27500 134319
1 82785 103321
1 91062 133627
1 18861 164507
1 182567 155680
1 141316 144217
1 174865 15474
1 190144 115042
1 37281 76026
1 60114 12897
1 33958 174940
1 162412 53104
1 160095 67656
1 63981 110624
1 102666 162853
1 135313 328
1 121258 107642
1 10906 33676
1 145880 20447
1 154426 61808
1 35405 108260
1 124162 146781
1 99630 32128
1 49871 90866
1 155865 6268
1 169331 141967
1 17327 124193
1 108962 93854
1 175074 30559
1 158622 185442
1 166273 142654
1 105893 7748
1 138434 183690
1 2841 6043
1 60751 41787
1 55087 144316
1 102611 99235
1 156060 43907
1 54726 27675
1 68605 120352
1 194103 87728
1 80326 152485
1 177050 157449
1 29421 189391
1 120786 119964
1 167447 199123
1 130560 39890
1 107459 54890
1 117580 158967
1 41526 65951
1 121715 46183
1 53222 46552
1 92882 24757
1 71274 27108
1 81906 170077
1 181538 142148
1 75476 14316
1 136483 53052
1 126590 41198
1 118438 148700
1 71878 9753
1 54896 198858
1 87838 79480
1 2564 44818
1 32161 65753
1 59977 119024
1 151837 152571
1 166774 95836
1 6498 94066
1 159493 16791
1 126473 71837
1 183510 43382
1 112327 48074
1 115362 141612
1 33972 177703
1 134627 121500
1 95383 130348
1 142338 163871
1 132853 169351
1 146817 162707
1 175321 64265
1 84458 147749
1 18149 188815
1 138935 80671
1 96474 13554
1 47235 115253
1 14372 43378
1 57457 169996
1 165609 158433
1 177371 190284
1 171028 64588
1 110973 166568
1 26012 98607
1 46819 114475
1 104794 35609
1 88016 151813
1 142155 166813
1 189425 26582
1 71394 171835
1 30017 74746
1 42898 121933
1 95805 25813
1 20442 60790
1 104331 120481
1 17106 172360
1 62950 949
1 62901 120437
1 2573 137432
1 29998 187769
1 55980 49606
1 118311 54021
1 93003 148162
1 174352 19182
1 119478 59356
1 19821 101655
1 53036 11333
1 25892 196124
1 112460 12177
1 174532 144064
1 31676 88843
1 46809 186841
1 192667 180927
1 68911 2106
1 182058 14467
1 37669 129377
1 191670 170119
1 176372 167011
1 95497 49760
1 8960 165204
1 126993 59215
1 70750 152443
1 93776 180823
1 72805 57269
1 84486 164990
1 6202 100136
1 52188 180195
1 122775 131947
1 147730 50625
1 91419 107827
1 92075 9218
1 87256 115393
1 88215 100167
1 77656 193995
1 3553 26551
1 99761 29800
1 31002 97350
1 44748 14911
1 182022 105864
1 97840 125489
1 198533 155126
1 41811 82886
1 182147 32320
1 107491 105302
1 164068 40723
1 129681 156025
1 187370 76332
1 106464 41712
1 17065 166814
1 23148 49685
1 97453 29536
1 98494 64640
1 70634 43290
1 89551 136251
1 178596 89905
1 162779 17705
1 146207 165777
1 132136 21170
1 95370 81466
1 131158 115378
1 15079 36366
1 79912 75618
1 163774 5850
1 99924 169862
1 180867 95779
1 46792 94489
1 120452 71282
1 32701 185014
1 115479 113059
1 169600 9544
1 81411 162090
1 89086 96627
1 10734 79526
1 104720 146948
1 129607 146987
1 29639 44567
1 60533 39498
1 83257 157063
1 41663 7267
1 143821 35931
1 102140 117998
1 47555 54511
1 41214 115590
1 189383 42528
1 93243 8504
1 19383 175676
1 177468 35594
1 72050 80809
1 123273 124622
1 1764 171028
1 141844 36393
1 155087 66077
1 81124 152670
1 174492 191873
1 34437 95072
1 23842 195080
1 33390 44376
1 7029 90671
1 136755 189236
1 57843 57944
1 127404 157169
1 92491 83953
1 69541 47978
1 105871 164642
1 52616 175968
1 44859 18490
1 181831 31436
1 92741 81564
1 56654 34275
1 73512 176806
1 141032 119401
1 159660 152227
1 6576 96057
1 148152 106225
1 167099 53139
1 21594 79861
1 85956 130087
1 2773 77501
1 19352 37665
1 177452 112245
1 192194 42357
1 134766 181071
1 126586 192557
1 47043 31084
1 82825 61296
1 29493 56272
1 121344 26133
1 23234 104517
1 24282 162216
1 69217 112846
1 117486 161020
1 108755 192974
1 83801 15282
1 163308 136826
1 70955 111112
1 123938 176444
1 135633 86757
1 69524 103529
1 4995 67363
1 196318 122854
1 29359 101854
1 164252 20885
1 132005 116349
1 3389 183750
1 4420 111870
1 195211 117532
1 103204 127750
1 54775 67453
1 65029 25385
1 24297 123966
1 61048 47990
1 85192 189198
1 54348 27079
1 37702 100770
1 54844 20167
1 145456 188832
1 16727 55173
1 10357 73551
1 195183 92728
1 133557 6015
1 100038 112019
1 46603 27829
1 110389 95434
1 10269 153177
1 30175 62053
1 46564 56035
1 25814 182724
1 41783 55363
1 146507 128628
1 13916 170576
1 91644 88625
1 170257 102259
1 42713 103612
1 32215 94421
1 47927 61023
1 96449 158022
1 129656 195069
1 121276 162735
1 101562 141664
1 104670 154810
1 66047 96381
1 77364 114752
1 112413 110794
1 25990 72115
1 149415 196739
1 79533 161677
1 87643 157432
1 102872 43896
1 108429 179419
1 16603 199999
1 118675 84297
1 168250 119157
1 47858 51351
1 174836 30692
1 137993 35615
1 181778 67960
1 140733 104778
1 83569 196845
1 19556 119391
1 53070 49910
1 75126 53837
1 134354 154607
1 135920 123573
1 188510 196934
1 136970 63548
1 95833 93797
1 155420 47055
1 167159 75234
1 126028 150263
1 32203 117994
1 3131 11167
1 55440 32107
1 110449 124067
1 173364 141122
1 178821 23772
1 126503 193060
1 75985 98025
1 199458 155984
1 161173 31423
1 148795 5364
1 103018 24884
1 145703 138335
1 53995 30153
1 58257 70823
1 118175 87862
1 163930 176603
1 182185 68025
1 47921 125163
1 138867 72609
1 151829 142359
1 180887 99032
1 181288 169941
1 7696 150256
1 135926 34247
1 74977 192559
1 171782 52892
1 113861 187614
1 14368 14341
1 168406 107342
1 34015 175002
1 153921 115627
1 77945 195726
1 143465 4997
1 176140 38865
1 50331 42652
1 135403 50116
1 164722 151788
1 8169 178209
1 88844 56313
1 169126 135019
1 150636 541
1 197527 72213
1 102321 142223
1 170586 162927
1 52151 82998
1 9530 103829
1 165131 131375
1 179583 70363
1 71637 44762
1 18554 127539
1 127169 57771
1 99855 17185
1 184495 58351
1 184388 159137
1 66843 23581
1 18505 46998
1 82639 135776
1 77511 21174
1 90567 137506
1 17710 7413
1 184228 103514
1 110585 184047
1 15510 151193
1 84869 162457
1 11716 97041
1 132178 102186
1 85885 74663
1 82393 52422
1 101284 5242
1 180622 178283
1 89239 28276
1 5111 71647
1 25248 185296
1 186350 140121
1 59039 37805
1 183731 25391
1 71287 146898
1 170998 13376
1 187704 108930
1 9250 100450
1 16973 67713
1 94637 103439
1 34472 39847
1 177568 196747
1 175594 27685
1 181410 156376
1 186326 148181
1 38921 57054
1 116024 52679
1 140067 20181
1 148049 186952
1 192578 186677
1 187591 86581
1 59974 151264
1 61963 27393
1 146863 124941
1 114058 103875
1 63331 176888
1 164568 188612
1 13244 197448
1 116761 21383
1 132886 150849
1 193714 120537
1 194327 65067
1 121839 175322
1 39231 187714
1 41654 77708
1 127154 57183
1 25708 44252
1 34691 18727
1 5094 112623
1 155268 143218
1 4882 87855
1 30859 44863
1 934 14229
1 183878 91158
1 119050 7288
1 163266 193276
1 29313 74519
1 60280 193694
1 117790 139364
1 82009 136760
1 90788 23953
1 144156 90950
1 187710 93087
1 14917 192493
1 66656 35172
1 128824 26730
1 116541 61724
1 54462 169466
1 75371 27955
1 182934 106251
1 130195 169234
1 151295 42851
1 122013 21416
1 60485 34895
1 44955 26042
1 30218 144527
1 173877 14510
1 70231 199872
1 74389 183957
1 102307 62538
1 169939 96055
1 75491 8523
1 150947 112034
1 198739 150211
1 135805 184566
1 170691 62016
1 62221 156714
1 20389 14285
1 41821 18851
1 49749 192535
1 116736 168887
1 160426 134175
1 40959 130236
1 51964 47271
1 176777 120406
1 7030 159318
1 70678 189184
1 137822 16622
1 81564 165275
1 72803 120304
1 160758 89077
1 160678 78990
1 53841 4891
1 75787 90001
1 93977 39905
1 5505 104524
1 132963 94897
1 35728 131777
1 51804 88530
1 195555 163601
1 198066 128059
1 17558 131561
1 176513 1433
1 51585 13419
1 53248 150172
1 44997 109851
1 70445 112648
1 10262 102028
1 125942 143611
1 117898 112265
1 177129 21242
1 196449 15495
1 194590 136128
1 196244 45003
1 93923 119113
1 6819 39512
1 119208 183516
1 42394 29852
1 148396 155415
1 52195 85211
1 75111 146048
1 191698 194075
1 156409 28041
1 90796 69393
1 48019 92066
1 108281 194508
1 118693 195333
1 137676 111521
1 17799 34877
1 145296 127574
1 150187 72505
1 107093 108499
1 55747 88208
1 42266 89541
1 78959 6229
1 120285 111252
1 75689 64285
1 135265 151240
1 126004 170509
1 138047 9719
1 148354 53417
1 48305 148914
1 124005 193178
1 16474 148464
1 123960 83584
1 116313 54971
1 61262 51897
1 199888 87449
1 159899 82800
1 187759 165950
1 17506 54441
1 175622 142704
1 77215 141707
1 109451 100794
1 90933 134703
1 51753 34453
1 55386 37992
1 126345 156307
1 55937 26003
1 60964 198478
1 126152 98912
1 110154 109904
1 103971 196001
1 132205 57284
1 51081 106579
1 172017 123357
1 124317 135467
1 90551 132165
1 105311 193699
1 159272 49545
1 34068 35780
1 31103 19651
1 181491 199862
1 80282 171911
1 55953 121605
1 138562 20241
1 113295 7926
1 148985 97839
1 118786 7435
1 150659 42475
1 58403 25746
1 156855 30716
1 50616 49652
1 146824 150253
1 155074 81917
1 27599 67789
1 162025 90215
1 105755 27864
1 58533 56044
1 3388 118950
1 54189 122827
1 9739 97235
1 41957 105497
1 10814 106222
1 41667 95052
1 32555 69030
1 106371 198341
1 49754 167665
1 10956 160220
1 179472 159551
1 109601 43632
1 3161 109726
1 148620 156718
1 93013 64366
1 53320 115681
1 73862 107976
1 119470 14971
1 121880 102571
1 102754 118818
1 7090 77927
1 157438 199551
1 163772 25933
1 131455 152515
1 107634 2134
1 158575 103162
1 175592 90706
1 115603 189332
1 91037 46484
1 50837 67697
1 35012 79132
1 195828 51054
1 141712 136453
1 108202 135213
1 34369 1457
1 191198 53417
1 193261 154097
1 131275 79993
1 114319 140344
1 85361 7908
1 95702 167426
1 90298 99431
1 97191 98624
1 2799 196547
1 161204 161160
1 74716 190026
1 118017 140219
1 130433 148842
1 111156 112502
1 181882 1658
1 64861 23484
1 180721 169349
1 38854 28196
1 5699 165013
1 106236 129471
1 115439 107842
1 184990 168589
1 40134 170170
1 175270 75808
1 102415 169874
1 93237 155920
1 116729 180750
1 83300 12065
1 142727 152942
1 14151 58033
1 13175 195706
1 44356 51174
1 56883 26766
1 18645 27479
1 5628 46249
1 66458 97722
1 11219 110130
1 113315 83150
1 27241 174668
1 2748 193610
1 169481 160924
1 6713 155717
1 121989 120024
1 131971 190055
1 129502 30097
1 24868 196880
1 144824 44356
1 44815 12806
1 30268 170718
1 12276 168228
1 61263 50253
1 49602 59138
1 61172 170063
1 20221 93407
1 148157 148724
1 57090 189846
1 48695 128759
1 96600 22720
1 32918 44733
1 78905 112997
1 116190 191149
1 62433 131369
1 59284 186481
1 188374 144756
1 69989 108810
1 187512 84578
1 142420 12379
1 112203 4333
1 134954 157550
1 103043 191895
1 168536 78923
1 140303 187164
1 191216 117691
1 18409 82327
1 174213 24920
1 34652 162099
1 80992 14679
1 72598 147798
1 167397 181912
1 151984 79880
1 145348 4077
1 46268 183593
1 190116 153704
1 106446 148500
1 6284 88746
1 138830 171918
1 3284 30505
1 94332 56116
1 104524 118145
1 164228 124132
1 156011 22911
1 198405 98154
1 147962 184681
1 16604 181741
1 110914 104722
1 78390 38107
1 185587 149340
1 44566 32978
1 197205 103758
1 158755 103120
1 168052 39513
1 163637 139869
1 138440 155493
1 188129 27254
1 97507 113121
1 73155 195389
1 107742 128202
1 169163 15648
1 156614 182075
1 99083 186248
1 24578 60406
1 63679 31171
1 198536 36786
1 149022 186355
1 144897 114085
1 160161 117943
1 101689 182035
1 151953 194970
1 100876 156184
1 165525 93883
1 187533 17714
1 62075 120508
1 2552 131858
1 167559 115439
1 33498 175268
1 20346 90621
1 134911 199325
1 25572 129689
1 191837 52677
1 48365 29605
1 56319 196933
1 128288 4195
1 110003 152049
1 38137 4958
1 163512 133593
1 4913 50841
1 85346 159245
1 52551 188600
1 145872 192815
1 134288 82477
1 128784 33213
1 107970 148518
1 61264 8735
1 83517 91573
1 90248 7149
1 13915 135552
1 77286 171588
1 156921 82986
1 134715 61515
1 180550 192833
1 173924 106561
1 9612 197609
1 60282 199241
1 104189 177865
1 188221 143480
1 151871 133620
1 157503 101406
1 70330 63002
1 101645 32979
1 85857 150192
1 107939 99011
1 140479 114717
1 93584 4157
1 26244 35430
1 66983 189752
1 129296 196316
1 35880 47975
1 181119 91076
1 127533 167487
1 115573 103431
1 9497 19910
1 85739 168283
1 163006 110558
1 126587 193905
1 128846 23505
1 102249 140064
1 65093 50207
1 31090 78738
1 20756 22982
1 98520 123118
1 191184 95825
1 14766 91077
1 28060 31908
1 54497 56960
1 44500 184966
1 180872 33930
1 136059 43056
1 27693 186362
1 148839 55061
1 24988 67523
1 149675 16883
1 90092 51807
1 150342 179224
1 105803 181369
1 81162 44152
1 169422 125594
1 35086 72494
1 9145 121686
1 95960 13008
1 44939 71863
1 105541 160503
1 107534 161258
1 118843 79183
1 28573 7784
1 17681 46045
1 54390 133224
1 169213 89294
1 123842 165123
1 100733 5639
1 188003 111848
1 109258 164906
1 75069 46529
1 124026 75877
1 163720 143589
1 76404 114114
1 194837 22720
1 18394 92778
1 84382 110527
1 58289 108091
1 78546 98367
1 155476 83787
1 79329 121848
1 36058 147773
1 157381 45798
1 89156 128195
1 160145 121785
1 144684 43508
1 195006 78269
1 195306 35473
1 142068 111500
1 58760 43154
1 67798 175410
1 175593 188726
1 174161 156641
1 67445 194315
1 103781 76246
1 181960 175033
1 182260 4683
1 44059 194838
1 174219 14495
1 71602 98085
1 67694 133506
1 83144 13360
1 84393 7653
1 88632 36232
1 128980 56226
1 20205 8793
1 16870 181863
1 56908 60852
1 34878 13992
1 61791 68567
1 97901 55813
1 167173 79103
1 138248 69753
1 26776 18929
1 172588 24966
1 145503 182789
1 178322 164189
1 177014 33844
1 20501 188561
1 103610 4643
1 18881 168318
1 52473 107119
1 179679 49014
1 174041 52667
1 86014 114668
1 38535 63224
1 78339 63972
1 130467 150517
1 181300 179227
1 22762 194023
1 15745 111923
1 35940 182010
1 39956 22945
1 25742 8536
1 38171 72921
1 161034 68217
1 18899 67194
1 20486 197099
1 83862 125303
1 54634 143588
1 90920 113990
1 1478 137094
1 74622 6092
1 93178 44082
1 118289 121031
1 110887 151440
1 161378 40061
1 70295 191452
1 87885 174502
1 117096 38389
1 194834 29782
1 198527 111970
1 69025 174765
1 37290 139494
1 131046 39426
1 187285 55878
1 139797 83212
1 151922 20888
1 173879 97363
1 104354 173774
1 196918 16471
1 33513 130115
1 51878 6270
1 104721 166149
1 132884 69636
1 106397 91298
1 16403 39326
1 138992 29496
1 47683 157935
1 191999 133048
1 156516 172207
1 192628 68474
1 45468 7512
1 33124 109511
1 191494 139666
1 32436 30050
1 78332 117153
1 136967 42328
1 11301 40141
1 102186 190794
1 147970 75283
1 96899 196409
1 74997 54154
1 141431 183633
1 52563 62360
1 146203 127928
1 157035 46614
1 165598 178008
1 111767 106816
1 162869 161962
1 153986 65889
1 134726 76742
1 18234 75647
1 141656 10473
1 121721 133891
1 100795 196678
1 190638 142635
1 28852 189007
1 193489 191987
1 85227 118725
1 88038 61952
1 167000 6590
1 115537 89039
1 138155 114935
1 70107 106526
1 3707 166426
1 73156 126617
1 60658 189905
1 77769 15303
1 62326 163980
1 70007 438
1 40218 170894
1 157681 191396
1 65734 50110
1 160446 121583
1 24356 78445
1 93655 15743
1 156621 192547
1 97135 128178
1 187443 151471
1 105858 59848
1 95824 130543
1 198883 163088
1 169166 168284
1 100609 194067
1 173880 167321
1 3642 15103
1 40417 172669
1 104098 144470
1 67603 45982
1 155733 70616
1 45754 44385
1 48955 179949
1 72338 83455
1 26012 169751
1 79118 71258
1 61796 32472
1 17546 182016
1 168632 97632
1 147892 5438
1 178745 9914
1 156278 92329
1 22744 79094
1 51558 170089
1 180955 183769
1 73201 168583
1 91566 54340
1 5317 53432
1 197613 227
1 152831 88873
1 29040 64535
1 67156 85261
1 99609 49637
1 16195 96934
1 119130 13215
1 97530 182032
1 88650 120531
1 32008 124435
1 185321 158644
1 181123 52586
1 19761 142982
1 175546 20368
1 79904 143245
1 198173 140170
1 153027 68727
1 18988 98554
1 196933 133000
1 176989 132835
1 148087 56391
1 172114 194680
1 140002 107111
1 39610 197866
1 180619 152312
1 169286 124337
1 158342 141199
1 163535 189529
1 93246 154163
1 100613 166545
1 127811 120521
1 125659 122993
1 4309 143234
1 8497 107978
1 89904 169091
1 149442 107890
1 77465 189013
1 94798 192718
1 181607 17295
1 67595 92323
1 111061 198208
1 61320 157848
1 191879 116064
1 156449 2766
1 167642 6777
1 109994 174627
1 103537 28562
1 57237 57154
1 132669 121245
1 57318 142639
1 70796 32673
1 76185 86994
1 17877 139049
1 147345 14018
1 151874 67182
1 50948 56723
1 32127 58947
1 136166 118946
1 92739 186816
1 48211 5856
1 24988 90353
1 189952 144286
1 88640 53503
1 11812 106968
1 12880 112606
1 28003 30148
2 50050
3
