200000
2 138323
1 154901 147411
1 84685 636
1 125296 109475
1 6288 179862
1 142545 66492
1 116844 154380
1 181177 53006
1 69818 51871
1 96338 65464
1 175923 170529
1 125035 185566
1 100749 116721
1 102453 170888
1 51731 109814
2 121598
1 92877 191555
1 175562 110573
1 48403 104301
1 158887 8381
1 84003 81801
1 255 195582
1 8329 87513
1 139747 199625
1 32688 176256
2 46969
1 119810 126756
1 79642 131421
1 154161 94086
1 87162 83386
1 184953 128272
1 159037 184933
1 113675 28620
1 49643 98298
1 114067 35279
1 85356 166650
1 2710 113274
1 82759 126052
2 26315
2 178846
1 144210 179246
1 142303 19373
1 41494 171809
1 185059 82389
1 136021 97427
1 167772 57311
1 82595 70505
1 79453 176171
1 28640 185447
1 102888 105868
2 90003
1 166052 172720
1 135349 32645
1 39678 150541
1 34682 157471
1 48343 3136
1 51869 9031
1 189023 98408
1 50093 23223
2 59024
1 117256 149033
1 27804 190159
1 191345 159551
1 49580 49919
1 198654 149187
1 190382 184040
1 67085 158962
1 155191 2249
1 121130 20328
1 3667 119867
1 57196 164895
2 53243
1 35689 158546
1 161529 20763
1 193924 24670
1 182037 93954
2 44095
1 35951 155254
1 9482 137963
1 126506 1028
1 38086 146765
1 181233 75378
1 90344 104351
1 160347 156828
2 63612
2 119491
1 7519 185935
1 106122 47450
1 154552 74931
1 12262 88624
1 33120 175441
1 132139 139921
1 28583 9974
1 158732 98504
1 30480 56114
1 16595 39163
2 187244
1 170500 105761
1 52828 154490
1 126463 189864
1 44200 28349
1 173877 157158
1 181551 112991
1 123024 157732
1 180062 15174
1 8369 13743
1 169726 30005
1 39236 167317
1 15337 14629
1 165028 21347
1 45583 40484
1 32946 109468
1 186345 151534
2 12465
1 187505 84860
2 38702
2 33136
1 116305 21159
1 112426 197647
1 165810 171831
1 186457 181019
1 28649 157835
1 20570 20028
1 178741 90607
2 103301
1 105093 129485
1 81532 42558
1 193953 102553
1 78552 69966
1 41307 1005
1 134577 111429
1 130661 82440
1 162380 182671
1 80388 37005
1 32103 74709
1 165996 187521
1 113330 64983
2 136605
1 75645 90578
1 8964 126205
1 112775 42649
1 13329 71735
1 105607 110911
1 49421 173971
1 13728 102692
1 32945 130135
1 92897 115593
1 106028 79645
1 135271 139404
2 135133
1 165654 108211
1 185709 128849
1 131794 11659
1 27329 34751
1 26603 76694
1 163504 9792
1 50198 62771
2 72102
1 5399 51452
1 131190 7324
1 133331 182649
1 153484 124464
1 94992 63639
1 186613 152964
1 129170 161352
1 5350 186136
1 73971 17634
1 58387 198507
1 158586 19038
2 132001
1 47260 75133
1 132429 34919
2 72489
1 121647 63085
1 32950 175928
1 134967 144762
2 35025
1 63258 111040
1 20233 27813
1 83902 113069
1 126251 51422
2 60411
2 172489
1 146919 14949
1 48554 184832
1 154566 162251
1 179037 19806
2 189113
1 32203 107381
1 189055 130770
1 95148 178970
1 154220 135249
1 187718 139370
2 178787
2 160335
2 138485
1 192720 170131
1 22234 24377
1 35107 74047
1 184208 167771
1 173896 95451
2 192239
1 149019 145123
1 1177 14162
1 98034 133582
2 95428
1 113672 100087
1 51773 112476
1 179149 154537
2 54253
2 68421
2 37182
1 42336 159928
1 55441 54975
1 71729 16069
1 163698 157156
1 74400 174408
1 128399 156208
1 101870 125513
1 113293 199438
1 194740 142844
1 187540 13485
1 78851 36480
1 165510 55577
2 115650
1 122670 137665
2 106297
1 124200 165778
1 39251 20931
1 119475 23748
1 80915 142948
1 85588 195833
1 81022 32958
1 107771 7200
1 4385 170928
1 24553 188473
1 136530 12694
1 84205 49588
2 42760
1 123219 117152
1 78757 118714
1 60699 29215
1 57326 168698
1 57869 44169
1 154625 88019
1 11027 31545
1 132766 91938
1 90206 72324
1 110479 21619
1 23424 187893
2 130023
2 138836
2 114247
1 108992 177502
1 102902 2916
1 50229 28474
1 178462 26973
2 119582
1 169989 158591
1 160272 85067
1 92445 175617
1 129468 15108
1 168983 39255
1 156738 55615
1 142662 88284
1 81518 122913
1 94211 52847
1 136257 47162
1 124704 42316
1 194831 31099
1 120044 37740
1 2206 199866
1 86888 140638
1 88701 83817
1 175047 96295
2 84834
1 126753 134188
1 139506 80456
1 188730 137183
2 179648
1 199782 126291
1 157740 177766
1 188098 119755
1 131709 192993
1 175538 14222
1 42568 140577
1 108418 175919
1 10511 165700
1 63106 156740
1 157643 77774
1 108157 179201
1 146057 4460
1 137401 43480
2 87431
1 5443 16303
2 71773
1 87539 40026
1 30500 120952
1 165192 42488
1 133855 81843
1 48835 52467
2 178549
1 168890 36108
1 52941 131556
1 94807 102236
1 75141 101323
1 89563 177778
2 20244
1 153161 4320
1 65823 107321
1 159643 11593
1 111205 1609
1 141576 17834
1 44723 31401
1 158130 36315
2 1137
1 140269 114912
1 73740 198046
1 56645 122034
1 159766 30574
1 125697 116451
1 183066 419
1 136331 98565
2 162002
2 136420
2 73656
1 150365 151673
1 22374 147243
1 159548 131367
1 105048 163671
1 72077 58506
1 32273 73017
2 131591
1 165351 158061
1 58260 169334
1 26086 196151
1 170850 144759
1 60558 62079
1 60791 168822
1 189594 44025
1 131082 122920
1 158182 168857
1 8454 68228
1 197092 131821
1 182117 110662
1 35036 82427
1 71182 190053
1 96616 41308
1 73067 151507
1 98351 30231
1 151055 22455
1 147745 96001
1 188871 44519
1 9524 153301
1 163071 179368
1 123677 187983
2 28375
1 114544 168786
1 38858 72134
1 53120 180158
1 93589 167215
2 17000
1 16594 86276
1 81295 15060
1 131562 18761
1 189257 36875
2 39076
1 92930 128776
1 188057 90461
1 104835 123805
1 102846 146043
1 159948 71784
2 147771
1 93928 106153
1 45868 57695
1 55453 62937
2 8219
1 91155 165023
1 134960 177816
1 49301 104978
1 14595 186935
2 54516
1 146013 157727
1 88040 8971
1 62628 191969
1 190470 171779
1 80333 86866
1 157091 153129
1 85399 184878
1 126380 176721
1 53879 66324
1 82247 21098
1 96440 134285
1 123542 118819
1 70800 112386
1 71214 40189
1 80580 162232
1 189081 109617
1 101631 92430
2 175178
1 165001 124909
1 76081 10527
1 176488 66525
1 24047 134109
1 116517 94615
1 47589 198695
1 157393 193850
1 171953 115136
1 19440 50266
1 178267 12994
1 135923 156441
1 27117 9183
1 68980 132484
1 143375 180631
1 166642 21360
1 50534 122425
1 28942 29462
1 70318 38174
1 64134 10027
1 11798 546
1 176688 7748
1 134556 133542
1 26682 152233
1 130858 161347
1 14240 34679
1 94704 25360
1 20654 102140
1 91586 5847
1 146872 76045
1 122292 67795
1 103063 101354
1 8436 20270
2 115494
2 124298
1 182009 137755
1 61040 198939
1 159596 198039
1 3542 142353
2 126367
1 49786 147132
1 147132 76680
1 182495 131464
1 1949 176119
1 9343 36401
1 95615 198415
1 107753 78935
1 137440 193031
1 130704 39589
1 151992 60833
1 162249 2597
1 95638 176297
1 190469 39651
1 119934 9841
1 144272 22022
1 176450 4619
2 31370
1 65571 135647
1 64911 165668
1 4986 63642
1 24500 142174
1 57461 126235
1 109991 174207
2 121216
1 154153 100103
1 36823 36579
1 41097 8578
1 572 125626
1 8870 183665
2 89021
1 139439 63082
1 105365 192651
1 54624 133153
1 45986 20207
1 167563 11255
1 95784 115491
1 114719 177262
1 25794 14321
1 93327 12255
1 31282 18128
1 3882 115826
1 73758 6330
1 120254 132448
1 178448 86162
1 125679 80295
1 140204 165365
1 28371 6606
1 174707 186142
1 21648 177051
1 163449 52543
1 109113 152850
1 159779 87966
1 86821 2863
1 167973 155693
2 197970
1 26726 158009
2 147870
1 144154 116886
1 16197 150706
1 32796 103966
1 7903 33225
1 145958 95597
1 179139 67014
1 92759 167096
1 93046 7575
1 173295 32277
1 88148 15668
1 156302 23260
1 128748 140060
1 161833 151297
1 192988 67724
1 42830 131435
1 66797 125185
1 195545 97370
2 72305
1 132154 125814
1 65121 31771
2 164089
1 2429 113979
1 68177 153685
1 128201 122714
1 29163 62920
1 197372 104904
1 110399 101432
1 194008 49822
1 90340 28690
1 114778 184771
1 49364 147749
1 169622 99367
1 82404 19201
1 24657 167487
1 43396 92944
1 123556 149442
1 193271 12341
1 89422 63524
1 1940 47907
2 89370
1 14933 123517
1 139785 176306
2 43113
1 192122 32780
1 45325 156577
2 183017
1 151569 36463
1 26575 29606
1 137884 170301
1 71938 71979
1 95028 172999
1 103018 112108
2 154906
1 160066 104678
1 186814 57305
1 135331 26181
1 127735 179107
1 86541 141700
1 23613 96880
1 17051 111369
1 180285 32403
1 8377 126624
1 197020 6749
1 45444 93045
1 124467 44919
1 59043 6098
1 29838 24635
1 149862 75674
1 101351 166739
1 96733 109317
1 82592 107925
1 49658 57373
1 90047 176925
1 116522 198266
2 111021
1 37845 17136
1 116313 177777
1 169001 182596
1 199343 3945
1 155927 129196
1 42477 76873
1 149695 176856
1 121761 194968
1 11874 3970
1 32146 2473
1 139046 91527
1 132577 45270
1 172813 165120
1 23073 110210
1 158449 75940
2 182964
2 162081
1 88738 98919
1 3550 41671
1 198523 124043
1 1735 99542
1 129629 153505
1 177432 161609
1 70534 85990
2 150033
1 109990 125784
2 160333
1 71915 101443
1 56818 139006
1 120064 189198
1 168482 180172
1 93186 4637
1 85070 142212
2 126916
1 3945 26890
1 102141 114010
1 118612 186671
2 70957
2 175672
1 93271 43122
1 150257 142932
1 71707 197136
2 111377
2 30301
1 81198 103045
2 120410
2 9584
1 29409 131552
1 60406 132159
1 180701 111837
1 127377 110429
1 89869 48399
1 54651 123801
1 40454 36148
2 119626
1 137631 124373
1 188008 105984
1 15311 157692
1 110818 136302
1 106161 148271
1 51056 29195
2 74476
1 173036 161636
1 30974 13021
1 74513 80654
1 41698 62005
1 171592 194807
1 127098 165781
1 124089 134429
1 173645 75239
1 86220 79345
1 55656 24768
1 174146 138511
1 197276 128116
2 100373
1 110808 81267
1 88453 153812
1 41881 175346
1 183544 166777
1 187431 172756
1 70688 169932
1 159237 39876
1 101830 112700
1 72019 173852
1 87477 163579
1 179173 195229
1 144245 51738
1 172006 176495
1 7942 25958
1 14380 113946
1 89760 176898
1 190107 191493
1 182313 145990
1 108543 163054
1 17206 116695
2 24421
1 179085 131207
1 169812 66043
1 197675 3197
1 128500 162216
1 109358 101086
1 156097 53677
1 10518 178187
1 10334 167997
1 5898 189696
1 58974 111321
1 26611 97293
1 94393 189488
1 144474 32212
1 11408 61622
1 140997 130947
1 185250 128131
1 175951 94674
1 4111 23214
1 48775 153535
1 115788 77226
1 79306 118473
1 148134 104673
1 54180 151659
1 10363 8975
1 142563 122459
1 64694 188769
1 97661 176834
1 128458 45774
1 123941 4733
1 49522 12725
1 141160 60885
1 139048 70712
1 49998 177018
1 45219 138712
2 104302
1 79800 165524
1 20822 97041
1 127803 97251
1 28012 25738
1 36667 160935
1 165642 61333
1 9442 173924
2 123111
1 196216 98514
1 121709 168567
1 77406 177152
1 33076 60263
1 167396 80720
1 161724 151065
1 49335 38194
2 20784
1 163096 131912
1 96070 171991
1 47226 52360
1 107248 73517
1 20611 114217
1 157337 3205
1 130583 135507
1 127839 107167
1 134144 37028
1 191211 100742
2 72837
1 75631 39658
1 87478 194567
1 178152 107722
1 141150 112608
1 69091 22200
1 109830 78142
1 54946 59224
1 155208 30269
1 113992 189893
1 188425 55684
1 14008 98442
1 190642 25378
1 24050 55585
1 1646 153001
1 120170 73899
1 67940 179466
1 60266 73904
1 97526 38514
1 91306 125208
2 30459
1 76303 195694
1 149451 85625
1 191967 4447
1 144472 155557
1 6066 164717
1 9291 136990
1 163630 196837
1 22025 144743
1 147502 22862
1 181415 153509
2 37702
1 24127 112579
2 118270
1 190760 50289
1 99679 96954
2 158927
1 155541 165543
1 192155 195913
2 41150
1 187996 106340
2 10175
1 32784 120626
1 195570 170214
1 112985 173699
1 44815 146889
1 187049 151216
1 126359 49237
1 167392 185248
1 109523 96545
1 13785 60184
2 147553
1 32981 186537
1 171886 165645
1 76998 145180
1 12763 167022
1 12928 184107
1 143558 101443
1 148591 101121
1 110984 72206
1 52538 120880
1 114490 96304
1 195610 116654
1 98413 67782
1 63031 6869
1 120422 41283
1 67461 142874
1 39711 31374
1 100445 7884
1 28411 118302
1 128735 174352
1 113480 184788
1 23943 49179
1 36027 20377
1 81999 98672
1 162471 33913
1 103492 178140
1 141439 63679
1 24812 22127
1 190989 98321
1 144855 188541
1 59122 782
1 145988 187604
1 145248 60710
1 49527 575
1 54997 199673
1 119383 171324
1 144666 35828
1 152718 118841
1 188540 90536
1 89755 47701
1 81673 77292
1 24315 6229
1 94221 124084
1 137337 19364
1 10510 13235
1 180497 89103
1 194950 105838
1 12556 176641
1 32480 82017
1 35864 109755
1 104886 86935
1 1895 17239
1 128457 91717
1 199178 82878
1 45952 173799
1 32781 40551
1 150821 199326
1 18389 47954
1 139678 20552
1 84665 90757
1 118504 70625
1 103006 71045
1 32474 14746
1 172502 109719
1 97879 186744
1 25082 2744
1 192660 124271
1 194758 113819
1 129356 50111
1 12660 153506
1 108673 16462
1 194333 95328
1 45941 21895
1 190540 26317
1 44904 165106
1 110564 49161
1 16915 131669
1 175285 34069
1 23461 37450
1 145945 169935
1 7357 193890
1 47572 90158
1 71784 108601
1 132652 150334
1 197340 166554
1 144837 108445
1 95477 2262
1 119169 79350
1 174639 23519
1 156248 14396
1 36068 20459
1 92019 145577
1 116103 85638
1 152590 191224
1 35616 116599
1 60493 165985
1 143754 177687
1 119070 75413
1 119018 130414
1 40401 171257
1 12914 160847
1 53813 37415
1 55253 46198
1 6963 183457
1 43724 56863
1 46831 145432
1 114762 173545
1 97693 170973
1 84027 21420
1 52065 21030
1 20675 138520
1 158379 41093
1 194613 163087
1 19217 26980
1 97490 179717
1 48494 119236
1 69124 78037
1 121402 82359
1 34265 126182
1 171819 73563
1 195012 42110
1 157643 92697
1 44433 152806
1 197595 60061
1 42153 164608
1 121831 5527
1 154566 181221
1 180906 175731
1 175864 30531
1 60644 184853
1 121751 195510
1 170042 179607
1 173514 66661
1 121742 135622
1 153721 67294
1 189663 167899
1 106191 85045
1 56291 98486
1 134771 5402
1 178915 192993
1 194439 29497
1 62103 91075
1 16801 158295
1 38402 150626
1 195081 133034
1 106192 27998
1 142323 193849
1 44845 20330
1 189310 107829
1 128616 3660
1 124909 12887
1 22793 55576
1 36388 92731
1 77936 130345
1 58982 139131
1 172015 157793
1 34510 83920
1 135465 41441
1 108299 60901
1 61420 154251
1 85409 199549
1 37195 155191
1 179100 104455
1 83648 107380
1 5206 131711
1 186241 64385
1 104172 118984
1 86113 182859
1 27901 13512
1 74537 89640
1 76195 152259
1 36343 89364
1 81334 63035
1 88918 87403
1 150974 84295
1 21215 91174
1 141623 37811
1 129615 33242
1 89931 5911
1 17898 158574
1 3979 56315
1 86224 177437
1 193903 101866
1 66333 28332
1 45136 188244
1 145350 2924
1 15266 115050
1 65137 124787
1 166454 196276
1 100053 68247
1 154288 70582
1 145107 44971
1 55621 135492
1 136788 90430
1 92792 51298
1 88227 134416
1 152277 45983
1 102861 127575
1 69806 87603
1 21239 138611
1 14230 92760
1 17983 136173
1 75483 52198
1 107543 159606
1 55944 28083
1 18526 124382
1 170202 78953
1 158720 43666
1 145153 6248
1 16912 142490
1 113115 144030
1 4772 72018
1 162604 49253
1 197424 64105
1 93665 16285
1 46502 164695
1 172550 165067
1 120077 27363
1 104326 121585
1 116512 27349
1 52834 151086
1 193706 104247
1 161011 17688
1 79839 160658
1 77796 26904
1 72829 25063
1 63915 31301
1 179172 146028
1 131336 6213
1 192818 23689
1 38592 185056
1 162979 112530
1 26586 23077
1 181223 124486
1 177946 14018
1 147589 152711
1 167933 115039
1 41648 111836
1 152757 35964
1 114407 21413
1 53030 13451
1 103442 91613
1 145953 192591
1 157083 106134
1 146784 16629
1 105738 16496
1 151938 14643
1 123172 39194
1 178504 185375
1 173638 27981
1 2768 57170
1 87613 132038
1 67153 194365
1 106344 195395
1 47062 104843
1 113361 97153
1 12095 182905
1 85768 166196
1 51061 72946
1 42626 195783
1 52909 137711
1 69617 178005
1 64353 167950
1 148580 118312
1 142985 71920
1 169696 122673
1 182752 139416
1 50752 85832
1 112533 181185
1 9675 181861
1 95696 136320
1 2516 89695
1 156391 175899
1 179222 123491
1 186207 12136
1 37135 197048
1 92199 38698
1 17885 19058
1 9299 185897
1 35544 820
1 152341 77392
1 19695 72362
1 120642 62988
1 143623 124934
1 40067 73762
1 10575 178554
1 101017 142608
1 43048 41398
1 126357 58344
1 35380 139748
1 108695 132905
1 139581 55521
1 171974 32671
1 43464 65597
1 173904 152636
1 54394 87093
1 84836 162616
1 128107 43632
1 112045 80550
1 111688 44664
1 65873 146840
1 495 146298
1 56681 66357
1 56901 46272
1 163202 149784
1 59675 23789
1 18580 142507
1 35457 99450
1 184962 171653
1 99882 95151
1 26322 43584
1 61441 103909
1 106606 131295
1 92234 199098
1 82651 29343
1 12989 40597
1 111544 162331
1 168224 53980
1 79802 113510
1 64420 87539
1 37350 140835
1 115777 91831
1 98320 163112
1 28181 108474
1 75986 188692
1 26617 62080
1 181584 28589
1 5477 156986
1 175146 8061
1 198534 7426
1 21826 58350
1 103006 47191
1 24176 60388
1 133148 150490
1 179970 74267
1 3388 61064
1 13625 182146
1 154721 27322
1 176769 2647
1 167472 152731
1 192560 92804
1 50671 89832
1 133313 109689
1 28191 79917
1 17874 35787
1 182679 40894
1 134747 169739
1 40226 111668
1 168369 140394
1 3034 13354
1 96891 159949
1 3397 90423
1 140211 22893
1 17520 139757
1 32608 20401
1 146954 110163
1 55186 109966
1 4227 99807
1 164702 79582
1 187622 191158
1 136860 125823
1 137587 191079
1 10078 157039
1 68673 40229
1 186610 91686
1 37906 155973
1 56667 32115
1 196792 28600
1 63947 193050
1 29992 129162
1 18980 13677
1 47452 118427
1 158385 17641
1 124782 126940
1 20127 13011
1 108082 86733
1 105664 103956
1 93012 90613
1 41091 53649
1 136243 2082
1 186604 47055
1 134845 76963
1 114907 174789
1 175692 174595
1 58682 16451
1 148608 179015
1 90823 139715
1 144605 168746
1 75972 168589
1 33383 80152
1 138684 73361
1 156092 130025
1 179512 153791
1 2417 82912
1 199041 75625
1 15857 139043
1 166040 126877
1 16018 103227
1 1458 19452
1 185785 32207
1 185401 24351
1 117616 79197
1 68543 170412
1 191493 171962
1 90053 184435
1 104934 11275
1 45548 80527
1 120507 191492
1 155387 136250
1 73603 92703
1 94353 119984
1 125234 152415
1 4716 113352
1 71690 44743
1 111450 185167
1 20088 23829
1 137981 20198
1 47345 90308
1 21254 87326
1 11149 144770
1 193450 3922
1 8356 171949
1 187433 147909
1 71207 22484
1 182912 101052
1 33345 35627
1 103147 137629
1 185006 160848
1 175584 73609
1 45787 90493
1 125641 196214
1 7296 185357
1 140993 80593
1 61434 147764
1 66258 185555
1 46636 41913
1 65196 100130
1 138007 15478
1 104745 68139
1 118585 160082
1 44608 11261
1 70499 1596
1 18439 136040
1 85086 108844
1 111662 83991
1 161855 84758
1 109368 682
1 5577 43695
1 59580 69719
1 82051 9956
1 139547 95747
1 92506 46168
1 1475 170588
1 120250 153565
1 58021 105210
1 187303 11829
1 101683 72758
1 36961 134922
1 149597 179530
1 108665 190444
1 194444 53098
1 170222 2954
1 133791 57890
1 64523 103731
1 46821 58929
1 35653 169998
1 194459 167525
1 67984 173847
1 129319 127863
1 141378 56347
1 98453 13033
1 110700 108663
1 121873 39326
1 65844 113485
1 997 143034
1 102455 38152
1 170611 111099
1 69982 79441
1 157622 108246
1 38655 172368
1 71029 89621
1 42103 90536
1 71881 181873
1 108869 65133
1 78928 83307
1 75433 197225
1 97201 136368
1 100541 79758
1 189841 135277
1 84371 175741
1 30294 54192
1 49169 170679
1 148315 100544
1 124937 167842
1 64948 106047
1 182492 131904
1 178852 42109
1 90705 125035
1 189020 95
1 15601 137364
1 15861 95345
1 137318 192444
1 115632 120456
1 127572 53939
1 44397 147164
1 160247 84369
1 80937 33637
1 114045 54322
1 168572 192500
1 167974 182390
1 137299 76691
1 122139 179769
1 77418 65889
1 100684 10511
1 130125 107368
1 48013 185730
1 40784 131712
1 171185 92495
1 155467 152488
1 111848 136542
1 192027 121826
1 44630 67842
1 118166 29007
1 196470 189362
1 75534 80908
1 118318 115846
1 102217 60877
1 176691 9268
1 163071 28727
1 62366 93835
1 76180 184771
1 44239 147696
1 45847 95696
1 198723 88985
1 176890 141128
1 37809 175943
1 166420 11383
1 133290 19208
1 21845 88937
1 32689 54829
1 164936 35138
1 165080 158855
1 23247 174626
1 6428 186792
1 148186 84857
1 28994 130776
1 138856 5928
1 84530 9878
1 70914 30938
1 144467 14609
1 34613 117281
1 158184 150374
1 138128 41428
1 155883 151451
1 72925 47080
1 97640 64924
1 193380 76557
1 116636 100596
1 71709 76236
1 140302 119887
1 78004 81439
1 96173 32623
1 7875 35088
1 56811 155244
1 13451 139412
1 41433 110000
1 21556 93098
1 70852 124722
1 168710 42800
1 14863 94771
1 82792 31302
1 184914 199862
1 85080 60326
1 51442 67204
1 179050 96642
1 73154 137503
1 98885 107935
1 110297 151110
1 16283 4273
1 128628 10601
1 14057 61497
1 174286 107054
1 174127 36251
1 171070 55973
1 97712 117891
1 136592 30727
1 162348 34746
1 2600 70837
1 28765 191620
1 127123 68270
1 26928 28476
1 193455 23505
1 193733 175091
1 21245 125910
1 34025 102278
1 86084 27399
1 113939 120126
1 157993 102467
1 83869 102189
1 43788 186997
1 92932 77318
1 28582 92752
1 105058 190332
1 193056 1807
1 185450 145183
1 129206 74347
1 79269 175411
1 117965 108445
1 48748 9938
1 125137 142038
1 41445 182596
1 20691 156988
1 82050 82909
1 98466 128614
1 104503 60311
1 134568 74011
1 154171 74096
1 129159 33542
1 63234 172293
1 139252 11901
1 121337 174703
1 85460 184563
1 167810 39134
1 96469 61115
1 97585 136757
1 34190 71360
1 180103 196837
1 154138 182593
1 182958 174221
1 35570 53393
1 196853 30545
1 146954 159118
1 36237 102329
1 12909 417
1 191940 69452
1 173276 18039
1 134016 33645
1 20835 34686
1 117887 182133
1 33854 51427
1 84557 113235
1 190443 148810
1 60743 130208
1 141776 10062
1 22095 65542
1 115152 174970
1 20879 160467
1 55080 50056
1 169074 113049
1 54735 18393
1 75039 154121
1 141006 128565
1 184 134672
1 172957 117060
1 179476 18673
1 74432 98892
1 181048 27748
1 70177 42349
1 164892 6382
1 193070 18138
1 114012 161089
1 107764 90650
1 142652 108502
1 68924 13247
1 171617 38601
1 177510 22821
1 38092 151093
1 90308 5870
1 160537 193104
1 33402 11836
1 81144 80073
1 98196 86127
1 53674 199520
1 185638 60065
1 9279 126726
1 159722 105119
1 146702 84853
1 66006 188073
1 52342 22289
1 156285 171628
1 88147 104704
1 65833 196671
1 89155 122503
1 143350 117339
1 35803 197478
1 197360 125407
1 170660 93045
1 173232 29508
1 9051 196800
1 92980 28702
1 80808 188384
1 106814 4883
1 43614 82714
1 31791 95391
1 93363 43197
1 64868 179847
1 168257 174326
1 35088 156509
1 91452 157687
1 27994 192181
1 181686 113993
1 157689 27238
1 15632 65198
1 108175 158659
1 54467 35771
1 169923 52699
1 11087 171316
1 63905 184559
1 88642 12329
1 21558 61747
1 84972 181200
1 89832 93832
1 137312 169764
1 14995 99384
1 189231 66046
1 26026 89266
1 140513 172145
1 69837 16966
1 101748 48299
1 120550 177060
1 102617 162569
1 185993 43217
1 152172 164859
1 165132 64299
1 2482 12633
1 99940 197278
1 10073 169412
1 130945 24742
1 123307 166401
1 72939 118279
1 111828 51667
1 125982 93706
1 187733 151767
1 66274 148154
1 187976 13028
1 36527 93022
1 183318 137315
1 76544 79928
1 3382 159468
1 49654 47039
1 88808 50082
1 142576 112216
1 82289 120017
1 184103 102427
1 43865 105350
1 173135 78148
1 144162 15150
1 81708 168887
1 15626 54962
1 159218 6649
1 41092 171794
1 15457 54955
1 40370 31744
1 196255 130888
1 16230 104063
1 88919 136738
1 146714 7869
1 191698 82649
1 161070 111789
1 163667 113565
1 47969 84393
1 12856 57189
1 153682 118663
1 75854 85231
1 182328 106554
1 145973 54330
1 110687 7595
1 34741 30913
1 116069 87640
1 29215 62009
1 87540 109485
1 27944 63757
1 121218 57953
1 169666 165657
1 49990 94546
1 145532 57509
1 144892 134692
1 99228 68835
1 76188 189719
1 192699 189676
1 13015 189864
1 90273 142390
1 192018 116906
1 21793 124825
1 56806 127012
1 30263 118851
1 122328 17709
1 72480 133305
1 61078 10950
1 134457 166416
1 112690 11000
1 149915 110635
1 110690 29870
1 93941 172598
1 73208 83669
1 85356 156452
1 46558 79795
1 24368 156325
1 192853 169156
1 36319 42602
1 178351 22747
1 137247 68317
1 103946 78647
1 98935 9563
1 143375 40036
1 180398 103669
1 97130 7957
1 67175 124198
1 154315 96384
1 159675 198486
1 8413 10234
1 142232 195919
1 44358 52691
1 17881 102335
1 71136 124147
1 97959 177582
1 119670 190517
1 170896 55936
1 178817 2308
1 26597 196078
1 164964 146228
1 58009 97473
1 44774 107235
1 196888 106064
1 83055 161937
1 19748 127035
1 20869 193212
1 69303 37927
1 197575 148288
1 115413 78715
1 86891 127278
1 41776 12763
1 16948 128171
1 9216 171108
1 101559 190027
1 191459 198633
1 41359 29165
1 124915 89516
1 193373 192410
1 199526 50591
1 187461 34265
1 162218 146972
1 197286 16214
1 138689 149026
1 78745 58931
1 138074 96595
1 159853 47021
1 137650 139690
1 54241 127028
1 113578 72705
1 158754 188484
1 29416 153283
1 19142 21832
1 132083 10670
1 24009 48496
1 105034 29132
1 64390 123089
1 5637 80242
1 30585 107005
1 197103 139898
1 52724 162531
1 81186 97981
1 92255 20649
1 21029 153555
1 128437 104904
1 101123 43983
1 58235 161575
1 92973 42677
1 156866 197692
1 83537 47486
1 118752 96031
1 94715 18383
1 177898 147824
1 4459 116405
1 175862 29227
1 105464 11365
1 139151 157513
1 199717 110450
1 95993 160537
1 83650 14030
1 98087 55711
1 100293 82949
1 50682 130221
1 152808 10807
1 121787 39297
1 21701 147414
1 24987 195742
1 47409 61280
1 84073 124014
1 30550 24029
1 8981 4631
1 141204 66972
1 91876 2715
1 152282 69674
1 199283 29429
1 92800 155539
1 95088 158386
1 97831 115741
1 71574 159886
1 156819 86145
1 62633 177039
1 22152 80940
1 171506 121126
1 41317 60470
1 169787 102019
1 152701 78306
1 61773 63865
1 150268 86294
1 94825 1043
1 108857 44956
1 94981 53174
1 31063 136921
1 189576 125240
1 135265 113933
1 94665 13440
1 110886 135819
1 3651 84639
1 58450 61625
1 87004 80046
1 47245 144843
1 142296 166696
1 186201 97723
1 41495 29834
1 72359 25101
1 155287 186985
1 56378 170562
1 47590 16595
1 23551 10137
1 128167 69610
1 66988 269
1 92553 66237
1 100503 143948
1 43459 189224
1 147609 104693
1 146450 16750
1 79140 107861
1 146935 25044
1 67681 45602
1 176620 100289
1 56397 52599
1 45798 42899
1 598 72914
1 135312 158724
1 66161 81867
1 171653 14974
1 152703 185111
1 151503 27196
1 47520 158205
1 121887 193314
1 32791 27032
1 5709 77406
1 133599 93517
1 128913 30080
1 131917 79437
1 186049 13910
1 69223 32013
1 5453 109003
1 182212 96005
1 185913 137666
1 129253 134951
1 135514 16751
1 100498 83426
1 12115 179765
1 132729 3094
1 101968 104454
1 180995 22489
1 68419 16439
1 162488 184106
1 182110 19170
1 39445 6645
1 154961 178497
1 52908 142023
1 41990 27017
1 33532 71443
1 111962 57796
1 64017 56933
1 49053 83250
1 75102 126565
1 68172 43809
1 173976 33871
1 42446 167051
1 42006 144689
1 60525 94896
1 28454 136166
1 82262 159988
1 112370 12946
1 10835 13691
1 66260 126557
1 101255 105475
1 190263 33779
1 105834 143746
1 128303 61692
1 115591 99457
1 105562 115417
1 112308 92343
1 124727 44256
1 157840 147433
1 77574 85784
1 187970 29377
1 182050 140791
1 165232 165998
1 123803 189723
1 75134 89468
1 180440 60551
1 50057 38963
1 93292 44767
1 127459 53621
1 27830 119910
1 9424 104019
1 101886 55350
1 136705 130415
1 155021 33792
1 60304 132121
1 5837 109382
1 54204 146339
1 124195 100887
1 61990 3654
1 126153 24969
1 117771 171898
1 50031 4348
1 109060 181328
1 53395 165325
1 26299 49811
1 147550 41561
1 114736 150944
1 187843 143860
1 178476 138306
1 61011 185641
1 197380 153554
1 32291 36147
1 151953 110349
1 162273 99324
1 39214 124534
1 111474 49557
1 151538 190703
1 157521 32053
1 62575 76179
1 166244 133622
1 110379 13911
1 109728 116430
1 59422 167777
1 133023 192906
1 3053 23335
1 38912 38609
1 170597 129996
1 10174 192087
1 192890 71095
1 178196 18462
1 90369 118
1 8592 170485
1 47275 149522
1 11894 116074
1 70724 26099
1 94104 191250
1 30251 33654
1 143539 188668
1 107348 162765
1 139981 19314
1 159932 186838
1 45772 93681
1 82283 152575
1 134616 106281
1 147119 79898
1 11701 85559
1 51479 64892
1 132315 113761
1 33774 185947
1 10775 151955
1 167801 127656
1 129190 9049
1 146611 173610
1 13136 155741
1 43464 129628
1 144514 101218
1 90512 114568
1 48303 116801
1 9165 93284
1 4649 179810
1 72872 63469
1 91323 179325
1 125607 112770
1 93065 34003
1 126770 167747
1 49899 110248
1 41799 174187
1 100487 195
1 31099 50026
1 198445 198567
1 150771 146694
1 89848 99347
1 187746 12980
1 95714 66552
1 193221 172018
1 116455 99386
1 140188 64744
1 118942 57322
1 27307 162111
1 56148 161473
1 173872 195265
1 157931 65952
1 192422 45042
1 119346 5511
1 55610 181166
1 104580 170644
1 199053 7300
1 10982 12989
1 96362 14738
1 19228 168527
1 62153 9826
1 165708 86505
1 37636 195588
1 74071 60340
1 128217 130796
1 2420 161573
1 20384 146318
1 150478 179573
1 10126 60471
1 193439 72670
1 49002 52911
1 95053 99866
1 168398 28621
1 174404 165656
1 139680 195355
1 20054 92927
1 79186 83499
1 160016 13350
1 42905 171128
1 83997 8148
1 180458 173440
1 69087 86197
1 103994 118752
1 114316 138333
1 182198 115634
1 138694 96256
1 97153 134308
1 26558 18481
1 7917 128346
1 152715 180571
1 65340 113030
1 92870 150782
1 193240 68677
1 35497 95275
1 37521 14204
1 77160 29121
1 166166 128115
1 63311 142121
1 124022 170673
1 166621 18193
1 33175 124314
1 84704 1061
1 141623 158917
1 58961 61331
1 13539 13346
1 74482 1407
1 86966 173323
1 3814 179460
1 99667 154024
1 102929 124910
1 104740 174472
1 95793 185973
1 109844 181949
1 155771 189243
1 149131 37753
1 161594 136840
1 25322 195175
1 117284 12165
1 16710 19211
1 89790 195446
1 2088 74013
1 54002 3772
1 94469 116962
1 15854 191819
1 194362 98765
1 30015 153128
1 25612 137557
1 92335 75622
1 21982 169623
1 74460 93986
1 191346 122286
1 22746 194620
1 33317 62801
1 67786 54615
1 4389 40557
1 93371 78036
1 107444 100291
1 194945 188042
1 16610 20036
1 143700 85833
1 20551 87531
1 67564 147025
1 51775 182810
1 155482 106253
1 44266 95096
1 190505 27925
1 40036 93770
1 89333 179171
1 187200 163345
1 145227 133268
1 10507 33123
1 140610 111971
1 198335 68685
1 4569 86433
1 155781 50792
1 22866 64632
1 72368 154106
1 83983 36512
1 13687 166672
1 158699 108258
1 162289 65497
1 37146 152397
1 107030 66117
1 81988 89206
1 49973 69662
1 130142 19380
1 185073 89318
1 146890 111771
1 182848 136882
1 155890 149432
1 32550 47111
1 139040 81230
1 120686 148275
1 91744 79311
1 146794 86637
1 24024 22749
1 63211 19632
1 8615 97410
1 44739 107733
1 130174 50221
1 158714 8112
1 63739 165359
1 116367 157101
1 98316 39414
1 171057 174507
1 5954 199689
1 142845 174231
1 94324 155908
1 162233 4557
1 134487 177748
1 101136 172459
1 47516 91254
1 178640 36919
1 179721 104876
1 48738 41716
1 184795 107648
1 73736 129408
1 189403 158397
1 132125 69936
1 158655 22123
1 2056 194862
1 707 125514
1 189377 136786
1 53256 119569
1 89608 116480
1 79341 187240
1 53219 5250
1 72044 112740
1 199896 111846
1 171831 147394
1 81578 37081
1 149139 26599
1 28120 46149
1 60341 130645
1 127634 125992
1 93147 53617
1 140862 197365
1 60844 189300
1 143275 15536
1 113939 14831
1 149717 88005
1 171609 112515
1 131545 151528
1 71298 120032
1 154682 131699
1 191978 12286
1 152340 135869
1 97631 55577
1 735 103607
1 181057 53041
1 47016 48011
1 106904 40065
1 150283 47928
1 133302 105023
1 30067 65191
1 122318 119316
1 72150 102354
1 122964 143197
1 153516 77335
1 161685 165858
1 125103 80920
1 173912 123606
1 86168 127255
1 180790 170703
1 45848 153358
1 57528 186439
1 176917 10708
1 136815 87187
1 29414 108077
1 2776 189666
1 104657 191793
1 137648 140089
1 102084 37922
1 129940 107309
1 86930 60103
1 150173 188194
1 93679 177229
1 164859 24835
1 165870 66591
1 21777 32129
1 111033 3203
1 174736 95056
1 166674 135288
1 63319 169631
1 713 129614
1 142154 124183
1 2045 45382
1 139377 96470
1 39063 111658
1 97171 115053
1 47812 170350
1 187731 99096
1 16114 165192
1 44875 96701
1 23950 69261
1 133735 107879
1 109180 109645
1 132484 44804
1 196823 108145
1 128649 93532
1 65898 106130
1 30789 59988
1 116591 104348
1 24777 180771
1 51911 139428
1 186185 152403
1 105465 86534
1 47918 15163
1 193712 106819
1 121918 41595
1 198575 81946
1 113584 96889
1 148055 88101
1 183177 171482
1 80923 86390
1 46011 107139
1 165442 11250
1 80319 191570
1 24862 118765
1 66673 10647
1 8459 192903
1 97324 126616
1 156523 35655
1 179943 96772
1 123040 45429
1 136142 15735
1 16586 99069
1 188772 183534
1 1987 74114
1 98265 76043
1 87704 65535
1 25255 4365
1 118857 160805
1 83250 98761
1 181251 8496
1 24864 14380
1 15580 20428
1 145078 76532
1 65808 67175
1 113268 87147
1 7035 193431
1 177075 80871
1 5207 170990
1 147260 190015
1 147575 76444
1 157227 37136
1 178756 143621
1 157317 145072
1 129014 106403
1 148758 178992
1 71190 37150
1 40911 195864
1 170418 143657
1 80158 56286
1 545 36320
1 5327 7656
1 119161 106592
1 193635 199556
1 127246 114278
1 71343 96164
1 85549 167915
1 19255 167199
1 91160 105983
1 130123 38244
1 192963 149861
1 25314 170561
1 80399 127342
1 190388 133076
1 91205 111768
1 29341 73424
1 138390 137065
1 190896 194163
1 3858 143624
1 157080 14662
1 2855 9948
1 39926 119125
1 190747 108584
1 195830 69360
1 142988 132837
1 149939 76643
1 53350 74849
1 111246 2930
1 23077 156376
1 35914 189912
1 147277 109841
1 83242 196480
1 95847 49083
1 32973 145539
1 116670 25736
1 89737 153316
1 71001 67528
1 154311 48330
1 96058 88522
1 125919 38845
1 17047 77488
1 12917 47203
1 99864 104913
1 158034 80188
1 181394 30100
1 197702 84187
1 164354 127115
1 67965 124135
1 7244 176141
1 125600 150674
1 39732 132310
1 142191 148568
1 115038 191203
1 56092 130171
1 162882 83465
1 84459 198268
1 57843 138583
1 141575 5982
1 34833 140333
1 165479 160343
1 165708 110875
1 43874 48599
1 130203 152382
1 60751 21949
1 193852 33047
1 89504 79254
1 48686 748
1 12929 3992
1 61804 167012
1 75885 91103
1 101867 76574
1 143184 122983
1 47702 155154
1 85923 147530
1 116105 39084
1 109700 131131
1 56844 94244
1 96725 4354
1 135761 27362
1 153942 178105
1 30832 60945
1 110790 175240
1 137378 151234
1 146935 134813
1 82236 161987
1 142640 109359
1 50605 143872
1 32200 178036
1 62713 40154
1 179648 179487
1 117047 141894
1 82657 176927
1 36170 47656
1 27927 98837
1 177244 108848
1 198669 93333
1 60832 146292
1 26121 28448
1 172233 108879
1 145929 55199
1 119429 53177
1 22623 175907
1 148351 66727
1 90378 101660
1 155028 119206
1 111383 66455
1 42389 127603
1 6647 133436
1 60285 94686
1 96416 119304
1 128628 41247
1 49641 84871
1 88388 28727
1 60065 163797
1 98202 140811
1 157872 157910
1 58625 29501
1 73649 171699
1 103386 165452
1 76623 151830
1 179679 147886
1 22751 29353
1 1689 164396
1 80957 90443
1 188767 100222
1 198761 194963
1 11601 29927
1 61988 183240
1 103636 137746
1 45767 70305
1 161679 76590
1 81187 194809
1 195174 72839
1 191327 189590
1 71030 193190
1 55630 130332
1 3858 88491
1 143952 45836
1 145660 134440
1 192875 123329
1 131558 149376
1 53162 178861
1 78826 106048
1 63925 196560
1 186759 36798
1 72625 88698
1 51742 50033
1 186075 155714
1 156333 140880
1 37856 172294
1 54027 125805
1 90367 55716
1 164900 135507
1 168418 36601
1 140022 23583
1 102457 176985
1 51275 187101
1 167257 63951
1 44728 157603
1 14164 190679
1 191703 89010
1 39833 191193
1 20545 78987
1 21390 10919
1 59406 63374
1 191980 153081
1 15377 172954
1 144667 79399
1 147598 152865
1 94862 144872
1 46654 182026
1 70688 25610
1 83526 57740
1 27952 19377
1 75763 125704
1 92602 16148
1 38586 107238
1 64119 195702
1 125102 137972
1 164534 71521
1 126017 183675
1 143292 34280
1 173503 61284
1 194201 10141
1 114312 10954
1 164363 93585
1 165774 54368
1 87640 75211
1 95055 71109
1 111014 43531
1 85651 176293
1 11678 51137
1 4073 5203
1 69698 100872
1 64221 52708
1 2059 72360
1 30974 60559
1 120518 114763
1 34318 144899
1 123377 75454
1 50186 170440
1 52945 3435
1 64348 114841
1 55767 21973
1 121565 166209
1 156724 36629
1 10512 160756
1 193720 125012
1 170011 74288
1 36466 147145
1 45576 126036
1 90563 177331
1 59836 79937
1 43205 65881
1 48246 61295
1 7195 43394
1 124556 53522
1 69977 10223
1 126625 98798
1 42391 127264
1 114089 189558
1 137872 35591
1 94241 114348
1 184641 110662
1 195146 176181
1 18239 120303
1 188197 145148
1 20888 45692
1 191860 133897
1 175086 120844
1 56367 129313
1 164240 53856
1 167877 75552
1 41306 122966
1 149525 161109
1 180303 190244
1 152492 169695
1 165300 115480
1 139840 3973
1 174832 167759
1 3116 58587
1 11298 198451
1 3246 141714
1 73154 175353
1 146014 110943
1 163707 76762
1 161713 196496
1 160647 127441
1 46574 11627
1 189389 30870
1 33263 1289
1 58359 56985
1 1244 192241
1 178200 108673
1 1955 113080
1 147901 31142
1 107002 3545
1 151442 11469
1 55833 83216
1 170039 54435
1 155442 93052
1 33059 105660
1 49396 83701
1 115065 180429
1 49919 18794
1 45992 141223
1 117801 49407
1 80456 57078
1 108465 110310
1 69683 71098
1 78467 183612
1 112417 164165
1 116268 100711
1 31239 20020
1 147999 145773
1 46385 135922
1 46760 71895
1 148830 49770
1 109423 67782
1 63452 151756
1 29296 47061
1 35173 186563
1 28537 68849
1 94777 30773
1 131941 177781
1 74813 102139
1 38167 167114
1 92691 63522
1 195770 169341
1 74170 190242
1 114487 117922
1 12135 98270
1 154039 63912
1 5605 123356
1 54235 157885
1 59114 78981
1 127033 186405
1 25147 416
1 188952 27734
1 91843 192140
1 83822 116183
1 150638 180028
1 153561 177880
1 124491 118518
1 87708 57236
1 77730 78541
1 40859 197669
1 2130 49758
1 187737 154408
1 152175 128841
1 41264 191698
1 193819 152050
1 40209 84049
1 97187 62648
1 11134 10279
1 46172 190324
1 104581 156291
1 69119 91700
1 194879 56608
1 69121 52601
1 75785 25571
1 130615 79918
1 175809 39537
1 157225 142763
1 151300 94542
1 107764 89323
1 147046 16251
1 73765 172937
1 81202 169937
1 164244 160257
1 57827 67354
1 16510 31012
1 56610 58097
1 63527 118108
1 23554 36250
1 47790 135970
1 137850 56099
1 174513 136509
1 146594 38779
1 16612 115133
1 78769 142098
1 156205 102008
1 39028 188274
1 172674 63619
1 59794 107870
1 182406 34484
1 173054 184425
1 98977 33430
1 58173 145369
1 198686 61740
1 162586 95100
1 184521 140587
1 97639 150282
1 121225 159154
1 128950 117373
1 163451 59852
1 98071 14317
1 78737 141673
1 9876 33583
1 186538 59672
1 23274 93999
1 73010 131016
1 70089 157196
1 92027 189696
1 7374 102580
1 196189 85788
1 128383 32768
1 49227 149770
1 84296 101650
1 180022 140229
1 196469 6510
1 128743 137488
1 145008 186390
1 157336 27766
1 172988 11112
1 21651 134080
1 173489 152380
1 74766 54839
1 196346 10297
1 64326 90139
1 111884 116217
1 14106 16484
1 33833 146910
1 95083 58040
1 37269 46835
1 31601 190445
1 89174 46790
1 197855 120321
1 11058 68549
1 20283 101270
1 135653 15895
1 58807 174514
1 195937 162046
1 52885 49783
1 9290 195882
1 135673 197855
1 112241 45600
1 145744 155579
1 171343 136076
1 178017 99309
1 12037 188323
1 6449 40611
1 5523 184510
1 70940 58838
1 86870 114
1 65457 196803
1 35847 52724
1 70222 10280
1 72432 20459
1 136316 37505
1 58737 53463
1 105677 180548
1 166131 37538
1 145844 198171
1 15914 79940
1 173157 46561
1 133265 28060
1 36654 184607
1 135586 29709
1 172116 131528
1 39572 149334
1 88562 162995
1 25305 9589
1 1102 134744
1 78807 185534
1 38077 84365
1 76070 183606
1 72249 178945
1 74634 33590
1 6272 68922
1 32370 62397
1 72880 100939
1 193393 47382
1 113952 156121
1 151868 1963
1 15617 28943
1 54948 78952
1 135286 80031
1 91669 101012
1 56305 193275
1 164814 139692
1 37903 140051
1 39907 30017
1 50165 61008
1 87984 73748
1 72235 60881
1 72735 105712
1 197625 15461
1 179421 133575
1 195776 60937
1 97241 10193
1 99099 175907
1 116286 84321
1 66102 190847
1 170929 16520
1 26862 96904
1 72973 9391
1 20778 94090
1 170270 19120
1 43194 98919
1 138140 135989
1 8110 30999
1 138473 58324
1 104632 183781
1 36941 127401
1 101445 23910
1 64176 108469
1 124056 30459
1 21209 49015
1 17577 149194
1 48294 104970
1 171326 139897
1 162892 129790
1 172295 20332
1 100560 76985
1 188478 27391
1 166405 108944
1 174911 75782
1 128519 5601
1 75174 89668
1 150457 147892
1 185447 142185
1 50683 82066
1 83122 156177
1 67566 19877
1 32520 103994
1 16492 27280
1 191063 126404
1 104514 21777
1 62429 144047
1 136561 128022
1 151099 80464
1 155172 53341
1 119385 6740
1 146675 30479
1 20346 196154
1 90904 86494
1 72735 2954
1 170096 2333
1 135137 181787
1 130741 75360
1 27593 143877
1 41723 159061
1 108723 128611
1 68200 116577
1 174948 22540
1 49848 187966
1 186153 179346
1 150129 84500
1 21617 178555
1 17315 71895
1 51564 115646
1 63843 151073
1 32868 27329
1 45704 107792
1 123867 22418
1 151462 109538
1 121126 186148
1 129034 29326
1 13642 140171
1 38583 88933
1 27925 191482
1 80287 53994
1 79551 95996
1 183844 4270
1 23617 97584
1 57232 51632
1 116276 152266
1 118482 111796
1 184686 31878
1 5563 31842
1 182362 137710
1 132217 36834
1 115543 166351
1 176851 5877
1 70547 100471
1 159588 86101
1 196775 129075
1 83164 3473
1 50101 196999
1 156084 126754
1 158976 104430
1 101361 91795
1 112011 130580
1 62493 69072
1 94966 58257
1 154177 90636
1 165909 132647
1 118629 184024
1 187283 132222
1 29580 101249
1 58310 119838
1 110826 111914
1 146130 5805
1 24360 15531
1 152451 124779
1 196827 12521
1 4710 146860
1 162304 35830
1 29545 127765
1 4155 32812
1 28019 120281
1 143825 175813
1 9157 57972
1 30500 12605
1 122834 151656
1 20846 144234
1 161051 135863
1 199296 85851
1 91343 129890
1 129211 150832
1 51490 137056
1 162767 68602
1 181612 110945
1 11059 37331
1 51716 52293
1 14886 24704
1 101021 7191
1 95333 174149
1 3489 169806
1 15404 186888
1 71308 11270
1 144944 128553
1 78347 136892
1 164637 19744
1 198613 164360
1 91533 16729
1 32585 172062
1 39369 113485
1 80969 129479
1 74372 152546
1 156374 157019
1 152340 33412
1 152301 145411
1 165363 10180
1 56097 183406
1 109622 124785
1 142585 31953
1 72716 196213
1 52941 73635
1 12410 74610
1 181340 129432
1 10581 192285
1 148144 115484
1 81537 159130
1 105909 110228
1 167209 157401
1 123606 54033
1 151742 185777
1 11738 52757
1 88308 83835
1 12157 35913
1 186809 123248
1 119314 111743
1 103992 10694
1 104409 59173
1 114959 140808
1 13340 153033
1 163661 177844
1 169360 97364
1 70382 174426
1 162985 170624
1 141338 78642
1 179388 136477
1 149404 133502
1 61404 105028
1 74143 102817
1 140590 162266
1 151663 4222
1 27023 52616
1 19886 117781
1 164968 4921
1 95316 77658
1 160590 33493
1 42923 129431
1 30048 157756
1 90890 132036
1 37724 68421
1 133329 139237
1 163393 76216
1 164325 134499
1 163435 197898
1 126830 155246
1 18475 91032
1 171598 35794
1 121062 119078
1 25444 67865
1 168497 84057
1 113280 132577
1 94697 9010
1 149160 106685
1 182872 53005
1 167435 30224
1 123270 120090
1 95684 7720
1 86876 72922
1 92819 27417
1 25728 152541
1 23959 153563
1 101485 5882
1 118991 114533
1 134673 101135
1 183890 144394
1 144172 9787
1 53453 65619
1 49638 181209
1 123004 116254
1 2096 151743
1 123754 184119
1 138655 57910
1 142957 178613
1 51590 48571
1 31196 82839
1 83794 58166
1 51539 117727
1 109290 37881
1 85866 13166
1 191943 182781
1 108530 29600
1 103569 102872
1 161393 143851
1 39804 15618
1 95454 56435
1 28193 167305
1 22751 107632
1 130976 191442
1 167746 1603
1 107573 172178
1 124729 23509
1 64346 56013
1 171098 22770
1 59740 91021
1 51863 11749
1 95681 52838
1 10682 52756
1 94233 125992
1 93221 47966
1 122275 179429
1 61064 162547
1 20067 130021
1 63458 149299
1 105024 62502
1 154491 101131
1 20899 166425
1 67106 86604
1 191118 165913
1 115300 116365
1 168251 185326
1 166798 147522
1 154806 149506
1 129252 102558
1 90299 146851
1 112800 169702
1 198483 164473
1 86384 188694
1 31532 164681
1 98410 54713
1 121848 64426
1 96018 9220
1 156488 144902
1 160079 186803
1 44456 189716
1 361 145575
1 125693 127764
1 149638 188286
1 144734 65419
1 19238 141108
1 95216 107840
1 58716 59898
1 25669 145976
1 140431 73493
1 132086 77870
1 110705 95161
1 34623 43349
1 192190 138022
1 13594 8978
1 11447 35586
1 109216 141492
1 90592 10936
1 170972 99958
1 62584 120144
1 79857 19639
1 56633 126096
1 73391 195513
1 76944 134610
1 62064 280
1 122269 115303
1 169720 136076
1 171757 162731
1 34509 188897
1 170230 127081
1 126099 120564
1 112148 151474
1 76844 176050
1 59523 139704
1 39248 185037
1 32924 145905
1 12392 131776
1 182164 23209
1 101424 145156
1 67763 47975
1 148172 63954
1 30481 64516
1 12778 86170
1 171735 53384
1 37914 62980
1 13235 64518
1 51947 71078
1 29788 4602
1 27654 10758
1 82568 49952
1 19599 145873
1 35818 161367
1 125754 153436
1 198385 100663
1 14315 100954
1 191358 114608
1 20050 100318
1 161829 145380
1 64133 197906
1 76326 13639
1 84127 47031
1 198061 88756
1 69144 91870
1 160072 42770
1 170662 71336
1 135719 41575
1 64915 156666
1 103898 22972
1 135391 44420
1 195910 10035
1 163673 185331
1 35881 159589
1 127481 125491
1 72271 188096
1 134528 92970
1 56340 32288
1 109203 73202
1 162204 55339
1 198356 47766
1 107920 93042
1 124290 11343
1 25178 179142
1 124243 139008
1 15907 17752
1 41040 155503
1 34508 177492
1 142705 63046
1 177451 132799
1 53177 6475
1 59784 166799
1 13780 24987
1 194071 66891
1 163630 162476
1 112759 42852
1 59478 10692
1 14571 133075
1 171668 105524
1 108888 106868
1 189768 35226
1 184191 105889
1 155460 94103
1 56955 50195
1 193963 190989
1 169534 155317
1 97163 21660
1 115208 83530
1 45751 99037
1 139881 127489
1 167465 192159
1 107640 125270
1 119255 59105
1 124947 93804
1 57748 140496
1 129304 77033
1 65449 169026
1 84580 8145
1 114227 73842
1 48843 63270
1 196480 76350
1 167192 139263
1 34598 142239
1 178823 98024
1 63203 131304
1 9216 93625
1 85691 38273
1 81941 7034
1 29390 59428
1 141502 45238
1 48696 63192
1 74963 98461
1 107054 101806
1 185291 123168
1 66582 188601
1 48564 23431
1 60647 173458
1 163698 145750
1 130434 64780
1 89916 118561
1 111824 160563
1 33236 66668
1 115292 11083
1 155783 3782
1 58931 33159
1 22821 118183
1 49210 20999
1 119617 156745
1 152463 135063
1 196459 25924
1 136932 119396
1 58413 88558
1 110040 177409
1 51780 64497
1 85591 41434
1 134689 146413
1 169140 130039
1 160671 173008
1 154949 44341
1 154054 116596
1 196734 67840
1 54528 187897
1 17233 70996
1 82778 58404
1 11397 121140
1 9470 19895
1 123349 22891
1 162607 138961
1 114252 101187
1 88006 132680
1 135390 163139
1 97004 837
1 109897 63981
1 72471 127711
1 73197 17910
1 183433 167035
1 7144 161160
1 86918 25956
1 87670 194102
1 186965 65318
1 90503 58623
1 82618 68656
1 132130 196934
1 178162 165098
1 2298 145807
1 70447 67476
1 27342 54717
1 176086 186464
1 144710 9547
1 151222 99857
1 101004 51144
1 25098 58004
1 139368 128919
1 199281 67806
1 142431 36198
1 163948 140936
1 21262 1582
1 20504 119592
1 120450 114092
1 162990 106608
1 169882 54494
1 169913 172107
1 13600 191361
1 148630 186614
1 81252 181705
1 58866 48028
1 153050 122081
1 33087 132278
1 56566 195301
1 28343 158305
1 4615 137116
1 100565 147841
1 189072 138874
1 10000 125526
1 92077 63830
1 177243 115228
1 71973 3945
1 112154 36456
1 96459 54599
1 151974 91712
1 185882 8033
1 49348 114554
1 32208 88186
1 170273 16601
1 193675 73641
1 163281 82917
1 194531 45392
1 121865 160329
1 151367 4891
1 46170 15218
1 15131 88188
1 17008 135205
1 25553 171494
1 91467 85472
1 85511 193415
1 157372 136885
1 76320 75401
1 113891 121251
1 87333 152395
1 103720 39798
1 71646 180573
1 32823 116768
1 168813 127354
1 122496 66713
1 8107 52617
1 54638 102196
1 166917 11158
1 81254 95619
1 64345 22349
1 57028 53357
1 106124 25400
1 29778 123853
1 99503 156346
1 147657 61581
1 43986 97996
1 149707 163331
1 130024 168247
1 112033 154636
1 43676 128081
1 86641 64104
1 84018 164924
1 31875 190293
1 145698 124508
1 14645 4206
1 77618 153432
1 154428 134086
1 163859 172372
1 18910 77376
1 115069 180012
1 92844 69746
1 19534 91893
1 53956 168059
1 31 196144
1 66182 147297
1 74856 69262
1 42262 73966
1 79446 105323
1 115602 135884
1 97259 120261
1 78741 25823
1 131478 179261
1 157741 14179
1 198739 152657
1 34393 136583
1 4164 154647
1 173701 185545
1 78225 157821
1 180297 138707
1 177853 67711
1 24159 127061
1 70410 137130
1 162021 41635
1 55631 76687
1 85779 74833
1 55383 203
1 102846 69581
1 4028 101237
1 63181 30845
1 133060 117288
1 34618 137433
1 17916 75507
1 193804 181515
1 138195 6045
1 5075 35589
1 51129 91998
1 18981 154274
1 62457 164506
1 86871 47872
1 86163 21729
1 109502 156637
1 135006 196324
1 194984 173553
1 4572 164920
1 184085 6859
1 116447 52881
1 47803 125487
1 9372 157815
1 108601 97903
1 118989 176653
1 101082 37320
1 167948 82691
1 7566 131071
1 183277 115481
1 3492 166076
1 105436 122518
1 81675 43303
1 172792 59401
1 36490 107521
1 29167 38910
1 179517 155397
1 154843 62467
1 111762 62656
1 112924 154205
1 96323 124781
1 147382 40133
1 113046 133204
1 194605 150248
1 86930 37221
1 179935 124446
1 93316 164944
1 160865 173545
1 144241 17063
1 197918 31089
1 3293 121528
1 124396 100415
1 118781 77156
1 189232 106936
1 123960 172612
1 157300 34075
1 155236 73469
1 75462 146301
1 120190 89442
1 99220 106435
1 180587 199563
1 81798 106016
1 160942 62067
1 17883 115665
1 134058 146838
1 64775 172886
1 98009 191499
1 185292 80242
1 152524 13215
1 163799 132390
1 114917 182771
1 114077 82986
1 41554 91736
1 32950 83052
1 68620 185961
1 68730 135884
1 52879 143657
1 197914 189464
1 33051 61597
1 26561 148229
1 84908 82603
1 32363 154478
1 56566 132980
1 57221 172304
1 104803 31022
1 94343 65286
1 13073 71686
1 159182 161281
1 102342 166389
1 17469 97675
1 124022 187617
1 189013 58557
1 166328 72823
1 106451 21182
1 91844 143558
1 177483 59646
1 137968 175966
1 28291 171634
1 147499 21162
1 110929 42834
1 176123 108682
1 173880 136592
1 34099 126644
1 36671 30426
1 151928 149005
1 130259 91090
1 39029 194115
1 38688 143437
1 179612 187758
1 110954 128138
1 15070 39335
1 47217 164084
1 9261 30376
1 144326 61850
1 29874 66405
1 62759 5997
1 46793 105450
1 110498 69947
1 112900 145206
1 191593 131563
1 126816 26583
1 59441 45177
1 85505 38086
1 33744 39859
1 22515 20869
1 93462 190195
1 96804 182391
1 60076 54879
1 124509 28608
1 105772 29278
1 126017 130270
1 175360 163676
1 144008 170438
1 109566 54785
1 97725 123714
1 131459 82989
1 64885 10763
1 176974 65208
1 84625 37154
1 24863 11304
1 150135 2356
1 104592 73267
1 96269 125934
1 83123 88118
1 54070 163166
1 191149 46070
1 186129 179211
1 15699 188950
1 137263 183447
1 148867 46424
1 112020 167826
1 75077 5528
1 90992 26977
1 140450 154950
1 53343 132688
1 187652 1700
1 27550 120372
1 198223 144448
1 98640 62277
1 164351 19570
1 103218 54202
1 196930 173401
1 191194 174311
1 184664 95506
1 50933 59539
1 74858 17081
1 172417 178270
1 64423 7780
1 25993 10642
1 146406 23517
1 174177 126983
1 184311 179295
1 90274 121980
1 138379 78803
1 163238 95283
1 63430 60684
1 4166 193613
1 76771 101056
1 177939 159335
1 171272 70601
1 58707 143605
1 92777 163164
1 162558 175260
1 186978 108169
1 199480 2901
1 143248 198643
1 133712 186175
1 71345 151568
1 158521 187076
1 76796 64612
1 197319 55408
1 192386 172794
1 180461 3662
1 133766 112931
1 24246 86341
1 95322 93555
1 186497 183922
1 78843 63097
1 40513 16902
1 129646 97022
1 60021 156258
1 121051 144833
1 181028 56625
1 194921 172464
1 127004 1669
1 177307 154858
1 184171 106357
1 31979 103412
1 134302 152054
1 4773 15546
1 167801 115960
1 96326 74696
1 93431 137732
1 84949 110727
1 78788 143699
1 107841 33404
1 94071 68273
1 85180 141054
1 90389 7251
1 117783 176440
1 133122 1270
1 186015 193951
1 37194 82041
1 50679 158132
1 161232 92092
1 46519 40061
1 11989 166969
1 50052 29951
1 106477 167714
1 34481 179008
1 104125 60412
1 14421 9147
1 145784 97403
1 177069 21924
1 116826 55776
1 36020 127134
1 130021 62671
1 43712 172153
1 40603 111220
1 25440 136752
1 169980 80088
1 97332 135907
1 28930 18239
1 196045 44690
1 169626 9924
1 65798 9946
1 54372 163640
1 116193 176563
1 105774 54520
1 5541 17769
1 74348 132813
1 139127 4762
1 172219 48009
1 167735 187953
1 37847 169759
1 65758 32354
1 6235 79874
1 74133 198373
1 97592 177154
1 192280 130103
1 134263 6435
1 130188 185486
1 146483 138495
1 2589 112796
1 24018 160094
1 58844 91590
1 120195 114836
1 28952 135718
1 12733 131034
1 64699 111679
1 191542 154608
1 175719 174592
1 167778 115251
1 98321 124283
1 140398 110266
1 145886 186407
1 34236 144950
1 89660 186836
1 117537 175178
1 194754 192749
1 52635 116455
1 93835 66227
1 115863 53676
1 176976 187192
1 78179 143997
1 59972 56475
1 107184 187298
1 50293 61315
1 14284 135074
1 67169 54429
1 199390 70816
1 129237 61658
1 143073 151925
1 129485 98083
1 171621 21839
1 38791 87007
1 39043 78346
1 114217 59624
1 199456 47565
1 123286 18762
1 46309 84327
1 72907 102716
1 45949 177130
1 703 144162
1 51664 18311
1 11003 193347
1 63294 56747
1 77559 158919
1 63582 172121
1 173815 60981
1 33912 159881
1 173925 62250
1 114944 124608
1 86126 171677
1 180502 161584
1 135650 187410
1 81275 50706
1 87303 153564
1 7893 47938
1 166462 76247
1 166245 48091
1 21593 44453
1 197255 134611
1 139580 49448
1 50282 100313
1 128882 143616
1 136722 43117
1 160082 93830
1 147276 185599
1 61395 190537
1 63920 57740
1 57324 92552
1 19932 51381
1 120752 52721
1 153967 56289
1 119593 11544
1 97412 110421
1 156851 161850
1 12144 145361
1 15770 25395
1 16127 365
1 91703 106173
1 29611 82229
1 89288 10859
1 83805 142274
1 147983 85477
1 141991 26073
1 72621 54822
1 87681 75657
1 120703 82804
1 105604 6911
1 12408 141214
1 123429 158445
1 103359 11963
1 115955 163164
1 29387 84385
1 22419 30926
1 150974 45604
1 75258 192920
1 159871 79376
1 64875 173438
1 95194 151914
1 23987 19856
1 33436 188899
1 93154 32452
1 66539 162012
1 85004 22293
1 11811 181089
1 124416 156444
1 157367 117664
1 164806 112876
1 59399 104426
1 115359 171891
1 143613 142508
1 4408 137358
1 189485 159663
1 135856 11693
1 1005 168141
1 13004 744
1 77810 21686
1 33527 44384
1 55724 53411
1 141503 150938
1 52963 101913
1 62540 156824
1 79443 42081
1 24675 152826
1 116228 101062
1 168475 94740
1 73326 158159
1 139806 33104
1 186764 91902
1 98083 183494
1 134719 120841
1 199657 133017
1 27429 161752
1 40696 118357
1 59706 90623
1 28500 158343
1 166063 189245
1 12866 178780
1 18121 120693
1 145152 44221
1 162364 6764
1 182078 168810
1 9160 86147
1 48674 40021
1 87571 100854
1 116923 9665
1 119880 77845
1 141188 143708
1 2864 98817
1 149980 26393
1 66190 193065
1 167173 162450
1 26048 93319
1 121435 138269
1 22483 187734
1 15573 4013
1 51430 149909
1 18881 66987
1 65156 118785
1 59708 191061
1 54907 44559
1 18929 131095
1 92481 100200
1 96915 57512
1 121096 134889
1 11741 84070
1 50655 3481
1 86664 172469
1 45388 118637
1 192653 76309
1 184808 123834
1 170460 120963
1 109051 62137
1 176925 153106
1 17112 107841
1 56614 107785
1 125307 158784
1 164093 29631
1 36449 10555
1 4495 48117
1 32423 147655
1 36145 83252
1 141094 41671
1 87958 165159
1 51021 81000
1 75920 55355
1 74049 7834
1 25291 1653
1 91762 18704
1 82824 29076
1 105342 37755
1 169238 188520
1 88459 127171
1 12118 148465
1 181344 187206
1 41456 3771
1 27332 181972
1 146833 199033
1 15001 194859
1 88551 178273
1 126139 44528
1 100894 36808
1 96149 26478
1 165404 39614
1 174851 105490
1 38970 86955
1 95342 26278
1 141254 197354
1 30116 6670
1 28214 170854
1 157878 13761
1 192942 143475
1 129943 92681
1 30836 108015
1 65778 16124
1 113266 29018
1 7180 126524
1 21357 98098
1 167324 124205
1 28165 164883
1 173415 82743
1 43757 166670
1 122015 39484
1 107884 129672
1 166844 59226
1 124179 89237
1 50076 46115
1 7552 175636
1 57753 106459
1 70356 103502
1 60329 77300
1 53809 165898
1 167994 15174
1 118199 186611
1 104334 138257
1 180991 45614
1 192596 33334
1 68439 111541
1 45065 88819
1 183680 33401
1 144461 24735
1 117414 26102
1 28105 99494
1 87391 39639
1 85249 87173
1 124327 127692
1 6197 191305
1 83930 154090
1 129341 74244
1 46706 97731
1 111652 2000
1 151425 66886
1 66180 29640
1 57458 144345
1 40356 106820
1 197372 43829
1 174031 14804
1 176615 94017
1 101557 64000
1 199300 13299
1 32071 70526
1 80870 171491
1 87566 191796
1 64678 2161
1 89739 132015
1 89622 281
1 70165 162339
1 37381 2771
1 61807 166821
1 28340 119089
1 169 106535
1 155670 5876
1 140025 36851
1 107214 9839
1 2969 126762
1 52196 22368
1 89891 109629
1 75209 189642
1 185452 1004
1 107853 128151
1 116126 115839
1 199581 14637
1 31769 117506
1 69441 102094
1 29388 94469
1 25878 119989
1 43470 81299
1 176072 63471
1 139139 150898
1 15699 169847
1 135980 132828
1 25338 55958
1 97934 22331
1 8 93818
1 12935 55979
1 163846 37524
1 90029 139563
1 87102 119927
1 151657 90853
1 148590 75950
1 186835 78560
1 47119 55774
1 159374 89090
1 67912 67165
1 39973 91850
1 163565 133522
1 66983 9933
1 123901 50766
1 84480 100529
1 164763 113833
1 168920 130599
1 115659 143329
1 21297 14445
1 147376 17072
1 48252 132419
1 50756 70956
1 90748 167853
1 1177 73443
1 175262 117354
1 119055 181175
1 48600 3507
1 121749 131895
1 33984 145591
1 57892 37951
1 63087 89876
1 2617 63826
1 91671 9369
1 55698 27125
1 193377 118203
1 169260 134927
1 91146 151382
1 199035 139518
1 196032 53861
1 8874 49788
1 183864 136580
1 183252 85811
1 93907 21989
1 133187 59806
1 183409 170832
1 54632 154401
1 162645 42591
1 161563 158762
1 162618 79673
1 194132 192969
1 114677 66446
1 134826 179980
1 60172 189140
1 89675 49502
1 177622 43072
1 65339 52962
1 86099 33160
1 187857 113931
1 32782 63319
1 29935 124351
1 178034 122513
1 78081 198765
1 88105 43336
1 99769 171691
1 94267 75263
1 162633 94163
1 162725 90782
1 26338 7007
1 8697 96630
1 33003 152388
1 9142 146550
1 57028 174860
1 130856 126509
1 119292 123191
1 100994 21506
1 9233 144275
1 17721 146482
1 186151 176218
1 107875 158857
1 96907 183244
1 140561 142306
1 190569 11981
1 69226 2275
1 199115 37697
1 6153 67956
1 151892 20134
1 137561 70975
1 106301 70450
1 164142 131437
1 134222 153390
1 166886 169439
1 187616 134481
1 153600 106154
1 111250 27872
1 68348 151960
1 16265 142789
1 114421 40668
1 35692 196783
1 127547 157652
1 38430 6377
1 75893 134213
1 104254 55038
1 192629 32978
1 133789 17549
1 39965 161662
1 50367 69352
1 184434 83108
1 17365 25649
1 99902 192115
1 11129 86200
1 156203 195694
1 138794 153615
1 130206 111011
1 181833 123503
1 130001 87211
1 54548 119184
1 194548 162403
1 160609 197059
1 53957 189033
1 96542 17427
1 189037 56281
1 121031 105117
1 118558 99721
1 159784 77100
1 99372 28355
1 154389 141721
1 59881 24578
1 119271 141537
1 5892 170672
1 32313 39943
1 674 45342
1 145635 25389
1 132414 1284
1 159349 92078
1 86334 126138
1 13622 32895
1 34391 52662
1 122910 60421
1 162915 164296
1 166225 91641
1 63105 55187
1 48222 183547
1 173932 12686
1 30776 186547
1 141791 184507
1 101876 96751
1 116840 46694
1 139331 139576
1 18315 183009
1 121265 169846
1 97882 25662
1 74974 97222
1 184530 167949
1 170171 140249
1 101433 161751
1 82696 86800
1 177717 6363
1 93260 80662
1 34862 156168
1 18837 132926
1 24168 165755
1 89842 21405
1 166043 194235
1 98798 30825
1 102612 127090
1 88654 112019
1 142096 99885
1 35214 73250
1 196567 191061
1 43159 113425
1 165014 69487
1 193156 175850
1 73728 111955
1 85463 171491
1 138215 106153
1 199286 59001
1 127766 192938
1 180459 61451
1 43121 160020
1 107738 172921
1 117584 116910
1 65989 54078
1 25689 138814
1 90301 33994
1 88860 121672
1 15146 97251
1 140788 51336
1 71679 37502
1 179803 8370
1 92470 131801
1 104717 197609
1 144595 95900
1 142049 78526
1 4310 151088
1 44388 28523
1 7681 163295
1 76472 161423
1 32459 174637
1 149932 185962
1 63397 4534
1 104795 167516
1 77484 27145
1 188682 144090
1 3951 112196
1 10429 178610
1 129955 51825
1 17690 188544
1 19427 80032
1 66498 170032
1 8172 141573
1 55404 194806
1 198873 102996
1 138114 83275
1 154203 49562
1 64961 125738
1 146108 77279
1 56076 29514
1 121045 32698
1 48912 106525
1 175245 10549
1 144927 38601
1 108884 44129
1 140294 177190
1 117279 196155
1 688 71352
1 71717 25665
1 73343 198958
1 8410 142158
1 133673 89435
1 157036 71229
1 103376 189236
1 80763 11900
1 109221 127626
1 158364 38767
1 7615 141000
1 165393 91080
1 11127 172912
1 190274 740
1 125959 18898
1 165887 175144
1 147875 76110
1 144825 173468
1 87255 194379
1 151998 19207
1 55394 9079
1 119285 172941
1 70994 118144
1 77402 41349
1 8544 172371
1 66939 31071
1 105422 16853
1 134578 34997
1 155711 76447
1 56484 165871
1 109847 105021
1 79419 45148
1 39444 100073
1 49312 41614
1 163755 170309
1 83196 196215
1 196263 49751
1 175407 196354
1 86654 175176
1 82769 184691
1 181557 17759
1 182120 61698
1 73910 115322
1 154922 92532
1 90479 1997
1 76916 191804
1 68653 91935
1 179594 53841
1 149370 112323
1 90065 198864
1 36404 189459
1 84683 21396
1 81967 173106
1 95890 100692
1 27788 11907
1 159127 81853
1 177498 97444
1 82012 35600
1 60525 54192
1 137583 1342
1 119357 108916
1 13096 107138
1 11970 11504
1 32870 104574
1 15629 184402
1 57478 12057
1 192553 161198
1 57572 188952
1 26162 66625
1 188502 32636
1 73589 66664
1 108197 101787
1 107977 148379
1 146958 91458
1 19629 49966
1 10554 45130
1 186019 61130
1 133945 18617
1 44813 188840
1 66693 38492
1 100358 163599
1 161973 105378
1 18882 161998
1 77951 105403
1 38889 144765
1 195442 146417
1 150000 27952
1 22899 157958
1 169273 2172
1 175864 134351
1 20142 153390
1 169923 80913
1 154969 64968
1 180191 157338
1 28230 25726
1 155104 65697
1 169435 147505
1 81751 87841
1 118711 42027
1 90324 182963
1 121803 44892
1 144224 119979
1 124469 46675
1 130553 36341
1 126883 119550
1 142672 192367
1 173734 139494
1 67777 163017
1 33237 136166
1 155986 48668
1 173477 102764
1 12015 54663
1 121223 82546
1 89507 114704
1 88961 97597
1 143386 125242
1 148944 15318
1 194070 168227
1 188349 186632
1 4143 158240
1 93630 107611
1 40911 89243
1 184783 1039
1 129134 152364
1 178513 109660
1 129802 55863
1 29155 192104
1 198441 152582
1 35647 91208
1 124115 135527
1 159575 118012
1 199179 119175
1 145584 86117
1 106893 87888
1 139327 126089
1 6029 40256
1 100674 18377
1 147949 76874
1 199648 85921
1 165888 86770
1 14788 68577
1 126974 31331
1 41079 157931
1 63240 46676
1 95165 159341
1 20893 108316
1 185266 51551
1 181341 111699
1 32612 40959
1 14397 17578
1 191219 55308
1 32650 39499
1 110055 67969
1 2082 12212
1 163922 121876
1 179120 3985
1 83047 91246
1 126823 175385
1 133401 39404
1 18306 166187
1 161592 135511
1 170747 76521
1 18248 54047
1 30793 97813
1 148963 123742
1 69661 30825
1 72850 54410
1 33055 43324
1 66662 36859
1 90662 57170
1 166172 113696
1 83318 63043
1 170481 100156
1 100734 96657
1 123778 170597
1 54608 45699
1 35368 88702
1 142627 168454
1 78995 197172
1 2566 22277
1 193254 12344
1 195815 118214
1 148370 49275
1 36932 124360
1 77366 56751
1 8496 143323
1 107766 149884
1 63242 192960
1 150234 151873
1 32504 159361
1 141801 58380
1 166570 172946
1 83398 142236
1 32973 162153
1 100107 39702
1 66510 87579
1 128740 36869
1 146577 168440
1 74350 116183
1 190897 39913
1 98384 30101
1 14457 7431
1 108376 20193
1 98659 58494
1 161306 66485
1 35472 53027
1 190726 37978
1 39624 8082
1 84297 131175
1 125363 85772
1 88358 8381
1 171607 69328
1 126933 149503
1 40276 169144
1 46939 58454
1 30686 160022
1 64938 47844
1 68345 147023
1 107131 120455
1 122810 91255
1 160362 164754
1 104765 61358
1 126866 101127
1 141217 65019
1 153322 79065
1 85643 195302
1 162014 111328
1 55387 57755
1 123313 96285
1 28968 98301
1 169491 74735
1 55618 116551
1 87934 161109
1 84904 165226
1 109782 46950
1 142535 117602
1 21505 184270
1 21174 148443
1 90948 32779
1 68911 21763
1 104031 54504
1 24335 185520
1 60523 188088
1 12048 46132
1 106033 178326
1 148997 114431
1 67789 155419
1 106262 69685
1 101444 59424
1 96446 190736
1 113634 21558
1 31042 187128
1 17176 60066
1 11764 3680
1 119316 21918
1 198696 17572
1 113250 124749
1 11381 32033
1 84867 102781
1 119087 126228
1 94028 115747
1 147874 44534
1 188993 87570
1 169810 27351
1 138418 146237
1 121970 103289
1 77526 152942
1 85027 196912
1 79013 91782
1 111727 113655
1 190715 101495
1 198789 104789
1 25771 166463
1 71798 60401
1 100704 23847
1 123183 33906
1 53627 178108
1 198969 170843
1 114408 47308
1 178350 165989
1 141954 120547
1 116094 7774
1 109226 140423
1 121890 171586
1 17698 183410
1 68639 116376
1 36592 166479
1 169854 23439
1 176944 131320
1 113737 88024
1 159609 166126
1 166858 48966
1 125684 39704
1 32640 118373
1 159737 12225
1 142562 145304
1 69611 102348
1 161240 77750
1 33110 45625
1 148854 152806
1 170183 88670
1 8891 159610
1 167915 122142
1 155274 20872
1 24171 183342
1 18600 174927
1 178631 5193
1 88182 147657
1 38897 143921
1 143664 165964
1 63788 117416
1 40485 36007
1 174438 58478
1 111673 114938
1 82963 110460
1 130840 85525
1 32394 89473
1 81404 47957
1 111461 165852
1 122083 193019
1 43347 84634
1 53577 82829
1 195393 197682
1 11692 19186
1 124586 116797
1 60032 136841
1 10298 179962
1 199793 107210
1 28842 6914
1 18072 62945
1 18712 168712
1 89152 105542
1 197029 127700
1 180955 17121
1 80724 18561
1 135167 159709
1 162977 176884
1 95333 23499
1 98527 69919
1 123940 147449
1 182805 17461
1 128938 37395
1 56474 42031
1 92732 181242
1 53295 147776
1 185583 184419
1 28829 155029
1 149606 24242
1 198160 3791
1 188494 3927
1 34802 14404
1 9943 177128
1 90252 109364
1 30388 199487
1 137433 111369
1 2966 23255
1 193836 191441
1 19684 123490
1 104132 26303
1 129151 36142
1 69550 82144
1 108084 70392
1 135451 112090
1 110914 113295
1 27841 162218
1 62861 66542
1 124215 194975
1 55779 71123
1 86860 182162
1 179118 40740
1 70504 185959
1 171193 74883
1 36006 60297
1 32040 194031
1 58865 136290
1 184881 83230
1 134302 172569
1 4704 194969
1 177993 13072
1 131851 37592
1 166002 152989
1 79058 51358
1 127386 33352
1 38554 153174
1 37401 88645
1 141834 52911
1 162243 172403
1 135495 54517
1 187260 84821
1 141228 131505
1 101144 120975
1 138380 19139
1 141047 87460
1 193259 62589
1 140703 44527
1 113146 74114
1 194778 122911
1 117651 157663
1 75155 132792
1 146102 168170
1 6060 151622
1 113474 22234
1 43043 14051
1 79990 166565
1 190117 92908
1 32040 86816
1 169265 91904
1 77702 92243
1 126577 46649
1 30221 126172
1 5205 33647
1 161351 136327
1 7602 199978
1 4554 37482
1 22298 65318
1 152685 84422
1 67516 192397
1 137164 158876
1 161918 176624
1 20479 198988
1 15193 81415
1 110486 147189
1 2293 133675
1 139225 79881
1 181189 124752
1 53182 52591
1 24676 68103
1 30186 197598
1 165873 194036
1 151085 117942
1 192744 61580
1 161464 32674
1 85698 42066
1 199201 84653
1 149326 62674
1 131481 69473
1 52881 87710
1 101485 69159
1 139995 66185
1 90939 90138
1 69226 55009
1 49973 35629
1 199363 26609
1 125339 36927
1 27919 26678
1 6581 46908
1 126004 142112
1 86031 13815
1 109877 37709
1 889 40453
1 34571 21313
1 114494 184797
1 59395 115049
1 151140 20718
1 27547 119889
1 49764 181440
1 121176 14308
1 154859 75726
1 38059 93155
1 148754 161378
1 174469 153064
1 10201 40179
1 129846 32155
1 120170 140860
1 146573 64053
1 148939 24797
1 152875 52277
1 127652 174199
1 195434 139936
1 27572 18818
1 77293 109693
1 170318 196146
1 79048 148176
1 167384 122891
1 120659 77078
1 54214 89216
1 55753 6337
1 68819 21075
1 75559 73141
1 59136 83433
1 143298 73027
1 159377 112621
1 177192 66469
1 136453 48487
1 88379 68730
1 88277 25500
1 102346 88067
1 130415 122664
1 194545 25822
1 244 38426
1 159219 162370
1 73776 92177
1 107925 126970
1 19225 7444
1 177150 113702
1 165515 158263
1 174413 78255
1 27841 61291
1 146682 177162
1 105623 61989
1 131184 18417
1 90878 122995
1 134825 199389
1 70465 57627
1 102667 33158
1 12151 113334
1 53635 150110
1 78344 73291
1 3169 135500
1 73700 19887
1 185011 191910
1 155777 11228
1 156005 148081
1 124180 72529
1 7383 96092
1 157203 105194
1 185088 2939
1 137705 31552
1 83459 35649
1 20538 142914
1 156623 23296
1 198808 97428
1 48252 29988
1 169862 143720
1 146276 76013
1 105068 127963
1 124351 44
1 53723 70163
1 111682 185601
1 98050 34902
1 2937 75859
1 107440 90797
1 79779 130321
1 63372 18105
1 114766 1895
1 123475 89429
1 171572 72579
1 97873 129582
1 14549 183882
1 160673 196383
1 112470 105301
1 63337 183249
1 100249 41521
1 197712 75409
1 48285 35030
1 176259 55667
1 83159 121703
1 107496 142054
1 10130 156330
1 196448 192920
1 135364 145225
1 74755 138765
1 123698 28425
1 19480 90171
1 115207 165961
1 34067 75433
1 169135 62782
1 63186 81479
1 111801 136557
1 178458 17232
1 101356 139946
1 74190 14622
1 94954 161871
1 110385 17102
1 112260 72960
1 84381 166037
1 144605 158749
1 168644 143521
1 48258 184456
1 188070 81139
1 193544 79705
1 165906 20540
1 157864 124062
1 140321 7351
1 109783 86104
1 137071 197319
1 189290 4531
1 78173 64593
1 58409 161669
1 118340 129116
1 17649 88841
1 99835 70310
1 54287 24285
1 143692 43529
1 168923 90553
1 119090 77583
1 168530 66034
1 188119 172435
1 155512 2415
1 182604 7321
1 150956 180970
1 183817 64431
1 112460 163114
1 89510 27780
1 93452 137087
1 106841 41608
1 141586 145726
1 37170 73989
1 129364 35391
1 60436 50558
1 159989 48980
1 37814 190342
1 95581 113099
1 90586 104163
1 139799 187559
1 28172 98723
1 105903 145178
1 120222 123070
1 198412 170055
1 38370 52590
1 123979 104374
1 84840 190923
1 43998 193111
1 149497 97066
1 153572 183868
1 106580 179191
1 114505 114065
1 36392 87249
1 2527 23134
1 78674 131878
1 1981 61823
1 110745 178511
1 97305 136418
1 172838 144686
1 99425 142913
1 36872 171079
1 7711 91233
1 147368 121691
1 24205 3084
1 112137 43083
1 75381 49995
1 48964 144044
1 66061 69991
1 124673 143526
1 114450 30113
1 112505 142291
1 77091 61422
1 184362 163285
1 30368 61496
1 53211 150391
1 28804 18641
1 128978 26631
1 91583 151930
1 134995 13171
1 83032 180373
1 124442 61218
1 157377 104870
1 12059 119766
1 133372 116495
1 9785 141375
1 169133 80077
1 26373 172066
1 83649 103918
1 108409 37355
1 146687 107989
1 156916 93519
1 191084 142576
1 20086 3047
1 1956 98743
1 64159 45000
1 137269 170601
1 190500 141927
1 16511 96067
1 93011 133739
1 187467 8705
1 47176 80980
1 152425 143577
1 104623 131468
1 41613 24309
1 41532 179787
1 145643 175600
1 190696 173296
1 152849 17556
1 49773 142622
1 175620 181138
1 60357 32340
1 147679 51137
1 89119 6928
1 82344 177307
1 133154 57894
1 152628 55861
1 173542 21403
1 27069 148479
1 53743 40072
1 81857 106620
1 108844 95148
1 46686 33027
1 114096 125650
1 81067 124790
1 33199 166500
1 137369 27201
1 144445 158990
1 7307 107477
1 7554 124887
1 67699 65510
1 71937 99324
1 197870 119587
1 19722 2638
1 137697 88693
1 152253 86862
1 17236 134139
1 50689 157575
1 60111 77124
1 61188 6187
1 153715 161741
1 72372 190322
1 155803 108476
1 162622 138095
1 158387 164381
1 119686 70515
1 74712 141148
1 74344 46375
1 23537 153859
1 41965 174693
1 36237 112053
1 105104 199575
1 151295 159722
1 199282 76755
1 67190 9068
1 97755 57653
1 18848 41747
1 129076 144190
1 85568 172093
1 120770 152173
1 111950 132113
1 131556 2205
1 146383 157364
1 14862 44574
1 141302 55628
1 93831 183638
1 19514 12341
1 11105 83802
1 169592 89472
1 105337 90248
1 105996 120627
1 23599 38440
1 159850 43518
1 198054 47683
1 183106 143418
1 171903 94978
1 154261 114920
1 24465 39819
1 174097 80360
1 158381 178073
1 90868 156599
1 54864 33499
1 130591 81133
1 192681 176783
1 191290 101943
1 65356 7006
1 101448 53137
1 90102 56122
1 142538 60039
1 171588 143606
1 111513 189933
1 127854 90598
1 170302 76443
1 162056 89144
1 167509 61230
1 129915 127825
1 20771 82940
1 63936 28331
1 103669 106135
1 187357 82542
1 33466 173765
1 163940 48334
1 3042 168318
1 2025 146533
1 4535 174822
1 172164 6673
1 135291 164300
1 47303 183440
1 178435 192674
1 191872 94873
1 192852 63423
1 132337 176317
1 177916 32915
1 128142 49727
1 132467 17257
1 88440 164976
1 58930 84067
1 156473 119247
1 54674 198961
1 127936 199712
1 121065 125650
1 166686 16203
1 177442 49167
1 137793 80248
1 93532 23477
1 110192 25512
1 3077 35667
1 188487 54613
1 189558 81779
1 31795 136974
1 6737 77853
1 130929 119052
1 178137 88841
1 52227 64794
1 24849 38115
1 172787 124132
1 85593 142405
1 20108 83485
1 32389 171312
1 66902 4822
1 38079 78092
1 136081 95324
1 34208 69601
1 5172 165266
1 82569 37846
1 72168 97744
1 148231 152617
1 105279 123451
1 194727 136494
1 115577 41829
1 155990 59020
1 150010 112103
1 184062 134325
1 59269 4861
1 190173 43750
1 63484 162787
1 127718 115615
1 137371 152557
1 93853 2339
1 17138 47531
1 81902 44978
1 127906 176445
1 191246 39558
1 116955 160116
1 177045 23820
1 158549 118698
1 93594 52516
1 67212 7524
1 179088 61595
1 83584 141990
1 56609 180264
1 134316 79189
1 136329 51045
1 163014 87380
1 79285 91407
1 3575 46040
1 194012 75328
1 172700 139470
1 18077 179179
1 10301 140783
1 15578 63897
1 46349 195233
1 39380 140195
1 97186 187088
1 152776 151087
1 18230 5197
1 130249 149807
1 184286 38567
1 152350 66583
1 89545 38792
1 23199 48286
1 179324 149586
1 149771 192696
1 42189 117946
1 63340 61778
1 173597 165284
1 61550 22158
1 191258 76608
1 77500 18496
1 112820 188453
1 123933 8873
1 13791 169836
1 161677 29555
1 65930 166094
1 184223 31341
1 9694 33857
1 185299 190408
1 58233 114064
1 7219 22994
1 197036 94969
1 26868 72241
1 181171 8716
1 8970 175971
1 15604 183745
1 114890 118196
1 9594 3482
1 141895 161217
1 191091 181178
1 129574 76716
1 182631 24452
1 49348 14815
1 54331 78712
1 81802 196357
1 129958 103754
1 136333 136325
1 157362 141828
1 50732 95361
1 156406 30942
1 162148 132688
1 24274 33628
1 17783 25080
1 178348 171943
1 166078 114094
1 64233 158319
1 192267 40913
1 134959 154752
1 102467 116068
1 151129 40676
1 65082 51788
1 177339 60409
1 97040 123146
1 12695 153554
1 73484 120442
1 180704 14802
1 91831 62156
1 169198 158471
1 54394 113025
1 149953 82053
1 61627 82537
1 55483 160324
1 40757 48284
1 77720 170299
1 171606 194102
1 185904 129341
1 109662 179414
1 163951 145299
1 5877 151002
1 78227 98075
1 90444 146132
1 152423 142881
1 108408 110224
1 93310 64700
1 6348 154122
1 186867 14187
1 12789 5674
1 50207 160432
1 986 181699
1 7387 15148
1 143284 114891
1 22967 129531
1 48171 6428
1 48443 53907
1 185331 165866
1 99870 84568
1 166309 32775
1 39619 156098
1 11041 23252
1 102203 182066
1 156643 183178
1 111608 184273
1 36069 18345
1 172750 110315
1 67380 46335
1 7600 62091
1 180182 115420
1 48808 168919
1 42011 73428
1 169751 136814
1 65346 170805
1 103727 69440
1 180046 70986
1 171246 48813
1 75625 127760
1 185949 7906
1 184121 23352
1 133321 163824
1 77697 29918
1 171392 83502
1 73403 191111
1 107854 90576
1 11571 8289
1 10489 88904
1 49061 121078
1 19067 189470
1 149146 49266
1 57727 51403
1 127232 196886
1 6623 146459
1 77449 148668
1 93404 63683
1 66054 96845
1 167069 125119
1 111427 58432
1 140460 108976
1 77477 63445
1 43631 109172
1 186051 42385
1 159395 113351
1 197698 184444
1 32031 194650
1 84724 159448
1 54022 25778
1 3058 186275
1 58509 168707
1 91064 157136
1 31343 67853
1 64384 38849
1 121902 24886
1 72035 195336
1 16012 13673
1 70636 27296
1 145673 180974
1 184382 147238
1 37534 68171
1 52969 72540
1 170106 171610
1 5383 153056
1 67068 157356
1 137500 49129
1 76081 133149
1 167022 28483
1 124175 101880
1 158241 19980
1 35698 167182
1 71639 182062
1 184854 101649
1 170760 80095
1 3541 104759
1 146781 159766
1 41058 158348
1 137874 41871
1 44869 86999
1 46475 162690
1 88025 175217
1 195638 129376
1 46211 102370
1 176355 73742
1 137652 159165
1 149537 179366
1 76898 183421
1 197209 35946
1 93763 52129
1 75823 82123
1 184011 192837
1 74327 64474
1 51238 37186
1 1013 153037
1 154744 184200
1 6201 55222
1 99540 65785
1 123513 96063
1 89787 90825
1 74640 106985
1 171286 196563
1 133750 129734
1 198134 55678
1 80161 62452
1 79627 90576
1 84443 64924
1 146658 32402
1 155812 75882
2 152124
3
